4 0.477292 0.398574 0.105417 0.450578 0.942736
0 0.455979 0.835563 0.047019 0.141335 0.928333
0 0.550296 0.869642 0.037536 0.156292 0.928063
0 0.327094 0.804542 0.041614 0.143891 0.919868
0 0.328789 0.781691 0.038431 0.097922 0.876197
0 0.440490 0.834285 0.023185 0.132097 0.859904
5 0.385546 0.771502 0.012949 0.024128 0.843133
5 0.409922 0.790724 0.013640 0.034749 0.827954
5 0.486444 0.822484 0.015597 0.032804 0.713962
5 0.365381 0.767765 0.019547 0.045899 0.645903
5 0.424681 0.796737 0.024212 0.033119 0.629439
5 0.298561 0.743243 0.024089 0.044196 0.599315
0 0.332926 0.776239 0.030263 0.087773 0.540454
0 0.282927 0.729164 0.015304 0.074212 0.412333
5 0.420638 0.797541 0.016030 0.031105 0.224180
5 0.262298 0.727461 0.026200 0.061352 0.165678
5 0.395840 0.779656 0.008196 0.016017 0.065497
5 0.430288 0.796812 0.014206 0.038076 0.058937
9 0.834909 0.985382 0.024451 0.026834 0.053908
5 0.394881 0.777945 0.009260 0.018226 0.043998
5 0.324855 0.753828 0.010638 0.042579 0.042892
0 0.365154 0.766231 0.020273 0.050653 0.040150
5 0.302739 0.744085 0.016842 0.043325 0.018167
0 0.439391 0.818348 0.024492 0.099099 0.017809
5 0.493984 0.825090 0.009810 0.032332 0.010700
5 0.520880 0.836130 0.011032 0.031001 0.010612
5 0.479398 0.820904 0.011710 0.032722 0.008243
0 0.324069 0.753007 0.009754 0.039747 0.007825
5 0.477953 0.820257 0.012595 0.037151 0.007046
0 0.262046 0.728207 0.025395 0.062973 0.006339
5 0.495444 0.826378 0.009475 0.032029 0.004443
5 0.305780 0.747780 0.011690 0.038454 0.002308
6 0.834927 0.985801 0.023083 0.026339 0.001874
5 0.399074 0.785521 0.015441 0.026941 0.001702
5 0.400498 0.789603 0.018751 0.034238 0.001557
5 0.296206 0.739804 0.020529 0.041073 0.001211
