6 0.504447 0.680202 0.082857 0.066546 0.893858
10 0.531080 0.561342 0.109819 0.078764 0.880593
6 0.836315 0.659320 0.053463 0.054881 0.872821
4 0.163749 0.670521 0.025682 0.050772 0.865766
8 0.511171 0.454930 0.041975 0.321670 0.859076
8 0.761317 0.504293 0.028972 0.194495 0.805953
0 0.959262 0.654999 0.015281 0.044838 0.052423
8 0.756436 0.503567 0.027084 0.191976 0.045015
10 0.420472 0.693551 0.077475 0.049375 0.002625
10 0.404031 0.697644 0.040134 0.036350 0.002503
8 0.752056 0.513080 0.031047 0.184781 0.001992
10 0.407840 0.695199 0.048940 0.043024 0.001609
8 0.768299 0.503865 0.028028 0.196502 0.001112
