6 0.664902 0.568276 0.103222 0.135002 0.948178
6 0.882584 0.605422 0.095615 0.101755 0.948028
6 0.272332 0.453124 0.086343 0.084235 0.942458
6 0.972551 0.629016 0.054473 0.102040 0.932312
6 0.548397 0.595456 0.117057 0.163544 0.930771
6 0.468087 0.491795 0.054608 0.074771 0.927969
0 0.668403 0.514079 0.028866 0.069821 0.919221
6 0.719240 0.549601 0.072313 0.075257 0.915531
6 0.796432 0.580333 0.094899 0.099122 0.909674
0 0.479242 0.440004 0.017573 0.042110 0.880239
6 0.519074 0.500304 0.054418 0.068978 0.871315
0 0.871120 0.543312 0.026954 0.043268 0.868986
0 0.527471 0.473533 0.028157 0.072107 0.866550
0 0.466145 0.444922 0.012459 0.023832 0.863161
0 0.803559 0.535799 0.036353 0.077916 0.855256
0 0.577605 0.455236 0.012990 0.031577 0.825146
0 0.986989 0.593329 0.026022 0.074382 0.818252
6 0.771051 0.536219 0.030259 0.044665 0.800632
0 0.890962 0.555348 0.018547 0.037577 0.791122
0 0.647197 0.529750 0.019754 0.053034 0.757721
0 0.566092 0.456590 0.014069 0.036834 0.735694
0 0.566602 0.535428 0.044539 0.120284 0.616377
0 0.670594 0.485305 0.026588 0.046538 0.522357
6 0.605905 0.493801 0.029573 0.047785 0.296336
0 0.562022 0.457326 0.022823 0.038476 0.188054
0 0.555606 0.470233 0.014028 0.027727 0.146502
6 0.588360 0.494956 0.065591 0.044608 0.091037
0 0.799245 0.529304 0.025398 0.066709 0.081251
6 0.599568 0.495177 0.043266 0.044747 0.046604
0 0.556828 0.465519 0.016347 0.035032 0.027295
0 0.812792 0.550126 0.020077 0.050877 0.013975
0 0.799282 0.518595 0.022868 0.045784 0.012830
0 0.669524 0.479153 0.024771 0.034262 0.004847
6 0.548350 0.513679 0.116943 0.091253 0.004737
6 0.548389 0.497215 0.116862 0.061730 0.004060
0 0.463517 0.446920 0.013858 0.019188 0.003462
0 0.560217 0.466237 0.023358 0.034416 0.003141
6 0.547713 0.508021 0.111763 0.058685 0.002530
4 0.174308 0.378958 0.030318 0.034264 0.001558
0 0.467617 0.446514 0.012088 0.027845 0.001216
