0 0.463939 0.691533 0.145749 0.616933 0.957574
0 0.045667 0.578002 0.085285 0.313503 0.953888
0 0.219363 0.575271 0.037469 0.138791 0.927860
0 0.595782 0.459913 0.015883 0.063307 0.904091
0 0.987832 0.479661 0.023755 0.189459 0.884062
0 0.250132 0.574764 0.030783 0.131363 0.815245
0 0.745668 0.582320 0.042048 0.116841 0.803997
0 0.287359 0.568652 0.041661 0.118302 0.704245
0 0.207655 0.558953 0.016469 0.065845 0.402399
0 0.203843 0.557036 0.009827 0.053628 0.265318
0 0.654767 0.580070 0.040179 0.115102 0.130370
0 0.369983 0.709210 0.083905 0.184914 0.087757
0 0.654602 0.552915 0.040814 0.169721 0.068550
0 0.208775 0.551714 0.015388 0.058373 0.013518
0 0.736669 0.582601 0.059630 0.117235 0.005934
3 0.230867 0.614971 0.028026 0.054558 0.004646
0 0.209891 0.539390 0.014537 0.041051 0.004002
0 0.207556 0.572844 0.017138 0.081694 0.003348
0 0.206340 0.553323 0.014145 0.052307 0.002495
0 0.268344 0.566476 0.029094 0.119312 0.001702
