10 0.793575 0.560080 0.166305 0.102814 0.914939
10 0.490238 0.147246 0.131259 0.105248 0.910285
6 0.502792 0.680276 0.087711 0.065121 0.887801
8 0.761254 0.502322 0.032695 0.195455 0.873083
10 0.324965 0.590841 0.057164 0.041212 0.862303
8 0.512895 0.454426 0.041721 0.314803 0.858805
4 0.164041 0.673598 0.024682 0.046678 0.849631
6 0.836899 0.659089 0.054799 0.053898 0.843305
0 0.959237 0.655784 0.015587 0.047124 0.035888
8 0.756912 0.500598 0.029665 0.170309 0.004398
10 0.844502 0.568787 0.063805 0.078813 0.002577
10 0.416340 0.695035 0.067941 0.049202 0.001611
