0 0.387176 0.693250 0.218143 0.613501 0.964439
0 0.814528 0.538169 0.033345 0.064289 0.937567
0 0.659761 0.566563 0.028918 0.123634 0.923551
0 0.759101 0.576631 0.020775 0.133476 0.922752
0 0.777562 0.539497 0.021063 0.082642 0.912687
0 0.019316 0.430139 0.025918 0.065459 0.911643
0 0.796222 0.533868 0.023196 0.075343 0.899925
5 0.209862 0.522293 0.023792 0.042578 0.895393
5 0.245584 0.521105 0.027814 0.039260 0.885794
5 0.137322 0.506407 0.025683 0.045776 0.823005
0 0.300784 0.527152 0.022130 0.047895 0.815066
5 0.174083 0.519489 0.033117 0.041980 0.800157
5 0.195940 0.523218 0.031503 0.037286 0.600505
3 0.290498 0.814002 0.580995 0.371737 0.543085
3 0.541918 0.820228 0.622704 0.359544 0.524544
3 0.666564 0.822388 0.621618 0.354607 0.232207
0 0.830093 0.539301 0.014269 0.057533 0.162731
5 0.188129 0.520102 0.021142 0.040353 0.050074
0 0.067768 0.428704 0.018995 0.030285 0.039511
9 0.714553 0.584136 0.048009 0.110344 0.026761
5 0.181456 0.519247 0.019803 0.040064 0.019195
6 0.174255 0.519393 0.032545 0.042250 0.016926
0 0.891212 0.533399 0.015010 0.059458 0.007575
4 0.428897 0.089679 0.117103 0.178682 0.004469
3 0.408464 0.815455 0.267533 0.369089 0.003955
0 0.730499 0.583367 0.017764 0.107175 0.002510
0 0.018979 0.456241 0.026059 0.120553 0.001349
6 0.209931 0.522151 0.023537 0.042762 0.001102
