2 0.643088 0.503369 0.064205 0.131685 0.956504
2 0.270879 0.773983 0.154893 0.266355 0.953503
1 0.145574 0.708998 0.291079 0.340848 0.902686
2 0.806671 0.396371 0.025988 0.073284 0.884380
0 0.908947 0.343828 0.007748 0.048382 0.377987
0 0.765654 0.368099 0.011560 0.069394 0.211105
0 0.896361 0.338976 0.009141 0.028884 0.060223
0 0.421036 0.315152 0.005525 0.011821 0.007829
0 0.890249 0.338232 0.008256 0.028492 0.003935
0 0.421448 0.310016 0.008698 0.016033 0.002258
0 0.531362 0.383369 0.012885 0.058654 0.001638
0 0.270880 0.774081 0.154884 0.267520 0.001583
1 0.270880 0.774081 0.154884 0.267520 0.001433
6 0.145473 0.706974 0.290678 0.335171 0.001334
6 0.270880 0.774081 0.154884 0.267520 0.001280
0 0.423000 0.314729 0.005246 0.012556 0.001247
4 0.271142 0.774088 0.153773 0.265851 0.001206
2 0.489009 0.680458 0.081152 0.150014 0.001140
