2 0.634297 0.628971 0.051858 0.111099 0.953966
0 0.926053 0.326853 0.055879 0.179117 0.936190
0 0.873087 0.330969 0.030546 0.160243 0.935310
0 0.843176 0.338756 0.027803 0.133734 0.932421
0 0.971737 0.338670 0.032141 0.176460 0.923786
0 0.665535 0.353637 0.023556 0.069649 0.923624
0 0.680187 0.326371 0.025520 0.126777 0.921896
0 0.760410 0.333128 0.027633 0.132516 0.916718
0 0.731509 0.339084 0.024690 0.121025 0.909632
8 0.501885 0.227852 0.016973 0.060112 0.902325
0 0.901560 0.276742 0.015262 0.074061 0.877167
0 0.801296 0.279408 0.015252 0.041169 0.734538
0 0.775265 0.334603 0.025278 0.130148 0.627113
0 0.952655 0.368914 0.024964 0.099991 0.220394
0 0.798581 0.333464 0.027004 0.136196 0.173338
0 0.798458 0.283320 0.016301 0.039831 0.058792
0 0.791117 0.284564 0.013600 0.039671 0.005292
