2 0.350389 0.593659 0.035339 0.147151 0.948480
2 0.460461 0.575689 0.059300 0.137922 0.947750
2 0.517652 0.573402 0.043283 0.124327 0.939769
2 0.290657 0.501813 0.025382 0.136187 0.936729
2 0.670427 0.683794 0.054571 0.142482 0.932973
2 0.549787 0.594094 0.039647 0.085863 0.930559
2 0.639563 0.648953 0.045048 0.125501 0.924877
2 0.339590 0.498190 0.030267 0.120957 0.924843
2 0.485227 0.403543 0.035196 0.060733 0.898066
2 0.356359 0.509779 0.024963 0.099361 0.880498
2 0.489922 0.525341 0.043037 0.112611 0.803597
2 0.430484 0.491292 0.025388 0.109257 0.572791
2 0.386692 0.421278 0.010161 0.074600 0.389429
2 0.588716 0.409670 0.034714 0.053669 0.090772
2 0.430320 0.409926 0.016115 0.075848 0.078461
2 0.506967 0.410693 0.023446 0.076969 0.057204
2 0.504555 0.453171 0.022891 0.062435 0.051369
2 0.480474 0.478376 0.025660 0.095539 0.031414
2 0.510546 0.421503 0.027790 0.071351 0.019893
2 0.339060 0.481146 0.028994 0.083474 0.017083
2 0.434583 0.482172 0.015886 0.093432 0.005433
2 0.428504 0.401374 0.019587 0.093642 0.005329
2 0.431168 0.475999 0.024381 0.078904 0.003658
2 0.482445 0.463441 0.024023 0.084546 0.003282
2 0.512815 0.428828 0.026909 0.067227 0.003136
2 0.475075 0.395778 0.016100 0.055358 0.003035
2 0.432654 0.501522 0.017804 0.089151 0.002711
2 0.477675 0.494273 0.019014 0.103743 0.002676
2 0.431296 0.464219 0.024479 0.056121 0.002259
2 0.660404 0.616431 0.015181 0.040444 0.001865
2 0.337944 0.409483 0.017631 0.049688 0.001812
2 0.335299 0.412793 0.023047 0.060760 0.001445
2 0.477618 0.476218 0.020420 0.082266 0.001357
