0 0.360143 0.516686 0.060258 0.154917 0.965249
0 0.478426 0.573220 0.082950 0.184888 0.960068
0 0.423566 0.463969 0.031611 0.159898 0.927871
0 0.379134 0.467090 0.028840 0.152881 0.926371
0 0.446334 0.431320 0.024913 0.106685 0.923285
0 0.011376 0.644434 0.022562 0.112464 0.873631
0 0.509998 0.425409 0.011399 0.064575 0.861137
0 0.684488 0.375350 0.010666 0.022560 0.854506
0 0.105098 0.502241 0.011194 0.062903 0.853597
0 0.125296 0.500098 0.010616 0.060493 0.830524
0 0.519129 0.424214 0.010514 0.060019 0.811949
0 0.116332 0.502900 0.008710 0.058281 0.739856
0 0.410548 0.417780 0.011586 0.084258 0.567316
5 0.401279 0.469713 0.022744 0.042001 0.441456
0 0.114511 0.502887 0.009606 0.059716 0.367478
0 0.003473 0.533615 0.006707 0.062138 0.218436
0 0.004239 0.521199 0.008477 0.090812 0.042078
0 0.002725 0.521866 0.005449 0.084804 0.033450
5 0.397180 0.471988 0.014974 0.039199 0.020360
0 0.118676 0.500293 0.008652 0.059253 0.009967
5 0.000001 0.635854 0.000002 0.090654 0.006123
0 0.001122 0.516263 0.002244 0.101301 0.005613
0 0.565953 0.424355 0.004758 0.015474 0.005199
0 0.410565 0.410495 0.009247 0.072189 0.005053
5 0.000025 0.618667 0.000049 0.052903 0.003414
0 0.000000 0.481891 0.000000 0.176211 0.003052
0 0.006139 0.639531 0.012278 0.121375 0.002907
0 0.005455 0.510545 0.010910 0.115893 0.002101
0 0.000000 0.465567 0.000000 0.250256 0.001704
0 0.008024 0.617193 0.016047 0.171032 0.001524
0 0.399757 0.434818 0.013745 0.080387 0.001375
0 0.006260 0.541221 0.012520 0.128444 0.001351
9 0.000001 0.635854 0.000002 0.090654 0.001312
5 0.000150 0.609825 0.000301 0.043211 0.001307
5 0.411736 0.468243 0.010019 0.034477 0.001242
0 0.411513 0.400963 0.009788 0.052011 0.001182
0 0.001959 0.579413 0.003919 0.244566 0.001069
