2 0.504741 0.668858 0.119642 0.340948 0.955180
4 0.811745 0.314295 0.017426 0.061340 0.941543
4 0.858589 0.348076 0.019420 0.075409 0.930840
0 0.860389 0.314183 0.029938 0.215443 0.907617
0 0.955002 0.394121 0.050894 0.333495 0.907416
0 0.891135 0.391658 0.026360 0.158256 0.887319
4 0.828726 0.326511 0.016330 0.073709 0.874244
0 0.830882 0.309021 0.018307 0.183657 0.865143
0 0.909922 0.373800 0.033390 0.294094 0.827572
0 0.982412 0.454468 0.035176 0.492419 0.753501
0 0.918320 0.382637 0.048904 0.325059 0.724137
0 0.927813 0.380991 0.032938 0.319489 0.345533
0 0.888369 0.403895 0.020638 0.131041 0.247048
0 0.834869 0.301473 0.020738 0.158419 0.055387
0 0.930763 0.349440 0.028916 0.291457 0.017565
2 0.371240 0.438892 0.011187 0.018505 0.011969
0 0.979935 0.400313 0.040129 0.382150 0.007953
0 0.826777 0.303172 0.024125 0.170658 0.005280
0 0.839659 0.299747 0.015731 0.161073 0.001301
