0 0.925396 0.374072 0.039959 0.193534 0.952522
9 0.870328 0.377499 0.041656 0.109625 0.948715
2 0.566492 0.630776 0.049241 0.124043 0.948656
0 0.524392 0.309956 0.024758 0.126203 0.943116
0 0.831453 0.361092 0.031979 0.170938 0.941983
0 0.971688 0.414262 0.031686 0.133883 0.939242
0 0.677834 0.339627 0.032846 0.133922 0.936730
0 0.638681 0.334419 0.024103 0.127480 0.932973
0 0.574818 0.325584 0.026185 0.123219 0.932956
0 0.712946 0.337033 0.028451 0.157717 0.929895
0 0.511636 0.336012 0.019432 0.066870 0.923401
0 0.877101 0.283075 0.022096 0.079941 0.920182
8 0.351378 0.188681 0.019226 0.064202 0.914275
0 0.611952 0.327069 0.035037 0.131915 0.899499
0 0.895770 0.305865 0.017764 0.075102 0.896072
0 0.640432 0.274308 0.020675 0.053476 0.864619
0 0.623670 0.272370 0.014505 0.056228 0.848838
0 0.776753 0.346844 0.051187 0.174305 0.844001
0 0.585597 0.280541 0.011849 0.047380 0.839236
0 0.995418 0.384467 0.009163 0.206636 0.392103
0 0.994387 0.418004 0.011190 0.113027 0.238306
0 0.759587 0.359301 0.025350 0.135655 0.109853
0 0.996496 0.319466 0.006690 0.069614 0.109307
0 0.762316 0.344786 0.030301 0.165922 0.085501
0 0.584160 0.283518 0.011186 0.048451 0.079020
0 0.786653 0.383716 0.030082 0.104812 0.046104
0 0.994589 0.401122 0.010770 0.172228 0.038912
0 0.996107 0.346843 0.007632 0.127084 0.024380
0 0.996173 0.384213 0.007655 0.206785 0.008286
0 0.580396 0.286326 0.013638 0.047483 0.007818
0 0.585704 0.273491 0.011258 0.033488 0.003630
0 0.576834 0.281215 0.011132 0.039533 0.001160
