2 0.448850 0.616414 0.058659 0.091620 0.952387
0 0.844684 0.427822 0.041799 0.177498 0.947386
0 0.810453 0.442990 0.027981 0.126090 0.941238
0 0.981462 0.452566 0.036705 0.199195 0.940772
0 0.693530 0.412885 0.027200 0.132285 0.937509
0 0.624545 0.409052 0.024344 0.117177 0.931183
0 0.768021 0.417109 0.026505 0.161803 0.927777
0 0.661880 0.409638 0.027499 0.129294 0.923963
0 0.568798 0.394172 0.029855 0.120613 0.922608
0 0.901806 0.437503 0.031600 0.183098 0.920843
8 0.401779 0.273819 0.017379 0.060116 0.892553
0 0.930082 0.432670 0.029226 0.152021 0.817515
0 0.733211 0.424911 0.028769 0.124295 0.647345
9 0.928005 0.464250 0.032378 0.091822 0.479778
9 0.914486 0.465927 0.061229 0.082031 0.452985
0 0.782313 0.368509 0.020299 0.070980 0.192515
0 0.618516 0.365673 0.011722 0.035248 0.042994
0 0.738268 0.421443 0.019176 0.116475 0.037575
0 0.725312 0.403253 0.016643 0.099157 0.032563
0 0.728886 0.418040 0.023206 0.126247 0.025690
0 0.692366 0.364648 0.016801 0.037709 0.005929
0 0.650020 0.423104 0.015868 0.091969 0.003150
9 0.922448 0.464539 0.036052 0.079715 0.002771
0 0.941766 0.370988 0.025169 0.082668 0.001948
9 0.911404 0.465506 0.041074 0.085383 0.001379
0 0.646270 0.419150 0.021480 0.097244 0.001336
