2 0.555204 0.654669 0.040171 0.060908 0.944815
2 0.471934 0.181336 0.026995 0.046339 0.898928
2 0.364821 0.146506 0.021590 0.052283 0.896031
0 0.926945 0.051054 0.054552 0.099766 0.758943
10 0.821522 0.624812 0.042762 0.059569 0.090186
2 0.707502 0.744890 0.020779 0.032480 0.009853
2 0.403219 0.643542 0.004828 0.008218 0.003576
8 0.997719 0.110960 0.004562 0.021108 0.001579
2 0.821444 0.624014 0.042820 0.059524 0.001171
0 0.924286 0.073539 0.059609 0.141348 0.001169
4 0.707474 0.745076 0.020739 0.032333 0.001103
