2 0.362907 0.425493 0.039335 0.172553 0.953109
2 0.060793 0.582651 0.121587 0.276874 0.951597
2 0.950065 0.406830 0.041993 0.071671 0.931111
2 0.718610 0.336133 0.022564 0.060435 0.906313
2 0.380761 0.253735 0.013549 0.048936 0.889290
2 0.320276 0.247849 0.016915 0.057095 0.833264
2 0.412468 0.264489 0.012197 0.038786 0.831420
2 0.337742 0.259886 0.029420 0.047424 0.682901
2 0.301977 0.242257 0.046534 0.067588 0.506271
2 0.820197 0.354974 0.026460 0.064409 0.324104
2 0.335793 0.264773 0.024911 0.038386 0.045464
