2 0.696902 0.850134 0.038852 0.111904 0.947810
2 0.599093 0.828887 0.044158 0.100934 0.941754
2 0.583919 0.662333 0.038968 0.098974 0.937606
2 0.453038 0.772996 0.044913 0.115815 0.934828
2 0.497616 0.790595 0.046857 0.094190 0.930496
2 0.465220 0.635459 0.027602 0.071139 0.910674
2 0.437884 0.604674 0.018284 0.062329 0.864450
2 0.395190 0.637151 0.014267 0.055173 0.849810
2 0.417044 0.617138 0.011100 0.051257 0.846371
2 0.384966 0.602914 0.019878 0.067493 0.823562
2 0.541456 0.708307 0.029698 0.070498 0.814939
2 0.428925 0.613197 0.010229 0.046265 0.805702
2 0.530934 0.632534 0.021026 0.065931 0.798405
2 0.356159 0.612165 0.022723 0.069872 0.757338
2 0.546670 0.654183 0.025788 0.032157 0.740907
2 0.643141 0.653991 0.032170 0.045484 0.110273
2 0.546317 0.620047 0.011908 0.045676 0.021461
2 0.407377 0.653655 0.019009 0.050526 0.005514
2 0.359508 0.571257 0.014921 0.035867 0.003933
2 0.514231 0.795438 0.013159 0.062526 0.001379
2 0.353501 0.594267 0.022045 0.037909 0.001123
