0 0.429753 0.799596 0.078753 0.189558 0.931196
0 0.087136 0.719241 0.031960 0.129734 0.885271
3 0.246659 0.867272 0.118387 0.154354 0.524839
2 0.318588 0.470674 0.062772 0.132909 0.379290
1 0.461038 0.878388 0.234045 0.095390 0.074673
6 0.246692 0.866472 0.118475 0.154358 0.066242
1 0.460678 0.857990 0.233965 0.135146 0.060480
0 0.065913 0.715073 0.021630 0.116498 0.037642
5 0.246810 0.866742 0.118309 0.153781 0.019402
0 0.077055 0.746813 0.018334 0.058662 0.017874
0 0.246855 0.866881 0.118146 0.153633 0.005326
8 0.246774 0.866790 0.118246 0.153126 0.001789
1 0.246726 0.866411 0.118303 0.154645 0.001573
