2 0.826381 0.486788 0.042185 0.131578 0.944303
1 0.147249 0.711239 0.294428 0.325292 0.905527
0 0.564376 0.399965 0.013382 0.052343 0.892784
2 0.268628 0.780662 0.159392 0.249029 0.741920
2 0.808106 0.412826 0.029170 0.069196 0.582756
0 0.493798 0.400846 0.013946 0.068077 0.180553
0 0.909796 0.361681 0.007132 0.046032 0.172150
0 0.493700 0.382910 0.013894 0.032891 0.115861
2 0.808186 0.426160 0.029316 0.040559 0.099240
9 0.424272 0.324749 0.006133 0.014559 0.027598
0 0.884419 0.360407 0.007552 0.020663 0.008088
0 0.901196 0.355264 0.007972 0.029084 0.006364
0 0.891314 0.357550 0.007115 0.025031 0.004975
1 0.267175 0.782877 0.161396 0.254643 0.004554
0 0.887333 0.358730 0.010233 0.024155 0.004407
0 0.424272 0.324749 0.006133 0.014559 0.003196
0 0.888902 0.357156 0.010219 0.027426 0.002158
4 0.759224 0.409202 0.016598 0.071733 0.001449
6 0.147519 0.711086 0.294816 0.324305 0.001164
