0 0.588574 0.431097 0.096183 0.312982 0.960137
0 0.819811 0.363473 0.045793 0.159344 0.953863
0 0.441914 0.483442 0.056865 0.132897 0.953582
5 0.356018 0.408000 0.048216 0.133137 0.951910
0 0.469167 0.472207 0.047624 0.126573 0.950709
0 0.288332 0.395103 0.048772 0.153050 0.944432
0 0.764112 0.315898 0.014863 0.062196 0.923962
5 0.944336 0.296148 0.037436 0.048202 0.922994
0 0.701066 0.310659 0.027454 0.156078 0.919099
0 0.944870 0.269704 0.023407 0.069419 0.910770
0 0.170666 0.390371 0.013908 0.062856 0.908577
5 0.485322 0.381288 0.019653 0.045699 0.900137
5 0.019523 0.475728 0.020399 0.048260 0.899858
0 0.124385 0.451901 0.012510 0.038487 0.895896
5 0.036369 0.472101 0.021268 0.046797 0.895035
5 0.057671 0.468720 0.018577 0.048594 0.886288
0 0.421406 0.287879 0.012220 0.050954 0.884720
0 0.166114 0.349680 0.011301 0.054384 0.877246
0 0.413311 0.348351 0.013565 0.063439 0.874874
0 0.667475 0.308296 0.016334 0.168706 0.864320
5 0.077615 0.466472 0.016222 0.046659 0.863649
0 0.611686 0.346414 0.010965 0.062456 0.850332
0 0.361691 0.330901 0.011731 0.058925 0.849987
0 0.257814 0.414127 0.012469 0.074131 0.847288
0 0.789158 0.324841 0.014338 0.033439 0.835314
0 0.651963 0.320725 0.024497 0.151693 0.829547
0 0.597696 0.352335 0.013435 0.058841 0.825863
0 0.374092 0.339519 0.015153 0.072170 0.769839
0 0.266392 0.403185 0.011244 0.076658 0.765983
0 0.677649 0.311179 0.031061 0.163209 0.734622
5 0.992576 0.281721 0.014849 0.064325 0.718577
0 0.311332 0.324742 0.011544 0.044773 0.663173
0 0.993678 0.255478 0.012644 0.100734 0.627832
0 0.600586 0.352660 0.009767 0.057273 0.558093
0 0.310061 0.383244 0.027219 0.149971 0.510366
5 0.005482 0.498101 0.010964 0.052267 0.249980
0 0.672451 0.307592 0.025838 0.168987 0.160234
0 0.995746 0.244357 0.008507 0.079296 0.119896
0 0.301160 0.326845 0.011435 0.033393 0.087721
5 0.004837 0.485788 0.009238 0.029336 0.069079
0 0.352138 0.393947 0.010448 0.051187 0.044850
0 0.272012 0.404885 0.011115 0.069581 0.032538
0 0.993016 0.269305 0.013968 0.082643 0.028003
0 0.357965 0.378711 0.009362 0.072405 0.015647
0 0.594192 0.351189 0.011814 0.057682 0.015561
0 0.350313 0.391229 0.013200 0.062209 0.013386
9 0.005743 0.498623 0.011132 0.056530 0.011731
5 0.789017 0.325194 0.014436 0.033338 0.010436
0 0.264458 0.408916 0.010125 0.079475 0.009132
0 0.168305 0.353974 0.012791 0.049259 0.007985
0 0.255099 0.343826 0.010309 0.032386 0.006746
0 0.992561 0.226471 0.014878 0.155093 0.006630
0 0.349774 0.387821 0.010784 0.044923 0.006269
6 0.005637 0.498530 0.011274 0.054277 0.004808
0 1.000000 0.257056 0.000000 0.103759 0.004463
5 0.993016 0.269305 0.013968 0.082643 0.003644
0 0.364045 0.335015 0.010761 0.059909 0.003484
5 0.004792 0.494402 0.008703 0.046104 0.003325
0 0.591906 0.349928 0.008096 0.055298 0.003065
0 0.304154 0.323907 0.014650 0.038764 0.003056
0 0.991810 0.192638 0.015686 0.097622 0.002595
9 0.000000 0.499147 0.000000 0.054781 0.002073
0 0.000890 0.493182 0.001780 0.050565 0.001992
5 0.005378 0.487813 0.010754 0.042729 0.001895
5 0.000000 0.485972 0.000000 0.030241 0.001836
6 0.057544 0.468613 0.018595 0.048850 0.001297
0 0.265703 0.394950 0.010766 0.060991 0.001252
0 0.170579 0.376861 0.013167 0.035474 0.001246
5 0.000000 0.488561 0.000000 0.098672 0.001208
0 0.353898 0.383462 0.010796 0.069170 0.001009
