0 0.122087 0.334102 0.017890 0.084524 0.917558
0 0.137512 0.336378 0.016696 0.080167 0.870647
0 0.828576 0.428601 0.015067 0.033465 0.856918
0 0.848210 0.426867 0.016396 0.037152 0.855122
0 0.144984 0.315827 0.010662 0.043585 0.805389
0 0.849970 0.449951 0.020893 0.035946 0.095154
5 0.672404 0.828667 0.274668 0.331514 0.059615
5 0.673459 0.735155 0.272344 0.517738 0.058718
9 0.937049 0.456989 0.032310 0.051747 0.037011
6 0.355386 0.411159 0.343313 0.682523 0.014215
0 0.976280 0.541430 0.019941 0.128372 0.010256
0 0.143749 0.319982 0.011272 0.053341 0.009057
2 0.354897 0.390469 0.343748 0.633844 0.006783
11 0.666174 0.723553 0.255133 0.510143 0.006244
0 0.994751 0.427425 0.010358 0.020261 0.004170
3 0.671696 0.730052 0.268910 0.521939 0.002937
0 0.355225 0.412391 0.342723 0.679749 0.001889
0 0.167631 0.322915 0.013228 0.047794 0.001310
0 0.021693 0.360697 0.041673 0.284592 0.001009
