4 0.533983 0.478720 0.037476 0.096930 0.942557
0 0.296453 0.613730 0.061555 0.209497 0.912091
8 0.971060 0.587580 0.039472 0.364848 0.894218
5 0.271692 0.633551 0.097462 0.150558 0.889930
0 0.942670 0.648535 0.018175 0.063340 0.888152
0 0.706863 0.611952 0.014317 0.074136 0.768134
0 0.703799 0.611689 0.020062 0.074454 0.098120
0 0.700150 0.609044 0.014530 0.064731 0.026508
8 0.976801 0.584676 0.025769 0.359623 0.024757
5 0.942944 0.651341 0.018992 0.065325 0.015045
5 0.253018 0.588441 0.039030 0.060003 0.010964
5 0.942661 0.664804 0.018251 0.040508 0.008218
5 0.940506 0.667941 0.015545 0.034862 0.002354
