1 0.553305 0.526425 0.054604 0.045041 0.889907
0 0.548104 0.490016 0.029008 0.082427 0.827716
1 0.552939 0.512299 0.097549 0.038110 0.557559
1 0.538976 0.502505 0.064890 0.020858 0.516675
0 0.565761 0.475142 0.021631 0.057578 0.497991
1 0.525805 0.502461 0.038433 0.020968 0.383941
1 0.567625 0.507537 0.069916 0.024159 0.226426
0 0.354343 0.360392 0.006110 0.017325 0.194788
0 0.352125 0.361000 0.006257 0.015991 0.152121
0 0.351136 0.358990 0.006180 0.013157 0.107887
0 0.206909 0.401261 0.006880 0.018212 0.089614
0 0.143457 0.379893 0.005499 0.016527 0.061087
0 0.353598 0.364917 0.005701 0.020417 0.049660
0 0.354747 0.358269 0.005634 0.016958 0.048681
0 0.341173 0.357017 0.006175 0.014384 0.034716
1 0.221026 0.412222 0.126033 0.037630 0.030001
1 0.550231 0.500116 0.102468 0.056003 0.019306
0 0.320720 0.360856 0.005454 0.017488 0.018924
0 0.210155 0.399676 0.008902 0.021041 0.017797
0 0.352633 0.367037 0.005824 0.019594 0.016191
0 0.142516 0.381266 0.005684 0.014695 0.008588
0 0.212909 0.382443 0.005304 0.010300 0.007890
0 0.220539 0.385874 0.006243 0.012482 0.007246
0 0.319659 0.361894 0.005812 0.019503 0.005648
0 0.356815 0.360164 0.007164 0.016280 0.004607
0 0.283500 0.370594 0.004807 0.012339 0.003623
0 0.228990 0.404746 0.010777 0.018308 0.003289
1 0.543561 0.514122 0.118636 0.050918 0.003192
0 0.218262 0.401622 0.008767 0.019341 0.002525
0 0.292407 0.377553 0.005111 0.010960 0.002388
0 0.557275 0.490491 0.046563 0.082007 0.002305
0 0.543939 0.503308 0.042254 0.048281 0.001813
0 0.245217 0.405981 0.007752 0.013867 0.001810
0 0.338751 0.357983 0.005116 0.017067 0.001689
0 0.243317 0.405919 0.007814 0.013830 0.001658
6 0.326906 0.358124 0.009885 0.013738 0.001570
1 0.535477 0.515245 0.070360 0.042637 0.001123
1 0.563779 0.495371 0.074965 0.046072 0.001092
0 0.566887 0.485512 0.026532 0.079414 0.001032
