2 0.302329 0.718998 0.149991 0.267966 0.970039
2 0.664221 0.567542 0.146277 0.225423 0.957339
0 0.959005 0.147922 0.062671 0.266588 0.940981
0 0.730511 0.096109 0.038787 0.125124 0.937913
0 0.775481 0.088570 0.047886 0.176645 0.937129
0 0.706421 0.072301 0.038118 0.143377 0.936476
0 0.875376 0.184883 0.037782 0.140356 0.926302
0 0.809880 0.104442 0.034139 0.192553 0.921229
0 0.916219 0.149195 0.039596 0.253225 0.914747
9 0.528514 0.014493 0.047664 0.027051 0.865761
9 0.537600 0.014161 0.028894 0.027645 0.499827
0 0.989298 0.187262 0.021405 0.309698 0.018875
0 0.989661 0.298611 0.020443 0.081389 0.013867
9 0.735983 0.009772 0.014185 0.018203 0.009166
0 0.989329 0.246646 0.021342 0.184296 0.006475
2 0.004308 0.738138 0.008617 0.107742 0.004921
4 0.004308 0.738138 0.008617 0.107742 0.002619
0 0.931076 0.037161 0.039495 0.073961 0.002436
0 0.989553 0.267805 0.020810 0.141023 0.002431
2 0.004711 0.767122 0.009339 0.175559 0.001432
8 0.998055 0.100969 0.003889 0.025174 0.001353
0 0.644081 0.013153 0.015618 0.025602 0.001094
