3 0.935024 0.763602 0.129952 0.471655 0.964404
3 0.710663 0.710960 0.128812 0.398733 0.957570
0 0.700789 0.547686 0.103100 0.327457 0.953697
3 0.045884 0.627361 0.090889 0.744528 0.952019
3 0.885055 0.618586 0.123787 0.227644 0.947570
3 0.976534 0.630644 0.046880 0.246918 0.944218
3 0.787051 0.638682 0.021410 0.123416 0.930365
3 0.641024 0.639972 0.044559 0.146162 0.927713
3 0.825199 0.633133 0.034271 0.126930 0.917491
3 0.569369 0.640883 0.051994 0.149559 0.909169
0 0.416044 0.499346 0.329182 0.998692 0.841477
3 0.052425 0.618662 0.075712 0.408818 0.711949
3 0.662734 0.648095 0.066796 0.258959 0.315987
3 0.653194 0.613119 0.067766 0.209020 0.111553
3 0.675382 0.662925 0.067161 0.250019 0.018365
0 0.942327 0.477960 0.114853 0.857785 0.015406
3 0.662295 0.622620 0.053004 0.194962 0.014323
3 0.786097 0.582123 0.018682 0.121641 0.003745
3 0.047598 0.652917 0.079436 0.311786 0.002113
3 0.669651 0.685177 0.063872 0.201390 0.002098
3 0.941836 0.481131 0.115743 0.869740 0.001293
