4 0.492181 0.763220 0.077049 0.465298 0.941848
0 0.145755 0.861509 0.027572 0.095649 0.926937
4 0.216857 0.738709 0.026728 0.056123 0.812299
5 0.146818 0.891049 0.026723 0.067961 0.775160
4 0.546228 0.739858 0.023067 0.269689 0.404432
0 0.709154 0.139123 0.013689 0.056642 0.301889
4 0.219746 0.798990 0.034636 0.177817 0.286389
4 0.547839 0.770654 0.026846 0.333005 0.136771
6 0.080452 0.894795 0.160188 0.205765 0.036120
4 0.542418 0.692202 0.015229 0.176362 0.015398
0 0.108638 0.788122 0.009262 0.031319 0.008068
8 0.559830 0.497524 0.102838 0.995048 0.007995
4 0.554388 0.790192 0.021054 0.143924 0.001997
0 0.119266 0.776072 0.008515 0.024079 0.001689
8 0.618353 0.495846 0.217816 0.991693 0.001273
0 0.146581 0.891022 0.026648 0.067627 0.001202
