2 0.695459 0.836299 0.038702 0.110462 0.944598
2 0.453469 0.757842 0.043404 0.114079 0.936282
2 0.491050 0.771392 0.037566 0.096021 0.931189
2 0.608499 0.819959 0.044673 0.104888 0.928604
2 0.492237 0.647792 0.023017 0.089048 0.921080
2 0.533286 0.612374 0.034087 0.076198 0.910704
2 0.522077 0.660568 0.027126 0.080710 0.906910
2 0.583497 0.662482 0.014626 0.063174 0.884768
2 0.400591 0.603050 0.017325 0.048017 0.864485
2 0.431188 0.600236 0.016064 0.049916 0.839516
2 0.442162 0.586468 0.014423 0.063134 0.837455
2 0.569277 0.658409 0.012522 0.059412 0.767028
2 0.546205 0.706314 0.015058 0.055712 0.475093
2 0.600698 0.662885 0.017643 0.037994 0.079474
2 0.356965 0.581539 0.019522 0.065977 0.046241
2 0.544316 0.619011 0.013735 0.062021 0.013268
2 0.333999 0.558394 0.011077 0.045080 0.004990
2 0.626036 0.642894 0.021191 0.039921 0.004156
2 0.541828 0.617652 0.018751 0.065528 0.003045
2 0.530034 0.605942 0.026947 0.063823 0.002055
2 0.387508 0.562193 0.020192 0.099256 0.001701
2 0.523121 0.640417 0.024632 0.036548 0.001516
