0 0.486378 0.564621 0.143092 0.808695 0.954944
0 0.266772 0.257782 0.037791 0.170703 0.930113
0 0.528485 0.230902 0.031914 0.104933 0.919630
8 0.333258 0.386945 0.021103 0.111427 0.905693
0 0.865903 0.232916 0.012627 0.070265 0.890521
0 0.700881 0.211766 0.012092 0.036743 0.876558
9 0.333607 0.387029 0.021183 0.110667 0.074606
0 0.688276 0.213387 0.012487 0.034893 0.007305
9 0.343035 0.311420 0.029286 0.073999 0.006581
0 0.275849 0.216340 0.020586 0.083080 0.004089
4 0.228511 0.136303 0.014461 0.076187 0.003379
9 0.359494 0.661005 0.050803 0.232155 0.001926
