4 0.496161 0.480288 0.054048 0.381530 0.954089
8 0.269012 0.381555 0.057179 0.299048 0.936073
0 0.338149 0.495502 0.013097 0.050712 0.872413
5 0.337905 0.509297 0.009296 0.032177 0.827594
0 0.489579 0.432143 0.006191 0.030519 0.048826
0 0.478077 0.447474 0.008140 0.022615 0.015023
0 0.338092 0.508937 0.009985 0.033251 0.009680
6 0.880928 0.407202 0.229540 0.199231 0.003817
0 0.488583 0.433796 0.006142 0.033840 0.002744
6 0.885007 0.285753 0.223327 0.414350 0.001909
0 0.489452 0.522841 0.017964 0.097315 0.001808
6 0.879964 0.547435 0.238639 0.137239 0.001383
0 0.491876 0.485421 0.019929 0.183911 0.001105
