0 0.854628 0.316464 0.127268 0.479636 0.965609
0 0.449091 0.314171 0.040822 0.217060 0.947571
0 0.693096 0.275608 0.030937 0.131922 0.945097
0 0.797651 0.275202 0.045990 0.194815 0.931740
0 0.293837 0.357842 0.069695 0.169560 0.927180
0 0.382695 0.305064 0.016416 0.050040 0.880921
0 0.395293 0.310988 0.010812 0.047458 0.860506
9 0.096097 0.399275 0.042419 0.099079 0.751472
3 0.755760 0.330122 0.065631 0.092311 0.251556
3 0.313645 0.368437 0.060734 0.142759 0.144599
8 0.162828 0.253843 0.016848 0.125837 0.051261
8 0.163196 0.292888 0.016421 0.202886 0.037377
6 0.755760 0.330122 0.065631 0.092311 0.004450
0 0.106810 0.313562 0.009492 0.015952 0.001883
0 0.313317 0.367045 0.060118 0.146960 0.001814
8 0.168269 0.290362 0.032676 0.198682 0.001153
4 0.096152 0.399131 0.042231 0.098593 0.001026
8 0.068319 0.270560 0.031152 0.314026 0.001022
