3 0.715306 0.635735 0.127431 0.269153 0.961288
3 0.187124 0.696001 0.131944 0.425744 0.959928
3 0.874310 0.653483 0.125677 0.293523 0.955880
0 0.192162 0.516246 0.095269 0.336278 0.942592
3 0.027252 0.624648 0.053957 0.166018 0.940554
0 0.436819 0.499501 0.306256 0.993037 0.937677
3 0.114266 0.621197 0.055401 0.154864 0.936754
3 0.592136 0.622090 0.048982 0.254826 0.927724
3 0.890285 0.762569 0.209830 0.466006 0.306810
3 0.990562 0.701265 0.017556 0.183017 0.090686
3 0.131651 0.639486 0.062240 0.282232 0.083164
0 0.984057 0.613618 0.031411 0.355143 0.019155
3 0.150584 0.640575 0.074503 0.282802 0.015467
3 0.984109 0.611495 0.031094 0.360667 0.003130
0 0.990562 0.701265 0.017556 0.183017 0.003042
3 0.019173 0.622466 0.037934 0.170834 0.002116
3 0.589032 0.693678 0.066502 0.376970 0.001597
3 0.158253 0.665676 0.078684 0.301862 0.001354
3 0.000000 0.574270 0.000000 0.248484 0.001344
3 0.950956 0.763322 0.097168 0.459428 0.001229
3 0.011615 0.591606 0.023230 0.220412 0.001039
