4 0.441351 0.481438 0.096893 0.340175 0.953061
0 0.239241 0.506290 0.014339 0.057975 0.867980
4 0.575207 0.500000 0.094437 1.000000 0.822052
0 0.249237 0.496734 0.014834 0.074032 0.806157
0 0.249718 0.504485 0.012532 0.057630 0.119999
9 0.000034 0.544575 0.000068 0.053884 0.001774
9 0.000101 0.536545 0.000202 0.044913 0.001680
8 0.377315 0.337431 0.072391 0.657993 0.001478
9 0.000000 0.556021 0.000000 0.069915 0.001363
9 0.000000 0.474290 0.000000 0.075213 0.001195
9 0.000000 0.572169 0.000000 0.072723 0.001070
9 0.000115 0.529496 0.000230 0.039973 0.001001
