2 0.419585 0.869415 0.147296 0.253079 0.955388
2 0.790380 0.911214 0.214572 0.176001 0.938892
2 0.792144 0.681596 0.032622 0.152734 0.935498
1 0.186696 0.502218 0.069762 0.052154 0.932785
1 0.251847 0.805924 0.503694 0.340999 0.554677
0 0.209419 0.498144 0.008354 0.016769 0.456737
1 0.404431 0.805075 0.458882 0.331877 0.261481
0 0.201222 0.498066 0.012100 0.017683 0.255352
0 0.205726 0.497848 0.006147 0.017028 0.146493
1 0.467215 0.814068 0.332694 0.346630 0.037716
0 0.174792 0.501193 0.008321 0.021633 0.018733
0 0.178815 0.501781 0.011389 0.023065 0.012656
0 0.171131 0.504142 0.008334 0.023387 0.004273
0 0.179341 0.506245 0.012659 0.031364 0.002093
4 0.789982 0.910748 0.215355 0.176202 0.001572
0 0.993984 0.479848 0.011526 0.151056 0.001542
6 0.790722 0.911608 0.214602 0.175750 0.001383
0 0.211235 0.498770 0.011028 0.017946 0.001225
3 0.789982 0.910748 0.215355 0.176202 0.001097
6 0.993984 0.479848 0.011526 0.151056 0.001029
