6 0.710207 0.612394 0.126416 0.142767 0.938471
0 0.834151 0.562563 0.044285 0.089288 0.929163
6 0.838386 0.603608 0.112955 0.115242 0.929106
6 0.978124 0.633897 0.043387 0.086687 0.929098
6 0.548705 0.553243 0.122252 0.115292 0.925091
0 0.578163 0.499711 0.046400 0.101151 0.908816
6 0.775434 0.566622 0.043050 0.070369 0.905149
0 0.794319 0.519094 0.020630 0.044121 0.883268
0 0.774645 0.523164 0.016797 0.027504 0.836012
4 0.495640 0.436021 0.027877 0.032808 0.756857
0 0.695973 0.521614 0.031366 0.065750 0.579377
6 0.597534 0.514672 0.057225 0.070407 0.483791
6 0.561512 0.514280 0.129287 0.067542 0.089661
6 0.606392 0.514487 0.039218 0.071886 0.011120
