6 0.356755 0.539799 0.179145 0.204345 0.943216
6 0.808492 0.645338 0.138913 0.132119 0.934895
0 0.344248 0.472271 0.062701 0.141248 0.933083
6 0.635344 0.589236 0.108469 0.123791 0.926869
6 0.531274 0.563586 0.103788 0.108725 0.917034
0 0.527710 0.490420 0.036480 0.087059 0.879945
6 0.959015 0.663816 0.080951 0.098609 0.877031
0 0.873221 0.585734 0.028945 0.056429 0.859009
0 0.950460 0.617205 0.037217 0.062584 0.857684
0 0.606759 0.484716 0.017145 0.042560 0.852466
6 0.588653 0.518934 0.036050 0.051947 0.852333
0 0.591636 0.485714 0.014448 0.028061 0.842525
0 0.809507 0.599745 0.065968 0.116987 0.836483
0 0.854265 0.592469 0.013860 0.029006 0.836466
6 0.867356 0.626574 0.108794 0.115085 0.676800
0 0.548276 0.493810 0.021542 0.042827 0.661886
0 0.621903 0.511334 0.034134 0.058353 0.574507
0 0.504314 0.457055 0.013701 0.030619 0.504471
0 0.795847 0.581318 0.038725 0.078630 0.289641
6 0.405458 0.481270 0.084463 0.098735 0.275092
6 0.463876 0.494229 0.122811 0.110235 0.059609
6 0.491810 0.495410 0.140548 0.105399 0.041965
0 0.808437 0.617661 0.070805 0.079503 0.022302
0 0.490532 0.452660 0.018199 0.043444 0.020155
0 0.817003 0.622732 0.054974 0.077408 0.012732
6 0.809396 0.599887 0.065785 0.116928 0.011890
6 0.501621 0.503065 0.106230 0.082956 0.011520
6 0.869249 0.645657 0.106576 0.075956 0.010064
0 0.924466 0.795152 0.038171 0.087957 0.007294
6 0.482672 0.504328 0.076756 0.085056 0.006887
0 0.808410 0.606961 0.062773 0.070636 0.004107
6 0.461606 0.505187 0.103950 0.082724 0.002850
6 0.950813 0.616974 0.037847 0.061550 0.002279
0 0.827582 0.619876 0.033767 0.076673 0.001616
0 0.493311 0.455579 0.015560 0.038212 0.001190
0 0.808629 0.597320 0.054509 0.054284 0.001188
0 0.853749 0.599600 0.018080 0.048695 0.001140
