2 0.541943 0.674337 0.072524 0.138881 0.957001
0 0.966056 0.342506 0.056218 0.240087 0.952640
0 0.778131 0.294582 0.036159 0.168630 0.946558
0 0.800517 0.290914 0.039515 0.192269 0.942443
0 0.875725 0.308347 0.050989 0.215114 0.939858
0 0.702258 0.253227 0.021839 0.139345 0.932848
9 0.627355 0.309317 0.041543 0.099355 0.930976
0 0.906013 0.323219 0.048481 0.233901 0.930560
0 0.544807 0.291307 0.029516 0.139692 0.924498
0 0.416948 0.248845 0.017342 0.104806 0.917859
0 0.470454 0.245200 0.018358 0.085759 0.913303
8 0.111770 0.124930 0.019481 0.067928 0.912629
0 0.567073 0.291602 0.022214 0.138488 0.860581
0 0.934702 0.251881 0.021734 0.099000 0.847427
0 0.661681 0.283964 0.042243 0.205706 0.820626
0 0.570677 0.306057 0.019904 0.119551 0.784329
0 0.957245 0.250447 0.025218 0.109889 0.753451
0 0.664918 0.188819 0.013012 0.027607 0.215046
0 0.702479 0.231567 0.021427 0.094792 0.070295
0 0.532634 0.269511 0.011379 0.045733 0.044962
0 0.668331 0.287664 0.033928 0.194688 0.030616
0 0.566370 0.271194 0.019641 0.097505 0.010426
0 0.664666 0.198023 0.013903 0.045522 0.002967
0 0.997066 0.280905 0.005528 0.055185 0.002041
0 0.610903 0.277098 0.009258 0.035934 0.001420
0 0.659363 0.323726 0.031528 0.120906 0.001159
9 0.634800 0.307198 0.025336 0.097607 0.001080
0 0.669993 0.239334 0.026654 0.081797 0.001040
