0 0.663208 0.490197 0.043635 0.084540 0.906157
0 0.680466 0.475944 0.030138 0.065750 0.851010
1 0.653378 0.522058 0.067928 0.042606 0.809588
1 0.664083 0.515168 0.096978 0.049927 0.760908
1 0.677449 0.507542 0.066909 0.035759 0.504731
0 0.247199 0.393696 0.005610 0.016766 0.405904
0 0.265999 0.388716 0.005325 0.013126 0.358411
1 0.647977 0.504199 0.077102 0.020269 0.280123
0 0.246500 0.395374 0.005579 0.014269 0.271877
1 0.666366 0.507891 0.090697 0.033000 0.194945
0 0.416004 0.368874 0.005530 0.016507 0.065603
0 0.380119 0.378114 0.005588 0.012095 0.044727
0 0.300563 0.393348 0.005418 0.010316 0.037558
1 0.321165 0.419602 0.120509 0.036291 0.023440
0 0.436225 0.363714 0.006183 0.013667 0.020529
0 0.417362 0.368272 0.006529 0.017084 0.016069
1 0.632591 0.504908 0.047113 0.021723 0.014578
0 0.448698 0.370748 0.005662 0.014305 0.012267
0 0.500137 0.379515 0.006961 0.013910 0.011228
0 0.266101 0.391538 0.005223 0.016289 0.011227
0 0.345064 0.412522 0.006975 0.013703 0.009781
1 0.691227 0.505217 0.053818 0.024054 0.007173
1 0.625938 0.503805 0.034244 0.018616 0.005972
0 0.448058 0.363875 0.006817 0.018831 0.005778
0 0.573932 0.371194 0.005372 0.012133 0.005515
0 0.650073 0.463820 0.015060 0.036093 0.004884
0 0.244344 0.396755 0.006410 0.015510 0.004785
0 0.244829 0.394411 0.006475 0.015000 0.004684
1 0.655254 0.529560 0.071805 0.029314 0.004550
0 0.380701 0.378725 0.006202 0.014394 0.004511
0 0.445104 0.363389 0.006778 0.013284 0.004500
0 0.313294 0.381100 0.006010 0.020015 0.004473
1 0.686844 0.506773 0.060239 0.030234 0.003452
0 0.437134 0.369761 0.006612 0.018066 0.003244
0 0.447423 0.369176 0.006263 0.017663 0.002980
0 0.310013 0.406149 0.008415 0.017565 0.002812
0 0.446830 0.363196 0.006997 0.015130 0.002619
0 0.279855 0.392284 0.005538 0.011221 0.002509
0 0.572334 0.370067 0.005976 0.014812 0.002077
0 0.342535 0.412993 0.005791 0.011893 0.001945
1 0.685965 0.477953 0.044193 0.064154 0.001753
1 0.686670 0.493162 0.046714 0.042458 0.001426
1 0.683721 0.500850 0.054928 0.036911 0.001362
