0 0.761106 0.458520 0.049309 0.232752 0.948085
0 0.825167 0.390667 0.054595 0.153235 0.930700
0 0.852104 0.409794 0.031549 0.132980 0.912743
4 0.094097 0.143247 0.012846 0.031651 0.902605
0 0.872355 0.418706 0.067183 0.151061 0.885259
0 0.471929 0.314267 0.029751 0.105514 0.818445
0 0.549106 0.317644 0.038336 0.195432 0.812502
2 0.477761 0.683461 0.109772 0.221154 0.488358
9 0.367432 0.190014 0.025313 0.046501 0.466247
0 0.565196 0.222335 0.013097 0.046790 0.332970
0 0.548813 0.217285 0.012390 0.021991 0.246242
0 0.790975 0.366794 0.025466 0.152992 0.171911
0 0.763680 0.406293 0.041232 0.294413 0.171372
2 0.509221 0.682161 0.173473 0.222866 0.070383
0 0.578869 0.324502 0.029344 0.189105 0.056823
0 0.764611 0.347714 0.039361 0.176543 0.046036
0 0.548672 0.223259 0.012906 0.035088 0.032147
0 0.584527 0.323587 0.033304 0.218227 0.023252
0 0.578871 0.300218 0.029007 0.121540 0.021455
0 0.583835 0.251411 0.027159 0.074851 0.018422
0 0.663115 0.354652 0.038710 0.141710 0.011882
0 0.579274 0.273135 0.026325 0.067564 0.004394
0 0.404075 0.225137 0.025072 0.088363 0.004257
2 0.519431 0.583093 0.200338 0.430563 0.003238
0 0.590601 0.252098 0.025316 0.075168 0.003029
2 0.471775 0.314249 0.029943 0.106229 0.001930
