0 0.414736 0.701088 0.164735 0.597824 0.914287
0 0.843987 0.606563 0.124328 0.529732 0.790402
0 0.517090 0.706727 0.111145 0.529348 0.685956
3 0.531858 0.755921 0.548014 0.486877 0.603610
2 0.549010 0.815367 0.486566 0.368810 0.221618
3 0.575443 0.809118 0.431036 0.381062 0.105326
0 0.867054 0.579238 0.170356 0.471737 0.036480
0 0.496207 0.718683 0.156330 0.556290 0.036413
6 0.866990 0.518907 0.169702 0.348573 0.004957
3 0.473749 0.803951 0.533861 0.391718 0.004180
2 0.913170 0.607188 0.075819 0.172726 0.003789
0 0.458777 0.712079 0.227467 0.562330 0.002644
2 0.531858 0.755921 0.548014 0.486877 0.001857
9 0.000000 0.589052 0.000000 0.057444 0.001471
2 0.866990 0.518907 0.169702 0.348573 0.001334
5 0.534099 0.814479 0.514838 0.371042 0.001302
3 0.866990 0.518907 0.169702 0.348573 0.001011
