0 0.074318 0.688925 0.063631 0.292105 0.951100
0 0.466159 0.724225 0.063699 0.194792 0.947952
0 0.020352 0.694073 0.040704 0.308176 0.947827
0 0.638351 0.654881 0.036543 0.170105 0.938885
0 0.419886 0.707356 0.035427 0.175841 0.933463
4 0.823834 0.745265 0.034304 0.039726 0.920556
4 0.274089 0.634354 0.014378 0.032245 0.899389
6 0.093982 0.760433 0.088642 0.228053 0.342186
0 0.117893 0.599612 0.027312 0.106797 0.064373
3 0.093175 0.760629 0.090047 0.225403 0.007297
5 0.093175 0.760629 0.090047 0.225403 0.004304
0 0.118277 0.627497 0.028150 0.163132 0.002695
0 0.094282 0.763156 0.087990 0.224328 0.002509
