2 0.346069 0.577336 0.077008 0.110403 0.948324
2 0.762785 0.440768 0.040583 0.047372 0.941871
0 0.256522 0.445503 0.013116 0.052509 0.886419
0 0.303103 0.437856 0.013316 0.062894 0.880872
0 0.191938 0.440996 0.014059 0.060967 0.874899
0 0.170175 0.430303 0.015182 0.031818 0.859050
0 0.107173 0.459405 0.015623 0.062356 0.852195
0 0.230230 0.449016 0.012925 0.063494 0.845114
0 0.149604 0.433386 0.015779 0.034546 0.836904
0 0.099363 0.471802 0.011550 0.038591 0.833334
0 0.205107 0.449458 0.009675 0.044864 0.813088
0 0.217807 0.454277 0.008926 0.036684 0.799624
0 0.295979 0.452376 0.010391 0.037846 0.798888
0 0.317352 0.432235 0.011219 0.060375 0.587226
0 0.187064 0.457720 0.006706 0.023327 0.102860
0 0.202163 0.451471 0.009797 0.041521 0.042367
0 0.196342 0.457811 0.007439 0.028576 0.034885
0 0.235997 0.444263 0.008124 0.054228 0.027786
0 0.486301 0.422286 0.009247 0.075808 0.027051
0 0.237463 0.443104 0.008167 0.053526 0.019955
0 0.241518 0.439412 0.007376 0.042663 0.017960
0 0.240299 0.438610 0.006483 0.042080 0.014463
0 0.488330 0.444778 0.007379 0.031363 0.010952
0 0.564554 0.394662 0.009280 0.046742 0.010922
0 0.188428 0.456870 0.008353 0.026209 0.010436
0 0.194446 0.446996 0.010723 0.050018 0.009757
0 0.132999 0.435427 0.010537 0.033192 0.008941
0 0.309736 0.437325 0.005332 0.058550 0.007997
0 0.297656 0.450683 0.008961 0.040454 0.007018
5 0.295817 0.451877 0.010245 0.037118 0.006288
0 0.101961 0.469459 0.012455 0.043078 0.005797
0 0.227996 0.448100 0.010693 0.063799 0.004268
0 0.234590 0.445267 0.007751 0.055098 0.003301
0 0.492243 0.408134 0.006816 0.038053 0.002863
0 0.484852 0.420131 0.010300 0.081424 0.002584
0 0.487971 0.427821 0.007843 0.066745 0.002445
0 0.310775 0.437473 0.005805 0.058164 0.002404
0 0.489570 0.445621 0.008159 0.029764 0.002310
0 0.159391 0.431420 0.008920 0.025980 0.001989
0 0.158342 0.429249 0.008649 0.023471 0.001738
0 0.487175 0.413663 0.008178 0.057805 0.001101
0 0.131528 0.430094 0.008635 0.030323 0.001002
