2 0.699212 0.746135 0.097994 0.238483 0.967093
2 0.799361 0.637812 0.036705 0.208409 0.951137
2 0.500175 0.627089 0.037227 0.197582 0.948476
2 0.446200 0.493640 0.055676 0.140666 0.945529
2 0.733024 0.617582 0.042947 0.117563 0.939916
2 0.891102 0.896415 0.057003 0.207171 0.907910
2 0.470414 0.397173 0.052902 0.086816 0.905035
2 0.972553 0.854916 0.051590 0.289851 0.863389
2 0.391689 0.429639 0.039025 0.102255 0.640010
4 0.973278 0.855009 0.051279 0.288711 0.034221
2 0.854782 0.892848 0.116563 0.212660 0.002132
2 0.537707 0.850289 0.016105 0.026456 0.001246
