6 0.670782 0.299208 0.182478 0.165653 0.935793
6 0.818810 0.240449 0.110544 0.089592 0.927831
6 0.399124 0.512349 0.334810 0.408339 0.912516
6 0.902168 0.199704 0.078233 0.060179 0.911359
4 0.809950 0.146649 0.078040 0.293298 0.079007
6 0.948493 0.336446 0.103013 0.225316 0.038407
6 0.940043 0.600430 0.119913 0.771618 0.019951
6 0.992367 0.151724 0.015266 0.026526 0.006313
6 0.953791 0.173853 0.053336 0.045576 0.005711
4 0.810792 0.065166 0.076687 0.130332 0.004677
4 0.810566 0.038940 0.076229 0.077219 0.001920
4 0.371462 0.012077 0.026542 0.019761 0.001697
0 0.939587 0.600670 0.120826 0.798218 0.001494
6 0.999675 0.143901 0.000650 0.052297 0.001249
