0 0.964409 0.287384 0.071181 0.317145 0.949606
0 0.471390 0.075727 0.032826 0.151390 0.928624
0 0.432085 0.067453 0.045925 0.134906 0.917541
0 0.513197 0.088558 0.042320 0.172237 0.916142
2 0.650990 0.797795 0.172221 0.242075 0.914712
9 0.580706 0.135794 0.059614 0.113537 0.911964
0 0.924491 0.344106 0.043853 0.129247 0.891490
0 0.315384 0.036614 0.020237 0.073228 0.690376
2 0.663507 0.930665 0.104820 0.138670 0.614427
0 0.393986 0.050681 0.029480 0.098371 0.489599
2 0.743285 0.930340 0.277541 0.139320 0.177323
2 0.691692 0.930217 0.162072 0.139565 0.063310
0 0.354437 0.047347 0.026596 0.094694 0.015364
2 0.924361 0.343754 0.043379 0.129408 0.012829
0 0.599267 0.044040 0.019933 0.084403 0.003099
