4 0.389905 0.325544 0.021616 0.028415 0.904188
1 0.519230 0.418667 0.200727 0.081298 0.899436
1 0.892637 0.456677 0.057350 0.020834 0.870916
1 0.877081 0.446235 0.061246 0.019637 0.726943
2 0.626130 0.498821 0.053004 0.053646 0.696451
0 0.066791 0.273983 0.010491 0.042667 0.379487
1 0.870460 0.446795 0.056237 0.015514 0.294828
1 0.877873 0.450388 0.061761 0.021557 0.181096
1 0.883485 0.453190 0.052945 0.022477 0.081781
1 0.884041 0.453339 0.073507 0.018228 0.005095
0 0.014199 0.258951 0.025814 0.089401 0.004941
1 0.897044 0.455175 0.048923 0.014186 0.004516
0 0.901394 0.448411 0.019580 0.017438 0.003658
1 0.479739 0.413622 0.122212 0.084290 0.001705
