6 0.269467 0.715614 0.156915 0.159933 0.952967
6 0.728668 0.741530 0.403175 0.276597 0.939797
8 0.252827 0.488735 0.066207 0.317461 0.934199
6 0.120679 0.681962 0.067180 0.064035 0.928324
8 0.080443 0.585108 0.049695 0.235009 0.911572
6 0.179547 0.682034 0.078317 0.074925 0.902589
6 0.045745 0.687238 0.057236 0.043619 0.893789
4 0.617251 0.625576 0.026966 0.159645 0.875416
6 0.018797 0.681164 0.035475 0.044363 0.853659
8 0.033901 0.080350 0.067788 0.050526 0.811685
4 0.617061 0.573951 0.026437 0.056388 0.032638
8 0.617067 0.626154 0.026946 0.160991 0.028102
4 0.644044 0.642111 0.018375 0.025161 0.009453
6 0.160941 0.698956 0.046773 0.035779 0.005083
4 0.593883 0.606797 0.015662 0.046557 0.003610
6 0.082361 0.691674 0.034362 0.040873 0.003047
6 0.068999 0.681440 0.014728 0.019455 0.001354
