6 0.295138 0.725674 0.154020 0.158571 0.951985
6 0.792584 0.795981 0.412160 0.408037 0.938627
8 0.273230 0.503565 0.067345 0.313942 0.929642
6 0.147741 0.699815 0.064214 0.065112 0.924626
6 0.203643 0.696832 0.077171 0.075143 0.924076
8 0.103848 0.602407 0.046953 0.220026 0.910429
8 0.043335 0.118049 0.085967 0.061587 0.907084
6 0.043783 0.704060 0.038904 0.043148 0.893606
8 0.016706 0.631825 0.030445 0.149256 0.875063
4 0.638808 0.627915 0.026293 0.176598 0.865918
6 0.018184 0.707820 0.021750 0.028349 0.863126
6 0.074469 0.707536 0.056790 0.040552 0.829246
6 0.108998 0.709792 0.034143 0.038493 0.317414
6 0.186162 0.716371 0.043153 0.035266 0.196953
4 0.666631 0.636682 0.017490 0.025554 0.146013
8 0.042981 0.397301 0.085549 0.638840 0.028620
4 0.674088 0.702754 0.015711 0.042181 0.005741
6 0.074456 0.725199 0.057982 0.078989 0.003935
4 0.615845 0.603769 0.015306 0.045848 0.003552
8 0.638833 0.628919 0.026239 0.179355 0.001759
