0 0.659472 0.707319 0.128093 0.577721 0.962657
0 0.825965 0.640692 0.174006 0.699338 0.959175
0 0.705710 0.594347 0.032949 0.147020 0.928024
8 0.945435 0.480839 0.030730 0.133925 0.926722
8 0.908648 0.390350 0.058852 0.449623 0.916859
6 0.929398 0.541196 0.017193 0.021973 0.827941
8 0.870867 0.411864 0.029391 0.141200 0.712578
8 0.908095 0.496795 0.024225 0.098028 0.674582
4 0.904029 0.495349 0.018946 0.022594 0.592712
4 0.907347 0.478225 0.023892 0.064202 0.048776
4 0.908010 0.493924 0.024852 0.085469 0.026472
8 0.907347 0.478225 0.023892 0.064202 0.005767
0 0.941150 0.539857 0.012085 0.026806 0.004578
4 0.904110 0.509713 0.022692 0.052977 0.003550
4 0.907807 0.502582 0.023980 0.042185 0.002264
6 0.997906 0.531707 0.004189 0.025246 0.001644
6 0.963101 0.535724 0.015900 0.037248 0.001481
6 0.941109 0.538945 0.011980 0.026144 0.001266
4 0.903541 0.501169 0.022069 0.036368 0.001058
6 0.941962 0.538323 0.017087 0.028832 0.001010
