0 0.657876 0.559465 0.063030 0.152034 0.954301
0 0.449641 0.571435 0.049188 0.139116 0.938445
6 0.126828 0.533924 0.056920 0.074991 0.931676
6 0.250506 0.476916 0.073330 0.063983 0.929956
0 0.593413 0.566005 0.047819 0.127562 0.926606
0 0.566691 0.566398 0.047773 0.113804 0.922056
6 0.202245 0.511823 0.052696 0.070555 0.917852
8 0.159393 0.497784 0.035971 0.199828 0.916664
6 0.271103 0.509458 0.047526 0.058409 0.915997
4 0.544768 0.516444 0.028916 0.036532 0.913262
6 0.422209 0.456579 0.074137 0.053734 0.913040
6 0.349725 0.466019 0.057721 0.056592 0.912024
6 0.139238 0.490781 0.076211 0.059180 0.902337
4 0.530421 0.581649 0.029343 0.055973 0.900251
8 0.388578 0.312143 0.095658 0.605055 0.899501
6 0.047680 0.487221 0.077297 0.059113 0.899271
4 0.673861 0.457670 0.025923 0.049264 0.894387
0 0.466957 0.472569 0.016227 0.064671 0.867897
0 0.611473 0.447048 0.018128 0.035318 0.852698
0 0.343690 0.435323 0.010812 0.019283 0.793580
0 0.585464 0.453550 0.013911 0.026387 0.760874
6 0.187990 0.496590 0.035738 0.059033 0.682962
0 0.637500 0.440697 0.013530 0.027240 0.454164
6 0.049461 0.529951 0.057562 0.064673 0.242186
6 0.490566 0.511583 0.043904 0.075497 0.136949
0 0.490437 0.511974 0.043593 0.074337 0.122800
0 0.629387 0.450754 0.013391 0.024220 0.040773
0 0.342346 0.436839 0.014521 0.019826 0.039123
0 0.636412 0.444854 0.015097 0.031147 0.035084
6 0.267150 0.499056 0.049988 0.056092 0.029747
0 0.343688 0.432831 0.011703 0.025529 0.016561
0 0.344956 0.436887 0.015975 0.018808 0.016461
0 0.638848 0.443276 0.011809 0.030360 0.013974
0 0.598356 0.460616 0.011888 0.018545 0.005808
6 0.488964 0.400934 0.021503 0.030982 0.004280
0 0.636666 0.437000 0.016509 0.035387 0.004186
6 0.002730 0.499456 0.005460 0.073277 0.003639
6 0.008767 0.503658 0.017534 0.033394 0.003429
6 0.159588 0.496652 0.036304 0.198041 0.003104
5 0.490513 0.511754 0.043614 0.075232 0.003057
6 0.032255 0.491968 0.045708 0.050779 0.002798
0 0.467139 0.446641 0.010728 0.019151 0.002415
6 0.006529 0.504280 0.013058 0.044483 0.002084
2 0.490366 0.511920 0.043648 0.074586 0.001772
6 0.001757 0.499778 0.003515 0.053410 0.001405
8 0.187661 0.496383 0.036657 0.056911 0.001244
0 0.587441 0.455210 0.015195 0.027373 0.001221
6 0.000945 0.491557 0.001890 0.064232 0.001193
8 0.139707 0.494000 0.076033 0.065176 0.001139
4 0.566437 0.565994 0.047418 0.113525 0.001055
