5 0.609224 0.575388 0.110894 0.286255 0.963861
5 0.478130 0.575918 0.094545 0.270609 0.961488
5 0.757013 0.577068 0.102845 0.328536 0.957361
5 0.309942 0.572133 0.074837 0.220007 0.952166
5 0.266103 0.560198 0.060339 0.203518 0.945926
4 0.080203 0.265919 0.035111 0.068566 0.940555
4 0.037961 0.276553 0.034490 0.057012 0.937261
4 0.109930 0.273433 0.019368 0.052095 0.911008
9 0.286235 0.525577 0.091716 0.152175 0.892908
4 0.323073 0.161610 0.048404 0.122228 0.512780
4 0.169611 0.345124 0.013154 0.019795 0.009328
