0 0.398019 0.409710 0.110887 0.518202 0.954647
0 0.520948 0.450489 0.064292 0.154366 0.953734
6 0.097151 0.392081 0.075431 0.072080 0.940308
0 0.285091 0.445341 0.157951 0.712836 0.931035
6 0.047986 0.434187 0.055197 0.081517 0.923437
6 0.119686 0.424482 0.050312 0.063907 0.919478
6 0.197235 0.376748 0.041992 0.055738 0.911502
4 0.536505 0.348273 0.025131 0.050749 0.905039
0 0.452104 0.459544 0.063504 0.135216 0.887375
0 0.473877 0.340363 0.020250 0.036265 0.873952
6 0.852099 0.284749 0.043472 0.033811 0.038622
0 0.197913 0.345581 0.010943 0.032165 0.004740
0 0.197773 0.349536 0.012702 0.027467 0.004477
8 0.473516 0.136288 0.017569 0.039219 0.001807
6 0.034814 0.414615 0.028610 0.059116 0.001533
6 0.990884 0.470534 0.018233 0.185701 0.001038
