5 0.902134 0.389163 0.108084 0.390871 0.965174
5 0.314531 0.436362 0.115420 0.273989 0.958222
5 0.244550 0.439009 0.072619 0.241656 0.950786
5 0.717069 0.406990 0.108278 0.348401 0.950717
5 0.548184 0.433527 0.081105 0.328380 0.950045
6 0.556254 0.238048 0.311224 0.198250 0.914135
9 0.219599 0.379512 0.122422 0.211656 0.907396
5 0.152146 0.374619 0.098387 0.206042 0.516646
9 0.242294 0.393151 0.076447 0.172215 0.448884
5 0.180143 0.378268 0.154375 0.210410 0.008805
6 0.220740 0.378542 0.121623 0.214063 0.006591
9 0.242214 0.361394 0.076574 0.109320 0.005898
6 0.125035 0.312862 0.111308 0.133993 0.004155
4 0.202921 0.147318 0.010486 0.028579 0.002223
5 0.209271 0.377485 0.144220 0.212917 0.001297
11 0.220740 0.378542 0.121623 0.214063 0.001199
4 0.223493 0.620100 0.007360 0.013569 0.001056
