1 0.593050 0.530500 0.087874 0.163570 0.967124
2 0.770440 0.673825 0.064439 0.096897 0.948949
2 0.969461 0.631282 0.060287 0.079615 0.940936
2 0.449391 0.627012 0.039659 0.055939 0.922042
2 0.799398 0.574493 0.027940 0.047627 0.894867
2 0.751660 0.565744 0.031019 0.050549 0.892304
2 0.662051 0.482792 0.017379 0.022714 0.820121
2 0.525966 0.568884 0.027409 0.051342 0.809195
2 0.502916 0.592527 0.034763 0.061535 0.802320
2 0.863404 0.444456 0.018351 0.025868 0.779092
2 0.715264 0.540643 0.025613 0.043563 0.772176
2 0.686176 0.572297 0.072874 0.076430 0.713461
0 0.614214 0.510186 0.032472 0.059096 0.668693
2 0.665304 0.542188 0.019658 0.035529 0.616115
2 0.607241 0.603777 0.036210 0.057765 0.569699
2 0.680374 0.551062 0.022075 0.041741 0.551959
0 0.572384 0.525653 0.031099 0.057991 0.339546
2 0.239143 0.618732 0.017098 0.021100 0.308960
2 0.217020 0.625656 0.012507 0.022379 0.240849
4 0.137810 0.580263 0.021908 0.036302 0.125602
2 0.479520 0.581588 0.016782 0.042207 0.056924
2 0.493402 0.593015 0.019837 0.056238 0.020770
2 0.206302 0.624830 0.014915 0.020886 0.019652
2 0.682659 0.568928 0.028755 0.080342 0.010860
2 0.716870 0.561794 0.027255 0.024614 0.002927
2 0.968816 0.965534 0.062368 0.068932 0.002430
2 0.682190 0.559881 0.024639 0.062691 0.001736
2 0.700102 0.562966 0.019149 0.037908 0.001547
2 0.486476 0.583446 0.026560 0.042929 0.001212
