3 0.251260 0.617605 0.154976 0.241182 0.961707
0 0.671026 0.532343 0.349023 0.823689 0.942265
8 0.497520 0.056097 0.109222 0.066296 0.938741
8 0.237344 0.076412 0.128308 0.067670 0.938193
8 0.891593 0.131529 0.097831 0.046519 0.935033
8 0.950109 0.029233 0.099782 0.056799 0.926926
8 0.525349 0.153871 0.088450 0.047712 0.925230
8 0.320821 0.168393 0.093138 0.057347 0.924654
6 0.559761 0.671361 0.047548 0.056046 0.918059
6 0.799504 0.668800 0.052467 0.050451 0.913377
6 0.756532 0.671628 0.050890 0.052871 0.905320
6 0.323297 0.672783 0.033299 0.047909 0.899118
6 0.596172 0.670827 0.034959 0.046573 0.010308
