0 0.451738 0.596702 0.147074 0.298818 0.959329
6 0.532852 0.687532 0.099587 0.062100 0.945021
8 0.207272 0.032054 0.125815 0.064109 0.938975
6 0.405041 0.744482 0.088516 0.065366 0.936998
6 0.269660 0.667202 0.049791 0.050740 0.932647
8 0.654499 0.055582 0.110172 0.054782 0.930670
8 0.234639 0.132321 0.094588 0.050235 0.929203
8 0.591058 0.147689 0.082255 0.042061 0.922899
6 0.380942 0.663954 0.030140 0.038542 0.912546
6 0.013157 0.681330 0.026198 0.046606 0.873257
6 0.330986 0.663438 0.030846 0.044794 0.871569
8 0.026418 0.122682 0.052648 0.050051 0.851939
6 0.357684 0.663362 0.030303 0.045942 0.845454
6 0.307077 0.666076 0.025797 0.036088 0.012299
