0 0.576942 0.539297 0.176962 0.699675 0.959096
3 0.177381 0.623726 0.152345 0.239386 0.956364
8 0.497846 0.057539 0.109635 0.065944 0.919496
8 0.890260 0.131798 0.105479 0.045755 0.919231
6 0.797662 0.672859 0.053629 0.054096 0.916548
8 0.525491 0.155149 0.080279 0.043468 0.914090
8 0.953116 0.026808 0.093768 0.053616 0.906639
6 0.756662 0.672122 0.048531 0.044566 0.906469
6 0.323103 0.674584 0.033988 0.043680 0.903367
6 0.620914 0.669717 0.027559 0.041515 0.888986
6 0.722583 0.668197 0.033029 0.047492 0.888348
8 0.321564 0.166834 0.094710 0.052313 0.885236
6 0.672561 0.670050 0.034529 0.042821 0.871662
8 0.237714 0.076316 0.127997 0.066706 0.869198
6 0.643390 0.671469 0.033612 0.045540 0.842088
6 0.696560 0.670061 0.033157 0.041468 0.667209
