3 0.178214 0.624338 0.150142 0.233004 0.959820
0 0.605818 0.528499 0.250689 0.923720 0.951622
8 0.498292 0.058905 0.109310 0.075236 0.948882
8 0.891363 0.132564 0.093061 0.054217 0.941619
8 0.237011 0.076662 0.128894 0.068688 0.940972
8 0.321697 0.166063 0.088395 0.057531 0.931607
8 0.950757 0.033743 0.098486 0.065603 0.930959
8 0.524758 0.155623 0.093140 0.050287 0.928202
6 0.799309 0.670778 0.052028 0.057432 0.915242
6 0.757046 0.673200 0.050431 0.047482 0.896013
6 0.550335 0.669934 0.032079 0.044637 0.884376
6 0.323149 0.674974 0.034531 0.042421 0.874660
6 0.723203 0.666164 0.036179 0.044734 0.309642
