2 0.723481 0.436570 0.045513 0.165593 0.952374
2 0.975194 0.416795 0.045234 0.137572 0.936566
2 0.917386 0.543568 0.058583 0.108695 0.912485
2 0.652815 0.424368 0.018105 0.146255 0.904853
2 0.690417 0.429825 0.017201 0.098459 0.844414
2 0.402109 0.409117 0.025516 0.059624 0.728811
2 0.917314 0.568383 0.058961 0.160843 0.635592
2 0.239955 0.342496 0.020538 0.090287 0.536614
2 0.613992 0.422619 0.038924 0.094870 0.468474
2 0.369872 0.429464 0.015756 0.072724 0.417447
2 0.402247 0.430446 0.026345 0.102265 0.157792
2 0.527543 0.428563 0.018737 0.111567 0.005517
2 0.239919 0.326863 0.019830 0.057156 0.002306
