0 0.321963 0.542298 0.359728 0.891051 0.951007
8 0.209383 0.044038 0.117561 0.083293 0.933058
8 0.237608 0.149852 0.089392 0.073424 0.928399
8 0.657913 0.075265 0.118516 0.073126 0.926527
8 0.027590 0.141511 0.054280 0.076472 0.909073
8 0.594261 0.165969 0.089511 0.074291 0.904325
6 0.472350 0.676182 0.050599 0.046555 0.883464
6 0.511281 0.676113 0.046614 0.046780 0.859983
6 0.407736 0.675297 0.045819 0.045087 0.858946
2 0.014843 0.696737 0.029186 0.042225 0.001008
3 0.000000 0.637097 0.000000 0.242786 0.001007
