0 0.530790 0.719417 0.314776 0.561165 0.963773
8 0.299404 0.172661 0.088709 0.048863 0.948979
8 0.271557 0.069028 0.111979 0.069875 0.948539
8 0.716293 0.089113 0.115928 0.062589 0.940484
8 0.072706 0.162948 0.110463 0.060876 0.936188
8 0.650512 0.184350 0.086755 0.040465 0.933729
8 0.025967 0.058836 0.051306 0.068926 0.929577
6 0.330048 0.695229 0.046824 0.051847 0.898558
6 0.442193 0.695712 0.030974 0.042363 0.887389
7 0.426448 0.626474 0.024788 0.035534 0.880444
6 0.414790 0.693744 0.030253 0.041759 0.866407
6 0.392111 0.693693 0.028414 0.041904 0.836361
6 0.071529 0.708005 0.040533 0.044079 0.818111
6 0.368221 0.694952 0.032051 0.042096 0.814814
6 0.491660 0.690456 0.038993 0.047715 0.758869
6 0.467426 0.695169 0.033616 0.041887 0.452254
6 0.481856 0.426324 0.030516 0.080706 0.001117
