0 0.528788 0.705771 0.215201 0.588458 0.960443
8 0.272077 0.069243 0.117030 0.072860 0.948135
8 0.650367 0.184349 0.090280 0.044291 0.939427
8 0.299299 0.174530 0.089477 0.053055 0.938329
8 0.072749 0.165228 0.112440 0.070068 0.936006
8 0.716628 0.089422 0.110309 0.057335 0.934760
6 0.331229 0.698594 0.047066 0.052733 0.930496
8 0.026739 0.059037 0.053042 0.063121 0.919194
6 0.071411 0.708789 0.039997 0.045238 0.916037
6 0.368407 0.696695 0.030401 0.043225 0.899247
7 0.449217 0.618189 0.019616 0.035258 0.889336
6 0.414859 0.694242 0.030188 0.042866 0.883411
6 0.392746 0.694752 0.028156 0.043118 0.877303
6 0.437632 0.696653 0.026845 0.039306 0.296776
6 0.495376 0.688717 0.039251 0.050875 0.020099
