0 0.368702 0.721858 0.261146 0.545757 0.970011
8 0.649974 0.184291 0.089709 0.041661 0.776617
6 0.323515 0.696785 0.044106 0.044720 0.722663
7 0.252363 0.651499 0.016022 0.028038 0.704545
6 0.071976 0.708737 0.040803 0.042920 0.589641
8 0.025713 0.059012 0.051087 0.065986 0.442490
8 0.716575 0.088666 0.115765 0.062225 0.418188
6 0.492610 0.690520 0.031492 0.042610 0.380667
8 0.271928 0.069113 0.110467 0.070447 0.332580
8 0.299419 0.172974 0.088605 0.052670 0.328490
6 0.525117 0.694257 0.048736 0.044358 0.327372
8 0.073060 0.165713 0.111104 0.068505 0.250808
6 0.566617 0.690872 0.046134 0.043311 0.182738
