0 0.617329 0.715048 0.318977 0.569904 0.954792
8 0.271613 0.072984 0.111697 0.070919 0.952957
8 0.299609 0.175893 0.088149 0.051427 0.937520
8 0.650292 0.188271 0.089700 0.040810 0.937318
8 0.716605 0.093289 0.113008 0.059703 0.936727
8 0.072505 0.167486 0.109386 0.064517 0.932607
8 0.026746 0.062010 0.052833 0.066986 0.931855
0 0.389013 0.668221 0.178959 0.478109 0.917062
6 0.325922 0.701352 0.040095 0.047816 0.915048
6 0.071719 0.712362 0.040500 0.043560 0.897467
6 0.463805 0.697745 0.032186 0.039808 0.891248
7 0.320981 0.498117 0.016220 0.031670 0.863835
6 0.525505 0.697462 0.047157 0.042269 0.831498
6 0.562793 0.694825 0.044536 0.047561 0.785014
6 0.492957 0.696176 0.032626 0.042779 0.069779
0 0.488639 0.711176 0.373256 0.567120 0.027618
0 0.419641 0.676659 0.247110 0.496829 0.010748
