0 0.362059 0.711813 0.177709 0.575311 0.960696
8 0.271840 0.069438 0.110363 0.069075 0.952754
8 0.299398 0.172400 0.088502 0.048728 0.950050
8 0.073248 0.161828 0.109113 0.055896 0.946012
8 0.716102 0.089554 0.116758 0.062468 0.943083
8 0.026494 0.058837 0.052346 0.072309 0.936133
8 0.650799 0.184696 0.085387 0.038554 0.935838
6 0.525529 0.693620 0.046232 0.043593 0.917730
6 0.072473 0.709687 0.041593 0.043630 0.909090
6 0.444245 0.695923 0.031789 0.039096 0.901177
6 0.566417 0.692115 0.047823 0.046692 0.898259
6 0.491744 0.691443 0.033779 0.047177 0.878688
7 0.329820 0.658868 0.028332 0.040450 0.869988
6 0.468455 0.694950 0.031655 0.039869 0.212040
