0 0.318301 0.527991 0.110919 0.586125 0.957792
6 0.277685 0.789822 0.106317 0.082215 0.943527
8 0.207304 0.032864 0.123209 0.065728 0.942888
8 0.234218 0.132914 0.095340 0.054885 0.937274
8 0.654858 0.055655 0.110005 0.054159 0.933955
8 0.591436 0.148405 0.086884 0.045824 0.927294
6 0.416886 0.716377 0.079589 0.063903 0.926146
6 0.267811 0.668102 0.047435 0.047067 0.918814
8 0.028485 0.123824 0.056905 0.046235 0.909982
6 0.014615 0.681303 0.029230 0.046330 0.895343
6 0.419233 0.659525 0.061609 0.047006 0.884342
6 0.356801 0.659919 0.033652 0.042517 0.829167
6 0.433751 0.658727 0.032248 0.046933 0.010885
6 0.388490 0.659779 0.020516 0.034236 0.004679
8 0.054087 0.136468 0.019288 0.022298 0.003097
6 0.405931 0.660596 0.032456 0.044630 0.002209
8 0.000000 0.118996 0.000000 0.036696 0.001908
3 0.000000 0.641158 0.000000 0.186316 0.001493
9 0.000000 0.679846 0.000000 0.041863 0.001273
