0 0.541015 0.699612 0.264491 0.314624 0.962836
6 0.387025 0.836079 0.117005 0.094788 0.940315
6 0.489676 0.795754 0.107412 0.095327 0.937256
8 0.653741 0.056204 0.107702 0.053617 0.936044
6 0.269419 0.665656 0.050944 0.051138 0.931307
8 0.206059 0.033239 0.116016 0.066478 0.928399
8 0.591496 0.147928 0.084819 0.046299 0.921749
8 0.234525 0.131317 0.089930 0.052655 0.903782
6 0.382779 0.662474 0.031053 0.038899 0.900223
6 0.434556 0.659748 0.035705 0.045881 0.899651
8 0.029518 0.123304 0.058828 0.045368 0.883094
6 0.330646 0.662607 0.031660 0.042764 0.879142
6 0.356714 0.660589 0.031607 0.048617 0.874240
6 0.012708 0.681370 0.025417 0.046403 0.859380
6 0.406446 0.659543 0.023928 0.041973 0.816442
6 0.308016 0.665337 0.026814 0.035056 0.529075
0 0.242685 0.472407 0.027335 0.078014 0.001440
0 0.307653 0.665377 0.026283 0.035488 0.001101
8 0.000000 0.123347 0.000000 0.047822 0.001012
