0 0.208922 0.614265 0.156173 0.294699 0.951013
8 0.210282 0.045031 0.119067 0.068979 0.947040
8 0.658197 0.072495 0.108208 0.055215 0.943427
8 0.238656 0.147774 0.093850 0.053681 0.941064
6 0.134096 0.725440 0.082054 0.067662 0.931651
8 0.594243 0.164002 0.084997 0.044772 0.929117
6 0.471636 0.675488 0.047386 0.040970 0.919370
8 0.031068 0.137136 0.061876 0.046556 0.918841
6 0.384896 0.677321 0.030775 0.039358 0.909555
6 0.276899 0.682995 0.044514 0.049379 0.901615
6 0.332239 0.677986 0.028671 0.042910 0.892897
6 0.015163 0.694868 0.030055 0.046720 0.885242
6 0.410571 0.675985 0.030470 0.038712 0.883543
6 0.438062 0.672705 0.031491 0.042062 0.874166
6 0.358634 0.676789 0.031783 0.045281 0.004455
0 0.358432 0.676934 0.032241 0.045708 0.001360
6 0.308613 0.680796 0.025352 0.039134 0.001162
