0 0.344280 0.519235 0.211252 0.721619 0.953469
6 0.177241 0.781876 0.127652 0.093309 0.941072
8 0.205972 0.031071 0.116594 0.061785 0.931953
6 0.472515 0.848590 0.124725 0.104939 0.928093
6 0.269445 0.667904 0.047978 0.052158 0.923715
8 0.655689 0.055473 0.102186 0.058729 0.915583
8 0.234105 0.132755 0.090846 0.051168 0.902808
8 0.591261 0.147291 0.081545 0.035573 0.876323
6 0.329115 0.661712 0.029314 0.041035 0.869717
6 0.306769 0.663570 0.030904 0.039299 0.862561
6 0.012639 0.679438 0.025279 0.042606 0.842788
8 0.028084 0.123828 0.055960 0.047896 0.789624
6 0.438030 0.659310 0.031023 0.045052 0.032546
3 0.472556 0.848560 0.125605 0.105197 0.004128
9 0.000022 0.680990 0.000043 0.066916 0.002827
9 0.000000 0.658703 0.000000 0.076804 0.001821
9 0.000016 0.696938 0.000032 0.089109 0.001157
