0 0.503508 0.517789 0.191499 0.945162 0.944215
6 0.370243 0.878505 0.170161 0.162728 0.928720
6 0.269278 0.666172 0.050165 0.050562 0.903547
6 0.618716 0.932746 0.151074 0.132791 0.899951
8 0.233543 0.128254 0.085535 0.052836 0.890105
6 0.381382 0.662981 0.032368 0.038306 0.881017
6 0.307227 0.663095 0.033728 0.040086 0.864845
8 0.205522 0.033182 0.114165 0.066210 0.847543
6 0.012898 0.680657 0.025796 0.045362 0.846325
6 0.355858 0.658788 0.032684 0.042443 0.806585
6 0.409255 0.660845 0.032149 0.042164 0.805039
8 0.654365 0.056640 0.104730 0.058707 0.804443
8 0.026779 0.124131 0.053491 0.055031 0.727187
8 0.589914 0.147458 0.088622 0.048350 0.624768
6 0.603516 0.909896 0.122689 0.082160 0.312301
6 0.433652 0.658937 0.032855 0.041514 0.179943
6 0.387818 0.743868 0.032689 0.032737 0.006735
3 0.000000 0.628001 0.000000 0.217888 0.001040
8 0.000000 0.117264 0.000000 0.047676 0.001010
