0 0.507281 0.622532 0.132719 0.251548 0.943946
8 0.654340 0.055516 0.109122 0.053315 0.941640
6 0.270045 0.665382 0.050829 0.051464 0.939135
8 0.206550 0.033482 0.119927 0.066964 0.937804
6 0.487447 0.735274 0.097299 0.076850 0.936053
8 0.591651 0.147214 0.085778 0.045439 0.933577
8 0.234809 0.131775 0.092661 0.052569 0.931736
6 0.419884 0.714331 0.057739 0.056575 0.911225
8 0.027484 0.122786 0.054591 0.045949 0.909179
6 0.383852 0.662734 0.033160 0.035826 0.907122
6 0.407038 0.660135 0.025692 0.042816 0.896153
6 0.330390 0.662779 0.031270 0.042453 0.896055
6 0.435331 0.659813 0.035906 0.045014 0.892482
6 0.013611 0.681072 0.027049 0.049189 0.885731
6 0.356457 0.660660 0.032052 0.047885 0.872014
6 0.307127 0.665121 0.027511 0.036169 0.002301
