8 0.327754 0.107015 0.101208 0.072627 0.948915
0 0.524776 0.565996 0.192746 0.855222 0.945941
8 0.356548 0.209225 0.080055 0.048869 0.941429
3 0.068861 0.698226 0.136328 0.260334 0.928960
8 0.142808 0.211774 0.081800 0.046933 0.926499
6 0.391050 0.727352 0.043019 0.041265 0.915859
8 0.051202 0.111908 0.096738 0.074353 0.904088
6 0.426051 0.723093 0.024730 0.033727 0.878708
6 0.624408 0.718754 0.050398 0.038402 0.868038
8 0.706333 0.200217 0.080060 0.051307 0.860285
6 0.141553 0.740693 0.032977 0.033677 0.851668
8 0.743309 0.106519 0.028712 0.066356 0.850027
3 0.008179 0.743340 0.016285 0.151629 0.001351
0 0.997820 0.739445 0.004361 0.062413 0.001213
