0 0.434019 0.458340 0.227660 0.858739 0.953450
8 0.096873 0.030300 0.128468 0.059933 0.942157
3 0.112833 0.594814 0.174844 0.241114 0.941114
8 0.394899 0.118958 0.082370 0.045624 0.931548
8 0.182322 0.123158 0.096782 0.055360 0.928351
8 0.369878 0.024905 0.093633 0.048256 0.897689
8 0.801729 0.013059 0.062906 0.026119 0.857672
6 0.192641 0.650499 0.030004 0.032421 0.839878
8 0.751759 0.107263 0.070967 0.057198 0.829638
6 0.634970 0.632883 0.041676 0.030902 0.819415
6 0.666503 0.631791 0.052203 0.034754 0.730332
6 0.607171 0.632494 0.067630 0.034985 0.030385
8 0.735803 0.109644 0.039071 0.057861 0.025540
6 0.516310 0.632224 0.025863 0.037015 0.004151
6 0.542979 0.632667 0.031223 0.038062 0.001616
