0 0.467111 0.469927 0.391469 0.926730 0.966270
3 0.107765 0.596058 0.167378 0.244834 0.951283
8 0.182761 0.123703 0.095406 0.056165 0.899027
8 0.367009 0.026538 0.100925 0.050902 0.894899
6 0.634911 0.632634 0.041605 0.030580 0.857358
8 0.801985 0.013167 0.062858 0.026334 0.829523
6 0.666829 0.632004 0.051062 0.033316 0.827867
6 0.192369 0.650706 0.030780 0.032869 0.818778
8 0.096334 0.031076 0.128456 0.059988 0.806090
8 0.735914 0.109669 0.039922 0.057899 0.265112
8 0.751993 0.107781 0.070271 0.057397 0.177279
8 0.394565 0.118500 0.084788 0.044534 0.078824
6 0.606614 0.632436 0.066213 0.034527 0.005718
0 0.800345 0.243721 0.022661 0.166395 0.001423
