2 0.761273 0.583642 0.045695 0.103220 0.923457
2 0.951621 0.613093 0.041647 0.075333 0.922529
2 0.805936 0.634520 0.053985 0.079099 0.921385
2 0.888589 0.604607 0.037097 0.073784 0.912112
2 0.452420 0.555110 0.029846 0.049550 0.899765
2 0.425642 0.576216 0.020407 0.079788 0.895336
2 0.636723 0.592510 0.041322 0.077874 0.883070
2 0.921008 0.614085 0.025907 0.064809 0.837175
2 0.595738 0.596028 0.026047 0.072742 0.833563
2 0.620157 0.593872 0.048686 0.083035 0.750959
8 0.856996 0.165521 0.048316 0.314601 0.705469
2 0.613429 0.592107 0.035775 0.079089 0.658137
2 0.598169 0.587564 0.022023 0.072758 0.090144
0 0.210234 0.397722 0.008868 0.034594 0.003205
2 0.599961 0.601603 0.018527 0.065573 0.001621
2 0.598706 0.574302 0.019975 0.045976 0.001272
