2 0.883615 0.378095 0.095024 0.121465 0.963698
2 0.769785 0.314725 0.083552 0.091452 0.954664
2 0.418816 0.440483 0.104892 0.237720 0.951900
0 0.811006 0.048358 0.028865 0.092579 0.937019
0 0.990533 0.066263 0.018934 0.126035 0.877894
0 0.498891 0.053399 0.024786 0.061143 0.842623
8 0.745669 0.076616 0.010735 0.024089 0.824188
8 0.641508 0.064270 0.012098 0.030002 0.778912
8 0.951360 0.110466 0.017036 0.036642 0.691758
9 0.772336 0.029095 0.021338 0.051911 0.365424
0 0.772509 0.029189 0.021078 0.050961 0.326375
8 0.849610 0.096520 0.010395 0.015942 0.171038
8 0.772343 0.029035 0.021297 0.051894 0.024595
0 0.641385 0.064125 0.011679 0.030056 0.011927
4 0.772206 0.029346 0.021731 0.050966 0.004660
0 0.985762 0.066085 0.028476 0.124122 0.001251
8 0.990538 0.065670 0.018925 0.125093 0.001014
