0 0.316394 0.269100 0.046622 0.171249 0.945105
0 0.380564 0.256299 0.106994 0.301268 0.943121
2 0.348047 0.718381 0.043010 0.086695 0.929214
2 0.508561 0.522525 0.016756 0.048614 0.903449
4 0.741463 0.186650 0.015109 0.039157 0.893699
0 0.203157 0.194997 0.013007 0.045048 0.887070
4 0.730528 0.184401 0.012704 0.032294 0.868800
2 0.695039 0.247118 0.012335 0.017442 0.787374
2 0.453390 0.324295 0.012223 0.022055 0.735523
2 0.450742 0.324237 0.017253 0.022970 0.127566
2 0.447598 0.323925 0.021430 0.023923 0.052629
2 0.180497 0.366927 0.009704 0.015440 0.032471
2 0.178653 0.367594 0.012441 0.017984 0.007823
2 0.180933 0.364020 0.009520 0.018851 0.003803
0 0.453160 0.324531 0.012986 0.022102 0.002196
2 0.316511 0.269256 0.046920 0.171385 0.001123
9 0.218412 0.196832 0.023834 0.037654 0.001050
