0 0.307749 0.299961 0.039327 0.176189 0.946231
2 0.455330 0.656077 0.047365 0.085385 0.942083
2 0.078086 0.886770 0.050634 0.097499 0.927088
2 0.630469 0.488615 0.037328 0.046208 0.907582
4 0.796173 0.231242 0.015072 0.039755 0.898845
4 0.784731 0.228070 0.013084 0.033251 0.867178
2 0.510149 0.355555 0.007114 0.019569 0.866043
2 0.257206 0.381501 0.011072 0.023371 0.859012
2 0.746728 0.288916 0.010083 0.018979 0.850816
0 0.455809 0.290230 0.049853 0.297329 0.788608
2 0.527102 0.357694 0.010416 0.016753 0.710784
2 0.455902 0.290083 0.049361 0.296641 0.161711
2 0.497951 0.359834 0.010259 0.013977 0.131948
6 0.455885 0.290585 0.050017 0.297405 0.001931
