2 0.315693 0.691050 0.048330 0.107771 0.937297
2 0.966922 0.798734 0.042637 0.071994 0.933563
2 0.410162 0.916745 0.032805 0.091214 0.928630
2 0.820029 0.716024 0.043044 0.074532 0.912526
2 0.885830 0.669795 0.026027 0.062330 0.904031
2 0.950042 0.557772 0.023016 0.042454 0.903387
2 0.967012 0.521014 0.025713 0.034707 0.898194
2 0.580411 0.450303 0.025499 0.050189 0.895436
2 0.524153 0.113913 0.017756 0.033329 0.869046
2 0.745726 0.435978 0.015576 0.040118 0.859415
2 0.833893 0.081035 0.016993 0.028660 0.838341
