4 0.492466 0.588894 0.129288 0.232446 0.952208
8 0.306175 0.891056 0.062090 0.217848 0.896594
8 0.179648 0.965280 0.039564 0.065852 0.684482
8 0.316625 0.980102 0.024061 0.038934 0.560855
8 0.221043 0.984928 0.021241 0.028469 0.551443
8 0.311061 0.978317 0.013157 0.034395 0.048327
8 0.314117 0.992864 0.016018 0.013912 0.012464
8 0.094386 0.924957 0.056063 0.147189 0.009636
8 0.535970 0.474831 0.009101 0.010928 0.007216
8 0.217462 1.000000 0.026097 0.000000 0.001518
8 0.243073 1.000000 0.023337 0.000000 0.001278
8 0.249158 1.000000 0.025408 0.000000 0.001270
8 0.206061 1.000000 0.016457 0.000000 0.001013
