0 0.041386 0.560281 0.081780 0.309768 0.957344
0 0.395568 0.513702 0.060748 0.230596 0.944894
0 0.109848 0.529709 0.077116 0.302088 0.935915
0 0.337431 0.492020 0.057635 0.221103 0.934696
0 0.702911 0.499977 0.064956 0.262386 0.934371
0 0.529298 0.485435 0.055632 0.235954 0.929189
0 0.198909 0.567834 0.057707 0.268082 0.928725
0 0.466871 0.475696 0.037292 0.194961 0.925456
0 0.659557 0.462103 0.037546 0.149728 0.922693
8 0.784984 0.202896 0.079298 0.396520 0.914804
0 0.138676 0.526601 0.052200 0.238325 0.912858
0 0.554775 0.428244 0.027501 0.130007 0.910964
0 0.840487 0.466649 0.033010 0.181797 0.907480
0 0.238644 0.462039 0.027103 0.191229 0.905394
0 0.866977 0.447460 0.027778 0.136898 0.904344
0 0.898316 0.438096 0.028261 0.146978 0.893779
0 0.755997 0.467645 0.035254 0.189479 0.887382
0 0.779257 0.452935 0.030243 0.157940 0.884924
0 0.916948 0.435410 0.023545 0.138633 0.872212
0 0.941990 0.439860 0.027959 0.162300 0.862900
0 0.814167 0.448358 0.022253 0.141392 0.860988
0 0.668234 0.409508 0.018302 0.079022 0.852321
0 0.979690 0.415986 0.025789 0.130834 0.797711
0 0.063316 0.517542 0.047186 0.232291 0.770522
0 0.216186 0.483443 0.034396 0.161949 0.745388
0 0.121569 0.463512 0.022472 0.113146 0.731994
0 0.960568 0.411601 0.020580 0.103093 0.720173
0 0.993463 0.434699 0.012782 0.123830 0.707389
0 0.494023 0.438276 0.020243 0.112283 0.659945
0 0.030318 0.471760 0.021109 0.099102 0.429355
0 0.375331 0.445486 0.022813 0.154150 0.348341
0 0.211034 0.446187 0.022901 0.085929 0.343786
0 0.794458 0.450544 0.022200 0.145148 0.175310
0 0.727342 0.409287 0.018353 0.066534 0.128334
0 0.884646 0.413983 0.018285 0.090475 0.053346
0 0.223034 0.522911 0.051627 0.225622 0.047758
0 0.885947 0.401212 0.015147 0.065756 0.021108
0 0.191460 0.428566 0.014858 0.059646 0.015042
0 0.789507 0.403946 0.016193 0.056919 0.012627
0 0.890919 0.397285 0.011637 0.063958 0.008363
0 0.231948 0.527755 0.033062 0.218092 0.008237
0 0.882187 0.418959 0.017633 0.091048 0.007878
0 0.790196 0.417145 0.017520 0.087181 0.006552
0 0.190954 0.436456 0.016654 0.076369 0.005335
0 0.031616 0.487325 0.019230 0.118730 0.005027
0 0.063862 0.476109 0.045475 0.145485 0.004453
0 0.024647 0.485470 0.028610 0.116507 0.003732
0 0.730212 0.420424 0.022555 0.079102 0.003449
0 0.712317 0.426933 0.023790 0.059564 0.003287
0 0.688955 0.416435 0.018496 0.082863 0.002535
0 0.212039 0.474186 0.024987 0.142228 0.002053
0 0.191323 0.471096 0.014640 0.143179 0.002037
0 0.504357 0.419380 0.009672 0.075417 0.001797
0 0.190295 0.482135 0.018388 0.170862 0.001389
0 0.000000 0.642099 0.000000 0.253490 0.001343
0 0.118859 0.403328 0.010812 0.056931 0.001205
0 0.892391 0.401954 0.015842 0.073169 0.001168
0 0.995866 0.413460 0.007584 0.077384 0.001112
