0 0.235090 0.579952 0.042594 0.196185 0.938173
0 0.161604 0.582318 0.038341 0.185406 0.936575
0 0.348105 0.576019 0.040633 0.194025 0.935522
0 0.402652 0.584505 0.041486 0.186916 0.929311
0 0.084025 0.570497 0.047575 0.212784 0.927731
8 0.647820 0.429309 0.050887 0.248737 0.925964
8 0.412727 0.324525 0.067837 0.358530 0.920700
0 0.313827 0.558760 0.021834 0.139448 0.914510
0 0.566327 0.555319 0.021211 0.123149 0.909478
0 0.018509 0.620064 0.037017 0.281239 0.893177
0 0.667668 0.550875 0.017578 0.088621 0.883684
0 0.615988 0.552059 0.014990 0.089651 0.882653
0 0.436926 0.569509 0.022220 0.138160 0.874305
0 0.540685 0.560923 0.014910 0.109561 0.864940
0 0.520711 0.566420 0.018792 0.118174 0.862450
0 0.738442 0.549741 0.019232 0.094099 0.861467
0 0.470117 0.564160 0.020760 0.109144 0.857493
0 0.972238 0.628705 0.053099 0.305778 0.845384
0 0.415550 0.563217 0.017966 0.127329 0.840332
0 0.694854 0.532218 0.010265 0.051874 0.831519
4 0.670905 0.473633 0.012107 0.020835 0.831034
0 0.856738 0.526887 0.012723 0.029424 0.825362
0 0.379808 0.535664 0.013955 0.069526 0.821662
0 0.605476 0.547754 0.012442 0.093801 0.790785
0 0.496630 0.549809 0.013986 0.081251 0.782495
4 0.722767 0.483152 0.012871 0.011212 0.768890
0 0.485282 0.557317 0.014775 0.099248 0.750583
0 0.029308 0.580635 0.056101 0.219720 0.603823
0 0.477952 0.562423 0.011250 0.103423 0.425361
0 0.460321 0.540634 0.009477 0.063398 0.236439
0 0.483726 0.532626 0.009723 0.048138 0.222971
0 0.603908 0.519655 0.011862 0.041103 0.221420
0 0.504195 0.524620 0.006767 0.027704 0.197018
0 0.604567 0.537707 0.010914 0.075271 0.177009
0 0.551053 0.528986 0.010985 0.056871 0.145426
0 0.415631 0.543606 0.017541 0.089605 0.122135
0 0.503151 0.530004 0.007967 0.034979 0.081228
0 0.481095 0.557188 0.012173 0.098891 0.073946
0 0.483434 0.550689 0.010211 0.085838 0.071051
0 0.570698 0.527996 0.012734 0.064496 0.070345
0 0.484922 0.528132 0.010022 0.039609 0.068431
0 0.516080 0.508794 0.009399 0.023273 0.064494
0 0.505526 0.524764 0.006656 0.030958 0.049713
0 0.500570 0.527425 0.007545 0.032197 0.042582
0 0.531589 0.511411 0.007832 0.023452 0.032839
0 0.571677 0.535034 0.010068 0.068997 0.026027
0 0.547970 0.526918 0.009556 0.046572 0.021574
0 0.478203 0.554488 0.009171 0.091013 0.017818
0 0.507633 0.535615 0.006668 0.054899 0.017612
0 0.499856 0.537311 0.010085 0.052232 0.015516
0 0.529984 0.530022 0.008049 0.049396 0.015189
0 0.530996 0.515740 0.008392 0.023775 0.014613
0 0.508411 0.541666 0.007104 0.067445 0.013967
0 0.460607 0.555891 0.009550 0.089685 0.013033
0 0.552973 0.526446 0.010116 0.058621 0.012529
0 0.515746 0.521945 0.011671 0.043471 0.008706
0 0.516332 0.511490 0.011011 0.026447 0.008609
0 0.478854 0.538799 0.008356 0.062419 0.008117
0 0.512186 0.548283 0.010037 0.082930 0.006948
0 0.528310 0.533524 0.008086 0.055667 0.006785
0 0.571683 0.519546 0.009864 0.046019 0.006379
0 0.452703 0.527080 0.005815 0.039857 0.005431
0 0.544302 0.531261 0.012632 0.053889 0.004883
0 0.729432 0.523308 0.008368 0.053229 0.004872
0 0.520183 0.509478 0.008797 0.021613 0.004574
0 0.485243 0.544775 0.011513 0.073920 0.004529
0 0.531767 0.505906 0.007331 0.024032 0.004454
0 0.495132 0.524632 0.010638 0.034569 0.004309
0 0.492905 0.524523 0.009687 0.034580 0.003796
0 0.510589 0.518253 0.009817 0.033103 0.003129
0 0.494766 0.543931 0.011653 0.074369 0.003105
0 0.445804 0.518032 0.006247 0.033364 0.002681
0 0.426706 0.532788 0.007058 0.058666 0.002508
0 0.458719 0.529244 0.007980 0.035830 0.002314
0 0.693958 0.524041 0.009764 0.049185 0.002098
0 0.552104 0.537448 0.008217 0.066327 0.002082
0 0.437197 0.541175 0.020024 0.074907 0.002037
0 0.450061 0.517500 0.006914 0.029264 0.001752
0 0.481057 0.526527 0.008780 0.035363 0.001700
0 0.514465 0.530536 0.013072 0.053172 0.001384
0 0.887889 0.534274 0.006737 0.014642 0.001326
0 0.493445 0.529445 0.012201 0.042946 0.001268
0 0.537652 0.513114 0.006865 0.026546 0.001250
0 0.000993 0.624910 0.001985 0.280415 0.001168
0 0.530357 0.505998 0.007402 0.024692 0.001113
0 0.523767 0.565953 0.014190 0.112084 0.001055
0 0.416166 0.578066 0.013491 0.097693 0.001041
0 0.684855 0.526267 0.007155 0.055937 0.001037
