0 0.048522 0.528321 0.074028 0.274654 0.950118
0 0.410104 0.498385 0.049523 0.210622 0.941004
0 0.238142 0.511797 0.057844 0.246418 0.939112
0 0.189269 0.492241 0.049163 0.206078 0.937897
0 0.370503 0.476866 0.039249 0.204492 0.930791
0 0.283277 0.505595 0.040603 0.207355 0.929600
0 0.333881 0.479443 0.030302 0.172391 0.924602
0 0.877690 0.459823 0.020838 0.113478 0.917637
0 0.634334 0.476067 0.026912 0.146374 0.913764
8 0.432260 0.219660 0.076448 0.378037 0.910507
0 0.470828 0.493085 0.032991 0.160505 0.904848
8 0.667508 0.313626 0.052173 0.247512 0.902305
0 0.540181 0.480701 0.026121 0.168347 0.898305
0 0.313161 0.472670 0.026653 0.158100 0.897043
0 0.017005 0.485266 0.034010 0.231913 0.885556
0 0.516427 0.454960 0.017958 0.099347 0.872735
0 0.424483 0.442458 0.020537 0.088915 0.857919
0 0.610522 0.452824 0.017792 0.112181 0.848646
0 0.653737 0.438021 0.014448 0.076647 0.841404
0 0.581536 0.460379 0.017596 0.112576 0.826361
0 0.253556 0.404968 0.022586 0.068886 0.821812
0 0.449849 0.455974 0.025055 0.106475 0.811504
4 0.742492 0.372976 0.014545 0.012026 0.806787
0 0.939063 0.421255 0.014461 0.029670 0.805368
4 0.689677 0.362209 0.011795 0.021414 0.791303
0 0.170561 0.434385 0.014565 0.107661 0.774830
0 0.870706 0.419959 0.007252 0.033617 0.671626
0 0.207363 0.419202 0.014161 0.076521 0.659271
0 0.593702 0.449130 0.013116 0.084000 0.558207
0 0.624253 0.418652 0.010308 0.052801 0.484314
0 0.436629 0.442048 0.011641 0.088053 0.474009
0 0.467261 0.409569 0.008009 0.022898 0.407198
0 0.475338 0.420126 0.016525 0.052036 0.370188
2 0.504931 0.980031 0.082344 0.039938 0.239909
0 0.625415 0.427016 0.010662 0.067618 0.229891
0 0.931592 0.421012 0.006935 0.030577 0.173414
0 0.451535 0.400093 0.006653 0.023716 0.169732
0 0.572814 0.439070 0.010847 0.074107 0.162639
0 0.830583 0.432107 0.020376 0.022425 0.144057
0 0.839186 0.470390 0.023788 0.085381 0.093112
0 0.933270 0.420558 0.007840 0.030293 0.080196
0 0.489709 0.438062 0.015541 0.073913 0.073824
0 0.453889 0.402033 0.006516 0.025296 0.064197
0 0.509385 0.428934 0.010066 0.060088 0.046767
0 0.553715 0.451904 0.011219 0.098438 0.046632
0 0.494508 0.435951 0.011112 0.050839 0.041295
0 0.935600 0.420864 0.011464 0.031466 0.037542
0 0.507022 0.430194 0.008442 0.058420 0.030657
0 0.602465 0.405127 0.008486 0.027992 0.026505
0 0.589927 0.403402 0.006023 0.019572 0.026067
0 0.468757 0.407072 0.007945 0.025251 0.022045
0 0.504786 0.432148 0.006676 0.061490 0.020139
0 0.623769 0.409217 0.009146 0.027191 0.017769
0 0.603315 0.408495 0.008347 0.028952 0.016247
0 0.435261 0.433639 0.009393 0.068993 0.014838
0 0.510991 0.428667 0.009827 0.062840 0.013947
0 0.563024 0.434111 0.014538 0.066412 0.013691
0 0.491575 0.440105 0.015607 0.061569 0.012595
0 0.434348 0.425338 0.009351 0.052991 0.012541
0 0.451158 0.432600 0.015835 0.058937 0.012432
0 0.588751 0.401431 0.006982 0.021713 0.011780
0 0.512977 0.410815 0.007656 0.032963 0.011735
0 0.472301 0.402755 0.008088 0.021421 0.009832
0 0.603902 0.405021 0.007741 0.027671 0.009075
0 0.473882 0.406574 0.008328 0.027055 0.008711
0 0.401645 0.429482 0.024408 0.066929 0.008503
0 0.437321 0.431882 0.008765 0.048417 0.007175
0 0.235177 0.398304 0.009203 0.028564 0.007056
2 0.516440 0.457421 0.018292 0.099214 0.005786
0 0.519251 0.404413 0.010607 0.027949 0.005719
0 0.598350 0.407713 0.011582 0.025170 0.005451
0 0.465994 0.409802 0.007900 0.025520 0.005378
0 0.990533 0.594759 0.018934 0.342798 0.005374
0 0.886096 0.421679 0.007320 0.032932 0.005230
0 0.599504 0.403748 0.012197 0.026474 0.004708
0 0.608309 0.447328 0.016034 0.101320 0.004007
0 0.928808 0.421532 0.010989 0.030100 0.003734
0 0.473937 0.439136 0.018810 0.054837 0.003596
0 0.603156 0.413660 0.008651 0.035734 0.003390
0 0.584523 0.399872 0.008648 0.022367 0.003302
0 0.517500 0.404970 0.008326 0.026121 0.003179
0 0.525840 0.407473 0.011157 0.027593 0.003154
0 0.437803 0.442014 0.014874 0.073772 0.002726
0 0.515262 0.406046 0.006802 0.029706 0.002649
0 0.479097 0.421070 0.010430 0.048604 0.002455
0 0.524325 0.404108 0.014413 0.029079 0.002454
0 0.511149 0.418200 0.008064 0.044267 0.002145
0 0.453851 0.420964 0.008527 0.050906 0.002081
5 0.235088 0.214648 0.049323 0.106467 0.002075
0 0.451721 0.430385 0.008557 0.056255 0.002070
0 0.473778 0.401127 0.007881 0.018955 0.001973
0 0.561304 0.441626 0.014422 0.083442 0.001805
0 0.436931 0.417942 0.010709 0.038348 0.001703
0 0.600502 0.446442 0.007312 0.079897 0.001678
0 0.642553 0.431168 0.010689 0.066376 0.001576
0 0.643641 0.413638 0.008137 0.033370 0.001457
0 0.567256 0.442691 0.015994 0.086357 0.001404
0 0.581857 0.399678 0.010011 0.021730 0.001328
0 0.579020 0.399728 0.009828 0.020909 0.001185
0 0.458218 0.407722 0.008014 0.023880 0.001132
