0 0.693771 0.616586 0.081149 0.301176 0.952614
0 0.275188 0.675752 0.078228 0.279165 0.951895
0 0.567750 0.620705 0.064463 0.238733 0.950210
0 0.773072 0.602434 0.053683 0.236306 0.945597
0 0.518254 0.603714 0.051088 0.194446 0.942465
0 0.193551 0.640642 0.051448 0.188163 0.939209
0 0.456295 0.612793 0.046105 0.217831 0.936155
5 0.857683 0.564829 0.094038 0.103756 0.930640
0 0.362138 0.615488 0.040632 0.163155 0.929453
0 0.430023 0.613417 0.039939 0.213083 0.919160
0 0.121715 0.646584 0.036712 0.213155 0.912856
0 0.046725 0.624909 0.022055 0.113326 0.912113
4 0.556183 0.374580 0.029435 0.057382 0.907074
0 0.162695 0.636720 0.029563 0.148820 0.905377
0 0.096387 0.657733 0.041254 0.213532 0.899120
8 0.199593 0.336859 0.099043 0.661704 0.854218
9 0.382235 0.619155 0.061250 0.089136 0.776971
0 0.012069 0.636202 0.023290 0.139769 0.749612
0 0.075279 0.623846 0.023561 0.141421 0.718941
9 0.364257 0.622876 0.038587 0.090783 0.468642
4 0.248199 0.544931 0.014094 0.020632 0.365054
4 0.248798 0.521591 0.015682 0.028341 0.045582
0 0.008355 0.694376 0.016620 0.258946 0.040688
0 0.073230 0.607941 0.018208 0.108579 0.036896
0 0.005645 0.694345 0.011289 0.264246 0.036706
0 0.073029 0.591131 0.016581 0.076167 0.032526
9 0.369912 0.630662 0.027053 0.073782 0.017682
4 0.249014 0.532368 0.015777 0.048783 0.006630
0 0.087508 0.611760 0.024827 0.107781 0.003978
0 0.093295 0.608011 0.035009 0.106064 0.003031
0 0.462134 0.600811 0.027469 0.180727 0.002755
0 0.080088 0.626561 0.024630 0.124327 0.002134
0 0.000157 0.695261 0.000315 0.258661 0.002026
0 0.010687 0.665925 0.020962 0.200061 0.001161
