0 0.901674 0.529532 0.063392 0.306541 0.949316
0 0.563423 0.573106 0.064115 0.224070 0.947787
0 0.392681 0.618340 0.062542 0.233487 0.947728
0 0.509394 0.602103 0.056867 0.259404 0.946803
0 0.331158 0.602051 0.045160 0.189042 0.942736
0 0.093136 0.620837 0.039048 0.145941 0.931931
9 0.415658 0.591783 0.060806 0.093192 0.921921
0 0.479581 0.593034 0.037781 0.237912 0.917559
8 0.233550 0.328964 0.085505 0.646524 0.912574
0 0.039558 0.648089 0.043033 0.189865 0.905906
0 0.817408 0.530834 0.030706 0.247300 0.878094
4 0.578742 0.338722 0.031861 0.056171 0.877792
0 0.055340 0.625990 0.032139 0.155061 0.859324
4 0.276976 0.507681 0.018769 0.041343 0.751527
0 0.845480 0.538413 0.059217 0.254404 0.716839
0 0.975434 0.519179 0.048091 0.241685 0.674223
0 0.007051 0.676505 0.013881 0.199474 0.329960
0 0.006640 0.633307 0.012522 0.113700 0.203081
0 0.289930 0.553077 0.005073 0.016692 0.004919
6 0.007051 0.676505 0.013881 0.199474 0.001495
8 0.007559 0.674228 0.014019 0.201327 0.001409
9 0.006619 0.632157 0.012917 0.115781 0.001056
