0 0.533077 0.397486 0.047981 0.153874 0.950541
9 0.796609 0.376508 0.059742 0.095885 0.940328
8 0.149587 0.289419 0.088248 0.260746 0.918878
0 0.378801 0.405509 0.030616 0.128701 0.912732
8 0.074657 0.320922 0.045370 0.121976 0.912723
0 0.306503 0.402400 0.021691 0.096634 0.909714
0 0.338417 0.398520 0.020421 0.095589 0.898782
4 0.989507 0.101104 0.020986 0.067540 0.898296
4 0.656194 0.289357 0.021501 0.044865 0.887667
0 0.237266 0.410206 0.016881 0.085924 0.887635
0 0.201176 0.405247 0.013190 0.078038 0.854480
0 0.218202 0.405203 0.010563 0.073275 0.814302
0 0.122362 0.410697 0.008744 0.055736 0.812217
0 0.095993 0.416756 0.009829 0.053332 0.803007
0 0.144366 0.408051 0.007842 0.054182 0.796143
0 0.075568 0.418490 0.009149 0.048840 0.790701
0 0.065552 0.416809 0.010081 0.043085 0.786382
8 0.048420 0.356956 0.021930 0.065499 0.775005
4 0.081257 0.377640 0.006655 0.014505 0.765803
0 0.134153 0.410379 0.007906 0.047448 0.748877
8 0.053771 0.347260 0.031370 0.082214 0.736303
0 0.015622 0.416772 0.007738 0.026533 0.690407
0 0.101544 0.415321 0.008132 0.052114 0.660203
0 0.037735 0.414021 0.008055 0.032422 0.630012
0 0.057171 0.413736 0.006825 0.032470 0.625758
0 0.029959 0.412995 0.007491 0.028994 0.600109
0 0.366342 0.364636 0.014028 0.060675 0.437497
9 0.995897 0.359677 0.008205 0.121079 0.431166
0 0.048746 0.412988 0.006287 0.027554 0.430264
4 0.001668 0.373254 0.003336 0.013940 0.321438
0 0.043851 0.412710 0.007343 0.029650 0.288806
0 0.103072 0.413489 0.006444 0.051798 0.257645
0 0.040402 0.414773 0.008078 0.032573 0.218061
0 0.018868 0.414481 0.008857 0.026283 0.217380
8 0.044725 0.371255 0.016194 0.042239 0.215581
0 0.046794 0.413257 0.005964 0.028371 0.172704
0 0.028709 0.412024 0.008149 0.026176 0.167768
0 0.031272 0.413741 0.006948 0.030628 0.152734
0 0.021435 0.412615 0.008163 0.025221 0.112762
4 0.082261 0.378129 0.008617 0.016171 0.060443
0 0.064066 0.414694 0.010543 0.037589 0.032978
8 0.001108 0.373761 0.002217 0.014367 0.030537
0 0.081156 0.408822 0.004481 0.029501 0.027367
4 0.066049 0.385450 0.007300 0.012841 0.026090
0 0.085515 0.406528 0.004744 0.029160 0.022267
0 0.668078 0.332327 0.006416 0.017008 0.018626
0 0.100134 0.416776 0.009613 0.052419 0.014003
0 0.083346 0.410183 0.008298 0.043780 0.012422
4 0.069287 0.384515 0.009865 0.013115 0.010622
4 0.001108 0.373761 0.002217 0.014367 0.008945
0 0.084405 0.403570 0.006252 0.028466 0.006733
0 0.040788 0.410947 0.010009 0.036886 0.006639
0 0.044030 0.410271 0.010294 0.035515 0.006065
8 0.601067 0.214074 0.092279 0.422575 0.006004
0 0.105412 0.411614 0.005579 0.049990 0.005242
8 0.058960 0.346761 0.022592 0.078379 0.005230
0 0.010858 0.415086 0.007249 0.026273 0.005022
0 0.366456 0.376069 0.013342 0.075493 0.004969
0 0.085902 0.408292 0.006391 0.035358 0.004760
0 0.136390 0.402378 0.009711 0.040732 0.004272
0 0.107144 0.389376 0.005218 0.016785 0.003692
0 0.003375 0.408941 0.005544 0.013717 0.003563
0 0.079635 0.412394 0.004724 0.036649 0.003482
6 0.995897 0.359677 0.008205 0.121079 0.003408
8 0.051512 0.363856 0.017460 0.056623 0.003322
4 0.992791 0.218722 0.014417 0.176188 0.003001
4 0.994853 0.359875 0.009297 0.118635 0.002984
0 0.002809 0.407608 0.004653 0.013460 0.002621
9 0.001108 0.373761 0.002217 0.014367 0.001730
4 0.004344 0.374937 0.007943 0.016849 0.001652
0 0.388698 0.382083 0.013704 0.043598 0.001578
8 0.046143 0.366340 0.018073 0.048997 0.001369
0 0.042803 0.414761 0.009084 0.033931 0.001321
4 0.074654 0.381092 0.018033 0.019426 0.001303
0 0.011683 0.417513 0.008669 0.028626 0.001286
0 0.001108 0.373761 0.002217 0.014367 0.001256
0 0.666737 0.332940 0.007129 0.016806 0.001133
0 0.030048 0.409601 0.008713 0.034062 0.001099
4 0.992126 0.201302 0.015749 0.211314 0.001022
0 0.089025 0.407661 0.005573 0.028934 0.001015
