0 0.476964 0.615654 0.088267 0.229093 0.887031
0 0.113231 0.526711 0.017418 0.048748 0.836480
0 0.135459 0.524270 0.023078 0.047729 0.781735
1 0.520825 0.700615 0.276413 0.119495 0.759292
3 0.273940 0.683713 0.135340 0.181106 0.202361
2 0.397028 0.234805 0.043871 0.186962 0.042576
2 0.135485 0.523912 0.023455 0.048042 0.020680
0 0.580742 0.674016 0.030450 0.048527 0.018479
0 0.718791 0.403527 0.014048 0.064497 0.009714
0 0.132354 0.521213 0.015769 0.044657 0.008816
6 0.273933 0.683663 0.135098 0.181091 0.005085
4 0.273789 0.684009 0.135653 0.178474 0.002471
0 0.273789 0.684009 0.135653 0.178474 0.002355
1 0.273989 0.682943 0.135614 0.180061 0.002173
5 0.273940 0.683713 0.135340 0.181106 0.001493
8 0.273789 0.684009 0.135653 0.178474 0.001276
1 0.458487 0.711118 0.153350 0.101561 0.001206
0 0.586709 0.672738 0.022824 0.047220 0.001156
