0 0.167716 0.060630 0.028432 0.121041 0.918051
5 0.538828 0.060972 0.029826 0.067238 0.900648
0 0.307640 0.033432 0.015161 0.057395 0.894857
0 0.376139 0.039420 0.034910 0.078730 0.883921
0 0.193222 0.064231 0.032254 0.128134 0.828157
9 0.271931 0.041172 0.023161 0.034240 0.825196
5 0.628851 0.066790 0.018182 0.057972 0.454890
0 0.714256 0.050336 0.012132 0.040698 0.333254
5 0.451900 0.055209 0.023863 0.061165 0.217496
5 0.710980 0.074467 0.023826 0.041022 0.151632
6 0.768659 0.077763 0.010255 0.019072 0.061240
0 0.702638 0.075985 0.007987 0.035252 0.051708
0 0.652612 0.160207 0.037126 0.171048 0.027190
0 0.711047 0.075634 0.024058 0.038515 0.025465
0 0.628770 0.067151 0.018130 0.057447 0.009306
0 0.790490 0.051031 0.012866 0.069702 0.009256
0 0.418704 0.040603 0.019895 0.075037 0.006842
4 0.414968 0.510273 0.126210 0.072312 0.004544
3 0.768587 0.077049 0.009697 0.018902 0.003229
9 0.768166 0.077154 0.009743 0.018237 0.002743
5 0.715044 0.074247 0.015498 0.041147 0.002297
0 0.387822 0.025773 0.012106 0.046542 0.002134
0 0.538826 0.061185 0.029697 0.067338 0.001259
5 0.768166 0.077154 0.009743 0.018237 0.001218
11 0.768166 0.077154 0.009743 0.018237 0.001117
