0 0.418584 0.923527 0.026524 0.145776 0.932002
0 0.045091 0.934438 0.035195 0.131124 0.930095
0 0.707902 0.895093 0.034439 0.079327 0.929893
0 0.322936 0.921109 0.027308 0.149638 0.927599
0 0.251666 0.918357 0.025683 0.148718 0.921873
0 0.304834 0.927101 0.023935 0.139439 0.918763
0 0.624456 0.885405 0.019215 0.081815 0.847617
0 0.663475 0.954648 0.027162 0.088525 0.766556
0 0.646289 0.915176 0.019168 0.128199 0.586408
5 0.079650 0.888254 0.021127 0.041572 0.585329
0 0.660701 0.900009 0.023767 0.097091 0.408323
5 0.207017 0.895447 0.016894 0.030626 0.307806
0 0.106025 0.902153 0.029013 0.053461 0.236976
5 0.132092 0.897261 0.018091 0.030699 0.091937
0 0.009542 0.875880 0.019018 0.083187 0.088697
0 0.110918 0.868491 0.011601 0.035763 0.079926
5 0.163336 0.894794 0.015489 0.035562 0.059386
0 0.608964 0.894448 0.017397 0.051564 0.025598
0 0.009627 0.913958 0.018894 0.160244 0.011130
5 0.179028 0.893088 0.010821 0.037343 0.006258
5 0.160577 0.892769 0.021083 0.038057 0.002313
0 0.646332 0.896874 0.018655 0.090272 0.001909
0 0.036287 0.883693 0.016176 0.049808 0.001677
5 0.157269 0.894797 0.031024 0.034350 0.001114
