0 0.549762 0.486645 0.224360 0.973290 0.910991
0 0.467192 0.137464 0.010984 0.053483 0.832786
0 0.144810 0.205808 0.017889 0.059028 0.830372
5 0.695520 0.698319 0.377160 0.596013 0.747960
0 0.167331 0.190890 0.018460 0.064648 0.368413
9 0.923150 0.456052 0.039763 0.232471 0.174195
0 0.336794 0.170985 0.018209 0.057463 0.169061
9 0.986190 0.341849 0.026619 0.110444 0.094520
11 0.725365 0.597015 0.306948 0.770351 0.033603
0 0.343198 0.173272 0.010817 0.051722 0.013804
11 0.720157 0.488956 0.194521 0.977912 0.008108
9 0.933501 0.465060 0.061957 0.250769 0.006977
3 0.687248 0.673599 0.383830 0.652033 0.006527
9 0.947174 0.494465 0.089523 0.308944 0.006224
9 0.951303 0.628779 0.097393 0.582524 0.003460
11 0.680867 0.692674 0.402592 0.612532 0.003206
4 0.986223 0.341809 0.026611 0.110592 0.002694
8 0.986220 0.341678 0.026795 0.111470 0.001838
11 0.761638 0.471367 0.281741 0.936045 0.001564
9 0.935478 0.571321 0.060362 0.228064 0.001194
11 0.776191 0.581327 0.321831 0.765948 0.001119
