0 0.018032 0.597324 0.035913 0.364651 0.947590
0 0.230826 0.467088 0.075375 0.321267 0.928324
0 0.414477 0.570115 0.144873 0.838427 0.907939
0 0.615952 0.551849 0.021796 0.025931 0.884458
0 0.297003 0.520454 0.119905 0.422973 0.834238
0 0.895465 0.389079 0.008938 0.044920 0.833248
0 0.261904 0.475456 0.077847 0.345600 0.282967
0 0.281958 0.494978 0.117895 0.380735 0.005869
9 0.000000 0.700141 0.000000 0.149204 0.002761
0 0.000000 0.588325 0.000000 0.374090 0.001919
0 0.874702 0.412702 0.010011 0.058668 0.001106
0 0.618297 0.552796 0.017053 0.022979 0.001091
9 0.000000 0.666903 0.000000 0.145688 0.001017
