0 0.557384 0.618661 0.050528 0.214311 0.952674
0 0.520681 0.611406 0.046399 0.200448 0.945333
8 0.371581 0.452665 0.057935 0.289480 0.941358
0 0.671316 0.628569 0.053200 0.237577 0.938825
0 0.618349 0.623600 0.043267 0.220741 0.937866
0 0.805136 0.626658 0.036202 0.178201 0.931291
0 0.603177 0.617119 0.034174 0.211929 0.927475
0 0.137707 0.511562 0.011393 0.027116 0.874046
0 0.351804 0.558816 0.018281 0.071036 0.824395
9 0.771119 0.666804 0.056628 0.125762 0.819795
0 0.505304 0.570814 0.017445 0.083957 0.765726
0 0.776152 0.578867 0.013668 0.058095 0.754636
0 0.760387 0.570452 0.017387 0.077492 0.553191
0 0.760593 0.623651 0.017380 0.184750 0.438559
0 0.760424 0.594756 0.017590 0.127087 0.376480
0 0.694784 0.616533 0.026346 0.212739 0.372878
8 0.442292 0.572116 0.009088 0.046950 0.093758
8 0.235885 0.459353 0.016632 0.088587 0.084234
5 0.352687 0.584399 0.013636 0.021245 0.041646
0 0.050011 0.469037 0.009270 0.020639 0.015883
0 0.757843 0.628333 0.025511 0.197201 0.015044
8 0.144399 0.461090 0.013390 0.113618 0.010602
0 0.354505 0.562222 0.013804 0.052633 0.004167
8 0.230368 0.293653 0.008438 0.036991 0.002111
5 0.352027 0.576428 0.014570 0.031271 0.001417
0 0.731276 0.640704 0.017653 0.045536 0.001369
0 0.108366 0.473233 0.012735 0.093517 0.001183
8 0.281315 0.467583 0.020633 0.125196 0.001076
