2 0.759996 0.492245 0.044641 0.145219 0.935947
4 0.083361 0.514708 0.041172 0.057107 0.929782
2 0.618517 0.396876 0.031331 0.132474 0.926643
2 0.484725 0.377593 0.017428 0.102280 0.924141
2 0.574027 0.425662 0.058779 0.102287 0.911781
2 0.713732 0.434900 0.033264 0.065041 0.896643
2 0.785040 0.472449 0.022872 0.112536 0.895417
2 0.674674 0.353004 0.021418 0.039303 0.894508
2 0.703824 0.363877 0.042516 0.071911 0.890547
2 0.521855 0.377077 0.016141 0.074070 0.889929
2 0.697854 0.445352 0.032078 0.095306 0.888358
2 0.570134 0.234986 0.020596 0.051094 0.883805
2 0.642754 0.345770 0.021917 0.048515 0.880203
2 0.761915 0.387673 0.047599 0.075650 0.865865
2 0.678342 0.419032 0.043248 0.110958 0.865426
2 0.582392 0.362531 0.027167 0.036156 0.849574
2 0.551138 0.398861 0.037593 0.125222 0.846322
2 0.596299 0.234881 0.023916 0.046454 0.839050
2 0.653334 0.423176 0.054686 0.117957 0.696043
2 0.746062 0.359462 0.025231 0.033363 0.687102
2 0.590704 0.336573 0.017325 0.049144 0.654217
2 0.670815 0.417710 0.028733 0.109094 0.519649
2 0.545049 0.347356 0.012771 0.027549 0.098896
2 0.491023 0.626600 0.022015 0.049321 0.095533
2 0.764228 0.364484 0.030827 0.047031 0.078300
2 0.757809 0.360492 0.035649 0.040477 0.059237
2 0.766697 0.371686 0.037577 0.061130 0.017332
2 0.490485 0.637255 0.021070 0.027918 0.016060
2 0.693569 0.340573 0.019030 0.033490 0.011778
2 0.586127 0.398109 0.032628 0.042743 0.004832
2 0.554961 0.414973 0.023281 0.088322 0.004237
2 0.574497 0.398235 0.054363 0.044401 0.003715
2 0.667153 0.418237 0.019871 0.110705 0.002322
2 0.700980 0.419437 0.037683 0.044248 0.001408
2 0.763837 0.359270 0.022310 0.037386 0.001101
