2 0.510267 0.677966 0.083914 0.088693 0.955572
2 0.440705 0.680325 0.075282 0.090561 0.953006
2 0.354576 0.665229 0.063806 0.061913 0.950875
2 0.114585 0.569801 0.034867 0.055439 0.936238
1 0.528668 0.376157 0.125656 0.132863 0.933623
2 0.693593 0.402057 0.027945 0.035113 0.922652
2 0.766062 0.385607 0.025028 0.033719 0.914469
2 0.412158 0.414489 0.022656 0.036174 0.890864
0 0.493149 0.373515 0.028459 0.051390 0.882796
2 0.384658 0.415516 0.025554 0.033826 0.865274
2 0.428506 0.422473 0.015448 0.038000 0.860222
0 0.522174 0.358590 0.025320 0.055584 0.538867
1 0.342238 0.393922 0.044562 0.018551 0.005373
0 0.498378 0.373906 0.017744 0.047771 0.001703
2 0.384322 0.383435 0.013230 0.013239 0.001558
3 0.502644 0.403041 0.072063 0.043988 0.001441
