1 0.937799 0.504481 0.124403 0.165949 0.964437
1 0.619538 0.425097 0.099401 0.082036 0.961636
2 0.597100 0.513567 0.027648 0.043254 0.918716
1 0.706059 0.481965 0.146530 0.141145 0.846673
2 0.717676 0.450807 0.012348 0.020266 0.844084
2 0.890616 0.423151 0.010915 0.016129 0.839850
2 0.874904 0.441776 0.010630 0.026115 0.825745
2 0.794983 0.411351 0.008531 0.017887 0.809624
3 0.634588 0.430911 0.025155 0.018062 0.805448
2 0.777277 0.411839 0.012428 0.013058 0.801937
2 0.849104 0.418736 0.010440 0.012665 0.670219
2 0.520841 0.399955 0.010486 0.012962 0.639845
2 0.733102 0.449412 0.009829 0.021023 0.545705
1 0.080012 0.536640 0.054207 0.016770 0.538306
2 0.873969 0.411984 0.008126 0.012750 0.538264
9 0.633019 0.319951 0.007867 0.013542 0.504463
2 0.795234 0.444545 0.009617 0.025616 0.370893
2 0.806340 0.451238 0.009812 0.016238 0.297557
2 0.811449 0.388322 0.009164 0.009829 0.262430
2 0.873241 0.434567 0.007347 0.013452 0.261726
3 0.908362 0.529368 0.061926 0.058741 0.253056
2 0.728182 0.404704 0.008658 0.011241 0.243222
2 0.802789 0.445587 0.015808 0.026837 0.238114
2 0.789783 0.442998 0.005914 0.025564 0.208812
2 0.797961 0.445012 0.008264 0.026535 0.193525
2 0.790858 0.443528 0.007552 0.025980 0.192719
0 0.607798 0.419504 0.015376 0.026023 0.171061
0 0.705178 0.481143 0.020311 0.040212 0.095771
3 0.741940 0.503760 0.081729 0.036370 0.091985
2 0.871337 0.400193 0.006266 0.011641 0.070741
2 0.805370 0.447359 0.011310 0.023815 0.065359
2 0.835326 0.413495 0.006783 0.012049 0.057922
2 0.723718 0.451473 0.007791 0.019598 0.056260
2 0.872778 0.407593 0.007382 0.017147 0.043427
1 0.066348 0.535191 0.028265 0.017207 0.042613
2 0.701016 0.441207 0.013219 0.023516 0.035541
1 0.101718 0.532473 0.045223 0.022158 0.034291
1 0.114391 0.531160 0.069026 0.016242 0.023050
2 0.778668 0.409233 0.011171 0.016468 0.017136
2 0.726491 0.450694 0.011059 0.020196 0.013989
2 0.874489 0.409769 0.008473 0.016381 0.012030
3 0.739019 0.495035 0.077080 0.043369 0.011967
2 0.735636 0.449769 0.014654 0.021042 0.011117
2 0.837063 0.414726 0.009790 0.013037 0.010475
2 0.702082 0.444350 0.015463 0.029412 0.009907
2 0.561903 0.394128 0.012237 0.013772 0.008556
2 0.793678 0.442528 0.009721 0.031574 0.008513
2 0.706080 0.480705 0.146118 0.142629 0.007727
1 0.071565 0.534840 0.039963 0.017815 0.007563
2 0.841858 0.415042 0.019049 0.013232 0.007004
2 0.684789 0.433079 0.007652 0.012097 0.006916
0 0.705402 0.475634 0.019859 0.028622 0.006814
2 0.871012 0.413879 0.005389 0.014628 0.006166
3 0.746072 0.498503 0.064980 0.026660 0.004838
6 0.101426 0.532528 0.043438 0.023159 0.004489
5 0.101213 0.532462 0.043046 0.023264 0.004441
3 0.636194 0.426360 0.028723 0.027463 0.003995
2 0.793873 0.441873 0.010956 0.023594 0.003529
2 0.731258 0.449642 0.012298 0.021546 0.003405
1 0.090007 0.535825 0.072811 0.016857 0.003308
2 0.872204 0.397837 0.007136 0.013403 0.002754
2 0.789743 0.442583 0.008148 0.023333 0.002507
3 0.739407 0.510796 0.074422 0.022884 0.002227
2 0.800286 0.392334 0.014865 0.012599 0.002098
2 0.690940 0.403086 0.006679 0.009224 0.001961
9 0.754030 0.320821 0.010015 0.017346 0.001739
4 0.114133 0.531306 0.069291 0.016761 0.001592
0 0.674986 0.478927 0.019510 0.050005 0.001579
4 0.101213 0.532462 0.043046 0.023264 0.001443
2 0.728504 0.401324 0.008850 0.016787 0.001397
2 0.867851 0.413114 0.009544 0.011432 0.001345
2 0.862818 0.411799 0.010395 0.011879 0.001341
4 0.632802 0.319505 0.007882 0.013994 0.001236
2 0.582795 0.391783 0.010824 0.012485 0.001018
