2 0.171711 0.823348 0.045334 0.110089 0.948686
2 0.110754 0.714705 0.043117 0.108517 0.944268
0 0.323626 0.515994 0.041681 0.085106 0.936916
0 0.233515 0.512071 0.040842 0.092269 0.935451
0 0.360808 0.503068 0.031650 0.077069 0.931803
1 0.306339 0.523220 0.275445 0.224913 0.928641
2 0.469885 0.638322 0.050531 0.076942 0.927454
2 0.946808 0.551441 0.021807 0.056748 0.892679
2 0.442460 0.497697 0.023513 0.036502 0.831103
2 0.047973 0.508529 0.028782 0.023849 0.802990
2 0.844692 0.498372 0.010762 0.026294 0.501795
2 0.466035 0.617643 0.035408 0.034930 0.449883
2 0.433480 0.482721 0.006723 0.012405 0.052164
2 0.477750 0.467810 0.008394 0.008347 0.024962
0 0.263213 0.523556 0.022294 0.073744 0.003389
3 0.203721 0.539178 0.078791 0.055440 0.002162
2 0.212655 0.457817 0.012205 0.014777 0.001521
2 0.437102 0.550477 0.009935 0.015454 0.001380
