9 0.955302 0.688130 0.052896 0.096365 0.954173
0 0.248975 0.601374 0.024625 0.096895 0.915506
0 0.300722 0.597154 0.023996 0.091680 0.907290
5 0.248731 0.626032 0.022273 0.070555 0.896567
4 0.461164 0.414294 0.020693 0.034307 0.896218
5 0.300089 0.623773 0.023433 0.063852 0.891062
0 0.138322 0.578063 0.014449 0.062990 0.887542
5 0.115324 0.617202 0.043639 0.059863 0.882498
6 0.231358 0.585541 0.013001 0.019771 0.854945
6 0.219934 0.582887 0.019297 0.022990 0.838091
4 0.187394 0.434521 0.036846 0.061177 0.826333
4 0.892076 0.525463 0.030866 0.035757 0.808809
4 0.258023 0.514751 0.008921 0.010274 0.808118
0 0.190547 0.581902 0.007687 0.018092 0.807958
6 0.381851 0.599343 0.013044 0.018926 0.480748
4 0.891587 0.610862 0.034035 0.214895 0.109494
0 0.300371 0.623966 0.023284 0.062931 0.022058
5 0.381968 0.599761 0.012763 0.019187 0.006226
0 0.284613 0.595378 0.004985 0.018063 0.004056
0 0.270783 0.593508 0.005074 0.021078 0.003534
0 0.262742 0.588432 0.005266 0.019726 0.002962
6 0.190544 0.581779 0.007741 0.018050 0.002906
0 0.268028 0.589652 0.003546 0.019272 0.001721
6 0.312828 0.585196 0.008329 0.037173 0.001553
0 0.261590 0.590445 0.005891 0.021224 0.001369
0 0.206398 0.581539 0.004551 0.017053 0.001150
0 0.312577 0.587670 0.008244 0.047278 0.001126
0 0.268529 0.590902 0.003304 0.018450 0.001104
5 0.138438 0.591572 0.012654 0.036211 0.001028
