6 0.374409 0.749886 0.127013 0.116286 0.955603
0 0.058450 0.702619 0.116901 0.592684 0.952618
0 0.093181 0.702821 0.186362 0.592822 0.948443
4 0.648882 0.594681 0.035638 0.065412 0.939187
6 0.512213 0.752890 0.069837 0.077029 0.929241
6 0.771777 0.768575 0.046053 0.058609 0.926602
4 0.153668 0.628551 0.030684 0.079188 0.914258
0 0.554497 0.750683 0.023327 0.086847 0.888227
4 0.238929 0.599201 0.030462 0.041811 0.885089
4 0.690952 0.597196 0.022916 0.045691 0.869282
6 0.624255 0.767120 0.102586 0.128333 0.839839
0 0.572547 0.755533 0.020176 0.074773 0.648445
0 0.559737 0.749436 0.018741 0.084015 0.097890
6 0.724703 0.761730 0.036079 0.059080 0.093652
0 0.093217 0.611286 0.186002 0.407854 0.028199
5 0.126333 0.869964 0.252666 0.260071 0.022808
5 0.188952 0.871676 0.125705 0.255823 0.020815
6 0.646166 0.766593 0.146190 0.127335 0.020169
6 0.704693 0.760778 0.028042 0.074968 0.018701
6 0.718421 0.763602 0.048559 0.062882 0.016984
6 0.616118 0.712698 0.053257 0.022725 0.001245
