2 0.512974 0.573264 0.129132 0.151542 0.954650
0 0.676900 0.447220 0.033422 0.097370 0.936416
0 0.631691 0.431110 0.033220 0.104011 0.889265
0 0.768590 0.446720 0.045866 0.171431 0.882194
2 0.493336 0.498700 0.088549 0.035540 0.863499
0 0.573401 0.417294 0.013476 0.038598 0.770303
2 0.526928 0.488203 0.014314 0.023161 0.618413
2 0.536517 0.465771 0.027207 0.031861 0.596064
2 0.344626 0.481836 0.011507 0.023649 0.406942
2 0.535979 0.476174 0.027700 0.051791 0.269387
0 0.688054 0.428507 0.014221 0.038323 0.260246
0 0.587668 0.424216 0.028332 0.099537 0.257080
0 0.743394 0.444143 0.010071 0.028943 0.033133
2 0.768548 0.446253 0.045723 0.170267 0.031885
3 0.743499 0.444181 0.010349 0.028302 0.017831
0 0.596598 0.424929 0.045191 0.100350 0.013397
2 0.743552 0.444184 0.010501 0.027843 0.009103
2 0.529575 0.488884 0.020054 0.026471 0.004276
0 0.720940 0.429878 0.013581 0.043931 0.003239
0 0.687921 0.449972 0.014460 0.087198 0.002546
0 0.596311 0.459462 0.014650 0.032253 0.002186
9 0.743581 0.444093 0.010546 0.027653 0.001597
0 0.606447 0.428213 0.030226 0.098096 0.001461
