6 0.385710 0.394414 0.026544 0.036192 0.941469
8 0.172761 0.304072 0.054082 0.258332 0.940205
0 0.433197 0.415580 0.024904 0.092384 0.935393
0 0.474907 0.407015 0.021141 0.101124 0.933153
8 0.381946 0.241466 0.079134 0.425812 0.914550
6 0.358294 0.382559 0.018606 0.047911 0.912971
8 0.425868 0.310039 0.039072 0.179896 0.898738
6 0.335339 0.394474 0.014173 0.023472 0.896203
6 0.401433 0.388639 0.016167 0.032620 0.895141
6 0.456547 0.389718 0.020570 0.022234 0.893914
9 0.217921 0.411841 0.008723 0.026620 0.834204
6 0.316523 0.395726 0.022801 0.036136 0.823690
5 0.232676 0.404390 0.009880 0.026157 0.804163
0 0.293469 0.396578 0.007601 0.027482 0.758152
6 0.376031 0.381760 0.015416 0.045196 0.503760
4 0.437673 0.362048 0.008994 0.012722 0.080434
0 0.299412 0.397594 0.006038 0.025126 0.044395
6 0.232985 0.404969 0.010551 0.025944 0.043110
0 0.232818 0.404350 0.010478 0.026160 0.013271
6 0.373321 0.392465 0.013072 0.032351 0.010622
6 0.370920 0.390049 0.010187 0.033699 0.006479
5 0.217683 0.412065 0.009403 0.027264 0.005219
6 0.396546 0.388240 0.014027 0.028104 0.004820
6 0.474886 0.407316 0.021312 0.100618 0.003380
9 0.232985 0.404969 0.010551 0.025944 0.003079
11 0.232985 0.404969 0.010551 0.025944 0.002229
5 0.230628 0.406467 0.008992 0.022311 0.001897
0 0.297031 0.396505 0.008631 0.027012 0.001822
6 0.426019 0.310213 0.038453 0.178925 0.001773
4 0.232985 0.404969 0.010551 0.025944 0.001528
4 0.437288 0.361676 0.010983 0.015059 0.001380
