0 0.955444 0.510190 0.034581 0.165346 0.944136
2 0.495151 0.645028 0.052205 0.092792 0.939338
0 0.736406 0.470840 0.031749 0.123760 0.928490
0 0.792942 0.487616 0.024904 0.118432 0.925443
0 0.900028 0.503753 0.027068 0.141629 0.915767
8 0.567014 0.344916 0.017087 0.062914 0.912801
0 0.916381 0.513030 0.018957 0.118808 0.909115
0 0.829355 0.490576 0.027719 0.133418 0.889389
0 0.840726 0.481757 0.022668 0.153352 0.865541
0 0.334549 0.398888 0.012162 0.020760 0.849287
0 0.464250 0.411309 0.011274 0.023391 0.813160
0 0.814798 0.500788 0.022338 0.101444 0.752842
0 0.990415 0.485723 0.018228 0.242619 0.011857
0 0.916967 0.470043 0.014814 0.032002 0.008396
0 0.337326 0.424115 0.019735 0.065330 0.007657
0 0.829215 0.470707 0.026834 0.094563 0.005916
0 0.923059 0.455592 0.014138 0.057529 0.005828
0 0.990283 0.515135 0.019435 0.177024 0.003767
0 0.829595 0.458468 0.026246 0.067190 0.002020
