6 0.561858 0.591900 0.191935 0.266682 0.964227
6 0.302040 0.452650 0.101987 0.081448 0.952776
4 0.321166 0.326668 0.042346 0.048090 0.916004
6 0.374819 0.445881 0.029913 0.045095 0.906603
6 0.477711 0.522116 0.079756 0.146887 0.896909
4 0.619384 0.268622 0.088919 0.177906 0.885975
0 0.433388 0.454958 0.010912 0.049618 0.879392
6 0.764428 0.536177 0.139066 0.085156 0.875415
6 0.253264 0.422029 0.049516 0.085981 0.874596
4 0.342761 0.404518 0.008612 0.016688 0.235184
0 0.487075 0.440269 0.014660 0.022474 0.219326
8 0.105879 0.233007 0.099652 0.437718 0.041701
6 0.602109 0.517864 0.169405 0.124320 0.017251
6 0.650934 0.532915 0.071391 0.088240 0.008031
0 0.404510 0.441313 0.007695 0.024660 0.005302
6 0.634563 0.528549 0.105054 0.097774 0.002111
4 0.466363 0.382484 0.022628 0.053466 0.001398
4 0.346195 0.407055 0.012456 0.021363 0.001209
