6 0.511592 0.457869 0.101773 0.108983 0.956428
5 0.151472 0.470796 0.034910 0.072905 0.939828
6 0.572542 0.447266 0.050691 0.085167 0.933488
0 0.153224 0.443338 0.032063 0.095216 0.920618
6 0.435150 0.432025 0.069635 0.071393 0.917764
0 0.425418 0.454631 0.023600 0.122176 0.911413
4 0.352040 0.265439 0.039385 0.058588 0.635439
0 0.125012 0.461066 0.008691 0.036822 0.365138
6 0.421958 0.437501 0.042832 0.064369 0.015628
4 0.403436 0.339469 0.031368 0.060392 0.014975
0 0.151725 0.471272 0.034530 0.071543 0.007801
