0 0.963214 0.332148 0.055975 0.250280 0.966240
2 0.569774 0.685730 0.071691 0.153402 0.955840
0 0.828955 0.268150 0.037975 0.144981 0.951114
0 0.725273 0.287086 0.041136 0.204784 0.947657
0 0.590559 0.272534 0.032422 0.177793 0.941504
0 0.665126 0.285376 0.032801 0.122611 0.940653
9 0.631181 0.294905 0.053136 0.106136 0.936809
0 0.908613 0.322050 0.050774 0.227181 0.928779
0 0.414288 0.231984 0.017790 0.105521 0.921294
8 0.106809 0.100698 0.019882 0.070183 0.920181
0 0.767975 0.296553 0.036715 0.208683 0.917151
0 0.544711 0.277402 0.031569 0.138645 0.912007
0 0.656531 0.201918 0.018914 0.077018 0.895797
0 0.785356 0.283336 0.025150 0.190981 0.893212
0 0.641759 0.203527 0.017233 0.070234 0.888918
0 0.461514 0.237104 0.016759 0.071694 0.873921
0 0.867385 0.299328 0.031821 0.097380 0.873447
0 0.891153 0.274590 0.031718 0.172669 0.849929
0 0.556960 0.272081 0.013587 0.125653 0.550086
0 0.672391 0.204126 0.017632 0.061242 0.098761
0 0.563527 0.279160 0.026176 0.140692 0.028903
0 0.893174 0.228259 0.026416 0.080634 0.003368
0 0.568151 0.298135 0.018325 0.102768 0.003244
0 0.458009 0.211774 0.011191 0.033192 0.002572
0 0.458805 0.218934 0.012351 0.044272 0.002365
4 0.493761 0.761154 0.041908 0.087484 0.001451
