2 0.301273 0.298221 0.108943 0.155598 0.964340
0 0.944912 0.456346 0.106347 0.447782 0.961396
2 0.743414 0.593759 0.172960 0.324361 0.941957
0 0.120437 0.188338 0.037072 0.184993 0.928058
0 0.832346 0.397130 0.071209 0.356031 0.902878
0 0.042501 0.173373 0.034250 0.186285 0.853970
0 0.075811 0.171198 0.036114 0.206881 0.850135
0 0.789830 0.476488 0.090789 0.443918 0.791481
0 0.053981 0.174637 0.015002 0.053643 0.250451
0 0.304537 0.218464 0.010031 0.010366 0.011322
0 0.978326 0.530721 0.041655 0.591448 0.009409
0 0.118330 0.135430 0.031180 0.077889 0.009051
0 0.016538 0.129589 0.019119 0.047498 0.001664
0 0.035438 0.175114 0.046168 0.192608 0.001197
