2 0.097249 0.819604 0.033924 0.058060 0.942385
2 0.728880 0.959058 0.031014 0.081883 0.938621
0 0.904616 0.311397 0.024458 0.067605 0.919543
0 0.858217 0.329185 0.015794 0.038702 0.902969
0 0.274487 0.449287 0.011553 0.043864 0.897556
0 0.825057 0.331887 0.013766 0.044017 0.890525
0 0.764248 0.340298 0.016344 0.042108 0.886733
0 0.296352 0.448199 0.012761 0.039207 0.883415
0 0.644418 0.368026 0.011457 0.033063 0.880541
0 0.209853 0.465614 0.013237 0.024634 0.877827
0 0.951654 0.318538 0.013662 0.047004 0.869653
0 0.941751 0.321491 0.017366 0.044236 0.864580
0 0.544652 0.401205 0.011731 0.034462 0.853055
0 0.739977 0.356191 0.010454 0.019176 0.839173
0 0.965567 0.316458 0.013894 0.051070 0.739418
2 0.428418 0.392103 0.023288 0.027543 0.592933
0 0.637512 0.364555 0.008002 0.044691 0.581217
0 0.638986 0.367019 0.008861 0.040942 0.069977
0 0.760695 0.346043 0.010335 0.031143 0.049391
0 0.970492 0.321716 0.008078 0.041060 0.009876
0 0.554113 0.401583 0.012836 0.030683 0.008896
0 0.533389 0.414945 0.009197 0.015898 0.008838
0 0.816875 0.333096 0.020991 0.045289 0.006406
0 0.962687 0.317573 0.013687 0.049529 0.001498
