0 0.514986 0.736741 0.095600 0.523972 0.962289
0 0.759233 0.645765 0.077781 0.477815 0.954758
0 0.617009 0.704069 0.102146 0.591287 0.944936
0 0.647364 0.592984 0.067051 0.371694 0.940296
0 0.023648 0.654134 0.047203 0.311345 0.915063
0 0.265337 0.649261 0.103026 0.367405 0.886643
0 0.167240 0.457632 0.014510 0.031992 0.676930
0 0.492742 0.436100 0.014717 0.030256 0.137829
0 0.514880 0.439383 0.010169 0.029484 0.018148
4 0.727227 0.657028 0.033916 0.096804 0.016763
0 0.221571 0.445635 0.007980 0.024029 0.003491
0 0.286882 0.658103 0.066982 0.338445 0.001267
