0 0.125794 0.231415 0.035116 0.142997 0.934146
0 0.975640 0.267062 0.036839 0.114690 0.929516
0 0.877532 0.255889 0.019174 0.094648 0.925052
0 0.535567 0.365121 0.120836 0.727221 0.924419
0 0.013358 0.237002 0.024930 0.182828 0.918502
0 0.615268 0.250478 0.027742 0.115770 0.917304
0 0.057380 0.217219 0.034425 0.223863 0.915344
0 0.693303 0.246438 0.027249 0.103021 0.907006
0 0.224674 0.231159 0.014796 0.058316 0.900950
0 0.737500 0.261006 0.016029 0.071644 0.894814
0 0.384777 0.228706 0.014149 0.070316 0.894233
0 0.153678 0.230372 0.015902 0.044699 0.881725
0 0.171423 0.218412 0.015203 0.038298 0.880190
0 0.350941 0.202663 0.011098 0.039575 0.877852
0 0.082156 0.167525 0.015587 0.041621 0.875483
0 0.196075 0.170421 0.013795 0.038412 0.868842
0 0.464546 0.173405 0.012302 0.026710 0.868258
0 0.423556 0.203286 0.011366 0.021133 0.854157
0 0.261417 0.172471 0.014677 0.042115 0.852276
0 0.390665 0.172045 0.011318 0.042196 0.851693
0 0.112271 0.169109 0.013412 0.032588 0.839166
0 0.158396 0.179396 0.010142 0.024693 0.833388
0 0.353947 0.156823 0.010398 0.037812 0.828875
0 0.459164 0.231348 0.013218 0.064858 0.828867
0 0.304167 0.195108 0.011142 0.024878 0.827411
0 0.418853 0.170530 0.008186 0.022742 0.823385
0 0.376054 0.203287 0.008570 0.039561 0.820794
0 0.426509 0.173078 0.010867 0.023026 0.813892
0 0.233591 0.173199 0.011170 0.039332 0.799515
0 0.376802 0.169672 0.011821 0.038265 0.790186
0 0.323844 0.197065 0.009967 0.020427 0.761744
0 0.447526 0.204321 0.012147 0.024338 0.747054
0 0.334795 0.164982 0.012315 0.047716 0.714869
0 0.320955 0.180255 0.015774 0.030528 0.714002
0 0.321494 0.195861 0.007707 0.020035 0.685393
0 0.439789 0.172698 0.011031 0.022490 0.683632
0 0.167931 0.179313 0.014647 0.057092 0.653064
0 0.129287 0.167475 0.010381 0.016848 0.546168
0 0.992040 0.290581 0.009931 0.058298 0.536642
0 0.436036 0.249402 0.014944 0.034665 0.512697
0 0.442559 0.172219 0.009380 0.022421 0.512301
0 0.430868 0.247787 0.013196 0.033444 0.483333
0 0.074813 0.150046 0.010578 0.028660 0.439128
0 0.007639 0.146552 0.012740 0.037810 0.421314
0 0.317095 0.193261 0.007112 0.021922 0.412491
0 0.240539 0.171417 0.009493 0.027449 0.380853
0 0.266984 0.234542 0.013432 0.048213 0.351240
0 0.168007 0.170955 0.015232 0.041355 0.289967
0 0.382446 0.199665 0.007058 0.034960 0.241969
0 0.443183 0.158616 0.009031 0.024448 0.237016
0 0.020629 0.159364 0.011862 0.061421 0.209380
0 0.180746 0.168515 0.008082 0.015221 0.186732
0 0.319319 0.154056 0.009097 0.037557 0.126728
0 0.121338 0.167231 0.010623 0.023683 0.106657
0 0.410286 0.217806 0.012743 0.020561 0.106314
0 0.316888 0.169724 0.009021 0.025297 0.097778
0 0.458279 0.203919 0.009072 0.018421 0.092352
0 0.319206 0.192100 0.010440 0.024570 0.082559
0 0.168944 0.160803 0.013820 0.022734 0.077092
0 0.034534 0.160658 0.014640 0.064731 0.075510
0 0.282210 0.224378 0.011081 0.015733 0.072910
0 0.264153 0.235097 0.011269 0.045930 0.069986
0 0.591612 0.226925 0.026162 0.165189 0.063354
0 0.321316 0.194288 0.012309 0.020963 0.056025
0 0.281582 0.242542 0.021483 0.041403 0.053622
0 0.378227 0.176272 0.010663 0.027971 0.041622
0 0.137961 0.245560 0.008753 0.016582 0.038966
0 0.319832 0.171040 0.012459 0.026709 0.034597
0 0.459165 0.220345 0.011985 0.049418 0.033357
0 0.601177 0.243027 0.016648 0.127353 0.032118
0 0.137996 0.248404 0.009541 0.017848 0.025610
0 0.033433 0.192760 0.015444 0.123795 0.014786
0 0.879619 0.156882 0.009571 0.037638 0.013705
0 0.589780 0.254241 0.022352 0.219912 0.013248
0 0.325341 0.198400 0.011737 0.020448 0.013007
0 0.160377 0.173336 0.012248 0.025661 0.012311
0 0.077218 0.152216 0.013179 0.029519 0.011921
0 0.921549 0.111765 0.013004 0.022617 0.011232
0 0.374496 0.233491 0.012583 0.053817 0.010770
0 0.164611 0.176487 0.013689 0.042823 0.010733
0 0.925345 0.112449 0.009879 0.021272 0.008440
0 0.169733 0.192162 0.013856 0.076378 0.008251
0 0.020697 0.148896 0.011155 0.039880 0.007796
0 0.375213 0.168502 0.012365 0.032652 0.007510
0 0.409898 0.214687 0.010905 0.017211 0.006858
0 0.321847 0.176169 0.013792 0.030147 0.006168
0 0.374159 0.238641 0.011324 0.038735 0.005519
0 0.243903 0.171806 0.010206 0.026754 0.005293
0 0.332666 0.166042 0.012010 0.042769 0.005187
0 0.953397 0.116050 0.012400 0.022177 0.005018
0 0.448284 0.224306 0.012264 0.055367 0.004935
0 0.034728 0.180360 0.014116 0.103151 0.004709
0 0.261189 0.235919 0.008135 0.039642 0.004695
0 0.383084 0.212015 0.010097 0.050455 0.004467
0 0.993933 0.288821 0.010453 0.057573 0.004112
0 0.182223 0.166810 0.007957 0.016830 0.003893
0 0.376247 0.224778 0.015389 0.072554 0.003515
0 0.033311 0.174749 0.013534 0.037704 0.003272
0 0.320403 0.157662 0.012941 0.039107 0.002957
0 0.127980 0.168241 0.011896 0.019966 0.002918
