0 0.880145 0.638484 0.132022 0.368390 0.955189
0 0.175828 0.535815 0.063623 0.290797 0.954796
0 0.787179 0.589464 0.090185 0.461986 0.946991
0 0.563126 0.527810 0.059452 0.367868 0.938921
0 0.713264 0.492887 0.030281 0.148405 0.929329
0 0.450083 0.520496 0.039048 0.155204 0.923996
0 0.683684 0.504147 0.022583 0.110349 0.910930
0 0.019105 0.546335 0.023558 0.059990 0.907096
0 0.260252 0.527262 0.021369 0.088216 0.893227
0 0.386384 0.516062 0.012702 0.050984 0.876935
0 0.474224 0.517504 0.016573 0.036264 0.873291
0 0.352105 0.526775 0.015405 0.057224 0.871436
0 0.503316 0.487281 0.013428 0.037862 0.864962
0 0.939319 0.488905 0.015052 0.054764 0.861170
0 0.310026 0.523126 0.014415 0.056571 0.859161
0 0.976422 0.437219 0.014298 0.038130 0.853949
0 0.533845 0.485094 0.012387 0.047750 0.846609
0 0.365471 0.511089 0.015152 0.070877 0.845526
0 0.586508 0.447123 0.012442 0.055717 0.841035
0 0.328283 0.480820 0.012451 0.021849 0.834651
0 0.951596 0.432108 0.013057 0.025905 0.826030
0 0.324024 0.522432 0.012730 0.057027 0.825313
0 0.047429 0.526020 0.013019 0.070312 0.821923
0 0.404899 0.465847 0.011106 0.033652 0.820889
0 0.832912 0.446997 0.013610 0.033841 0.789047
0 0.285635 0.510997 0.009842 0.060069 0.781167
0 0.907068 0.480586 0.015185 0.074376 0.780222
0 0.309103 0.479124 0.009339 0.024317 0.764939
0 0.315491 0.484543 0.008466 0.016568 0.755759
0 0.343212 0.467510 0.010662 0.027066 0.743913
0 0.022554 0.506898 0.012434 0.029933 0.741393
0 0.849970 0.438503 0.010483 0.027796 0.732877
0 0.437769 0.542717 0.013077 0.091690 0.714488
0 0.230805 0.515392 0.013300 0.061928 0.694826
0 0.429206 0.457210 0.009497 0.025317 0.680794
0 0.456910 0.454408 0.008279 0.025234 0.658713
0 0.941064 0.452179 0.017101 0.037403 0.631337
0 0.008085 0.505828 0.013463 0.023151 0.605553
0 0.696596 0.486084 0.013179 0.091013 0.593484
0 0.909827 0.446739 0.011929 0.018901 0.563581
0 0.599232 0.448647 0.012719 0.036005 0.560410
0 0.265538 0.487676 0.006988 0.017447 0.546346
0 0.986738 0.579724 0.026525 0.239428 0.532662
0 0.437407 0.531225 0.012470 0.067623 0.524352
0 0.441782 0.454438 0.007745 0.026349 0.522660
0 0.036686 0.536619 0.009384 0.060037 0.499382
0 0.427103 0.483210 0.009961 0.030747 0.475541
0 0.962230 0.437131 0.008102 0.016623 0.443399
0 0.277275 0.517626 0.014067 0.061215 0.386888
0 0.376168 0.521182 0.007150 0.038487 0.376740
0 0.694615 0.487420 0.011355 0.087468 0.369214
0 0.300506 0.495998 0.007725 0.029044 0.357466
0 0.200891 0.485118 0.007540 0.035859 0.325118
0 0.868389 0.429745 0.012079 0.019308 0.314680
0 0.909607 0.451898 0.012146 0.029149 0.289708
0 0.357560 0.508219 0.008075 0.023960 0.278820
0 0.936130 0.449513 0.010177 0.024041 0.274555
0 0.313495 0.481503 0.010672 0.022371 0.256671
0 0.923608 0.497910 0.017094 0.040049 0.210599
0 0.497731 0.454643 0.008264 0.024934 0.152049
0 0.374639 0.464618 0.007372 0.022636 0.141130
0 0.415033 0.462714 0.009940 0.037770 0.131122
0 0.544933 0.446688 0.005369 0.019525 0.104944
0 0.895195 0.452006 0.009763 0.044523 0.100103
0 0.490025 0.460880 0.008719 0.026524 0.088684
0 0.012098 0.524442 0.008791 0.017772 0.084931
0 0.908919 0.456897 0.013014 0.041878 0.082305
0 0.307132 0.481609 0.008160 0.020311 0.075887
0 0.286919 0.481728 0.006901 0.015416 0.063869
0 0.907305 0.459880 0.014384 0.040859 0.062778
0 0.285488 0.483060 0.007368 0.017699 0.058914
0 0.822743 0.445120 0.011160 0.037495 0.058612
0 0.277922 0.489865 0.006612 0.013940 0.057579
0 0.256378 0.495458 0.011252 0.028354 0.054589
0 0.530961 0.455501 0.011349 0.025190 0.049477
0 0.033429 0.501472 0.010793 0.031647 0.047606
0 0.437175 0.519123 0.011589 0.043291 0.045389
0 0.366613 0.467448 0.009314 0.017723 0.044493
0 0.527007 0.454722 0.012383 0.024549 0.044035
0 0.268866 0.486640 0.007182 0.015981 0.042343
0 0.470428 0.514200 0.010623 0.032273 0.041378
0 0.204179 0.484382 0.008411 0.039827 0.039447
0 0.960910 0.436772 0.008281 0.019878 0.038837
0 0.036340 0.502872 0.008146 0.025364 0.034342
0 0.299623 0.499978 0.008278 0.034484 0.033266
0 0.276380 0.498222 0.009322 0.021588 0.029327
7 0.725389 0.506686 0.007521 0.015578 0.028862
0 0.428082 0.480273 0.010417 0.027958 0.028496
0 0.940144 0.451023 0.015353 0.027843 0.028435
0 0.956901 0.435112 0.007913 0.023582 0.026374
0 0.487973 0.444055 0.007839 0.021131 0.025975
0 0.364592 0.469047 0.009446 0.018377 0.024419
0 0.031629 0.503266 0.011576 0.033209 0.022704
0 0.266415 0.485682 0.006758 0.019300 0.020659
0 0.362495 0.479251 0.010647 0.027015 0.019994
0 0.310847 0.478559 0.011607 0.025011 0.019568
0 0.242041 0.504406 0.008540 0.040344 0.019017
0 0.271889 0.489672 0.006334 0.015239 0.018359
0 0.013669 0.532577 0.012284 0.034630 0.018325
0 0.316478 0.483092 0.010417 0.017890 0.017988
