0 0.667466 0.327819 0.055263 0.186068 0.957296
0 0.336024 0.261372 0.067558 0.349294 0.954351
5 0.417498 0.395424 0.053992 0.123895 0.929055
0 0.462011 0.295265 0.029229 0.150510 0.921656
5 0.843512 0.398539 0.031768 0.049210 0.919133
0 0.416683 0.362555 0.051205 0.183132 0.914035
0 0.376466 0.227394 0.015690 0.071389 0.899908
0 0.291631 0.197890 0.016492 0.078037 0.888449
0 0.876990 0.399615 0.015289 0.036627 0.880646
0 0.195115 0.163843 0.013722 0.081455 0.880212
0 0.954251 0.430707 0.020610 0.045711 0.875218
0 0.992338 0.439654 0.015324 0.044830 0.869839
0 0.080140 0.137235 0.014548 0.077651 0.866367
0 0.064927 0.140213 0.011958 0.047294 0.863328
0 0.276455 0.210048 0.010312 0.049926 0.849216
0 0.203950 0.187637 0.011742 0.050838 0.841838
0 0.270256 0.192517 0.014827 0.075104 0.817173
0 0.177738 0.157955 0.010553 0.056014 0.816355
0 0.167844 0.161463 0.011124 0.062632 0.790316
0 0.232961 0.182282 0.018038 0.071689 0.687661
0 0.211313 0.166230 0.015912 0.065410 0.632547
0 0.700425 0.343529 0.008781 0.024987 0.628316
0 0.303646 0.210203 0.005736 0.036038 0.390141
0 0.594884 0.307043 0.010966 0.025195 0.331437
0 0.406395 0.233677 0.019711 0.085509 0.331050
0 0.298265 0.213302 0.011470 0.046089 0.328982
0 0.205200 0.137917 0.009208 0.025758 0.284491
0 0.260082 0.198238 0.008181 0.043261 0.209577
0 0.267944 0.199204 0.010129 0.053710 0.200040
0 0.212502 0.175411 0.010257 0.045265 0.139595
0 0.213288 0.165335 0.011301 0.062381 0.123847
0 0.247444 0.194363 0.010414 0.041389 0.119645
0 0.262438 0.199505 0.007601 0.046092 0.082766
0 0.300717 0.211278 0.008709 0.042553 0.065413
0 0.205580 0.150578 0.010230 0.045438 0.031615
0 0.264122 0.199608 0.006636 0.045427 0.030132
0 0.209608 0.159297 0.017349 0.056738 0.030071
0 0.302202 0.213341 0.008148 0.043193 0.028665
0 0.306863 0.211795 0.007893 0.041814 0.018599
0 0.211967 0.181853 0.008252 0.037176 0.015358
0 0.597419 0.309506 0.009898 0.021128 0.014643
0 0.621673 0.286899 0.011302 0.026580 0.012853
0 0.621931 0.306008 0.012808 0.058341 0.010424
0 0.307314 0.193196 0.008294 0.047372 0.010230
0 0.417304 0.395456 0.053957 0.123254 0.008739
0 0.047292 0.128134 0.013795 0.060762 0.008316
0 0.710642 0.348733 0.011798 0.025601 0.007564
0 0.246172 0.198193 0.010637 0.034575 0.006269
0 0.258125 0.194885 0.008710 0.036764 0.006030
0 0.208111 0.141141 0.011502 0.022027 0.005429
0 0.703987 0.347214 0.010784 0.026024 0.004588
0 0.203333 0.138708 0.007487 0.028352 0.004142
0 0.191741 0.156962 0.007632 0.063489 0.003436
0 0.597292 0.303537 0.011572 0.030183 0.002972
5 0.876456 0.400062 0.015742 0.037717 0.002159
5 0.401736 0.383706 0.023389 0.098904 0.001906
0 0.272819 0.173468 0.014030 0.035079 0.001758
0 0.284889 0.209539 0.005161 0.052660 0.001717
0 0.273921 0.198808 0.014416 0.069903 0.001550
0 0.227437 0.180257 0.009993 0.058606 0.001512
0 0.269756 0.205743 0.008610 0.048816 0.001492
0 0.196695 0.183099 0.008900 0.042129 0.001284
0 0.300923 0.205821 0.007448 0.037801 0.001146
0 0.209061 0.187205 0.011099 0.048301 0.001061
