2 0.587169 0.414659 0.071143 0.109076 0.943343
2 0.022701 0.409594 0.044993 0.061665 0.938989
2 0.134402 0.680057 0.023873 0.093953 0.925095
2 0.716757 0.300152 0.058761 0.086314 0.913203
2 0.890064 0.346348 0.057064 0.126554 0.911792
2 0.038383 0.703569 0.027534 0.119343 0.835287
2 0.993417 0.333508 0.012474 0.078475 0.380410
2 0.707402 0.564850 0.017782 0.059035 0.068898
2 0.907618 0.460244 0.036099 0.061785 0.022557
2 0.972544 0.751363 0.054337 0.184604 0.012334
2 0.397052 0.250640 0.014853 0.028805 0.005431
2 0.897691 0.493669 0.016416 0.071460 0.002531
2 0.972967 0.724079 0.053252 0.129055 0.001671
2 0.890187 0.320207 0.056514 0.073931 0.001370
2 0.903180 0.473742 0.027236 0.089704 0.001303
