0 0.800679 0.806951 0.114920 0.386099 0.968106
0 0.702200 0.822440 0.102298 0.355120 0.962092
8 0.270150 0.753311 0.037456 0.196961 0.943877
0 0.211578 0.858320 0.015270 0.062497 0.907545
4 0.498198 0.533177 0.116655 0.220615 0.904193
6 0.008137 0.953595 0.016275 0.092810 0.895438
6 0.402366 0.802797 0.021589 0.017853 0.846882
4 0.462524 0.723571 0.026398 0.050778 0.827045
0 0.367084 0.823878 0.011823 0.047520 0.807574
5 0.369643 0.833726 0.016831 0.033573 0.720265
4 0.321778 0.780336 0.015004 0.031833 0.704364
4 0.262035 0.781694 0.021000 0.046888 0.562728
0 0.436358 0.797216 0.008065 0.031061 0.129908
8 0.024950 0.688781 0.043992 0.468495 0.102103
8 0.412029 0.261351 0.206249 0.512348 0.035693
8 0.328035 0.765261 0.021926 0.128908 0.023564
8 0.722294 0.093294 0.011037 0.048702 0.020622
0 0.351844 0.814275 0.005236 0.026214 0.018011
9 0.000107 0.940095 0.000215 0.095643 0.013601
6 0.000000 0.892786 0.000000 0.214428 0.012874
0 0.370012 0.825641 0.014036 0.047253 0.012834
0 0.317964 0.823671 0.006689 0.018980 0.011686
0 0.261678 0.781461 0.020709 0.046598 0.006598
8 0.358801 0.759373 0.019356 0.070132 0.005032
6 0.301001 0.827153 0.016747 0.022504 0.004812
9 0.000000 0.955426 0.000000 0.086437 0.004607
8 0.269952 0.687822 0.036815 0.064189 0.004597
6 0.000336 0.931575 0.000671 0.136850 0.004077
9 0.000044 0.903427 0.000089 0.076135 0.002931
0 0.350855 0.813836 0.006114 0.025918 0.002598
9 0.000000 0.974419 0.000000 0.051161 0.002362
6 0.411959 0.800553 0.008104 0.022115 0.002175
6 0.318158 0.823711 0.006925 0.019417 0.001987
5 0.211679 0.860095 0.013668 0.058501 0.001549
8 0.449124 0.400318 0.132647 0.768291 0.001437
6 0.309196 0.824167 0.008961 0.020873 0.001361
0 0.669831 0.104235 0.010558 0.054266 0.001326
6 0.006061 0.957952 0.012122 0.084096 0.001093
9 0.000000 0.863857 0.000000 0.081901 0.001017
