5 0.151346 0.448991 0.300702 0.397242 0.964658
6 0.496402 0.306271 0.306006 0.197657 0.957900
6 0.250870 0.206346 0.054008 0.046513 0.912329
4 0.377855 0.161345 0.018896 0.035903 0.890018
6 0.217591 0.206662 0.025631 0.046178 0.592318
6 0.036367 0.211117 0.072734 0.133053 0.513322
4 0.333886 0.186804 0.007834 0.011751 0.444407
6 0.038046 0.245222 0.075718 0.202529 0.074475
0 0.217578 0.206162 0.025306 0.048190 0.011677
6 0.042813 0.301223 0.085319 0.313251 0.010941
11 0.150957 0.443105 0.300360 0.382227 0.009913
6 0.150957 0.443105 0.300360 0.382227 0.008211
4 0.328103 0.212402 0.010481 0.022031 0.004619
6 0.053279 0.339116 0.106557 0.390359 0.002856
11 0.053658 0.354288 0.107316 0.419573 0.002843
9 0.000000 0.230164 0.000000 0.096855 0.001635
4 0.193926 0.145587 0.016384 0.023976 0.001493
0 0.290704 0.209044 0.014889 0.041263 0.001492
5 0.000000 0.352027 0.000000 0.118794 0.001377
5 0.000000 0.422458 0.000000 0.106483 0.001352
6 0.024658 0.379198 0.048968 0.250850 0.001191
