0 0.240802 0.468856 0.053676 0.171108 0.962193
8 0.533765 0.341820 0.056105 0.277218 0.954251
8 0.397240 0.372752 0.033279 0.096104 0.948145
6 0.415708 0.459267 0.047693 0.068909 0.940631
8 0.333889 0.274477 0.090102 0.497842 0.933918
0 0.582117 0.443840 0.019789 0.068098 0.916715
6 0.282873 0.480234 0.018126 0.022214 0.887304
0 0.341083 0.474362 0.025937 0.093836 0.874844
0 0.270337 0.482071 0.009449 0.042611 0.828791
0 0.228453 0.478404 0.006689 0.024759 0.420554
0 0.317744 0.472875 0.009473 0.022685 0.405449
0 0.243253 0.410894 0.005654 0.015962 0.170273
0 0.329986 0.473920 0.008122 0.022950 0.054854
0 0.266719 0.480551 0.008810 0.041026 0.024152
0 0.222677 0.480693 0.004648 0.018456 0.011639
0 0.245739 0.410178 0.005475 0.016830 0.011506
6 0.317882 0.472433 0.009468 0.022537 0.008565
6 0.330113 0.474163 0.008544 0.021940 0.006761
0 0.268439 0.481195 0.009528 0.039319 0.003825
8 0.269764 0.402132 0.037662 0.222893 0.002689
0 0.341741 0.485126 0.022793 0.071551 0.002046
6 0.285195 0.483132 0.017163 0.026407 0.001630
0 0.232294 0.412805 0.017646 0.022293 0.001493
0 0.246981 0.409729 0.008387 0.018837 0.001277
