4 0.372753 0.441981 0.055823 0.099789 0.939894
5 0.162236 0.699717 0.040168 0.048259 0.929908
4 0.550447 0.167548 0.079617 0.217311 0.926178
6 0.011864 0.775332 0.023728 0.141941 0.912794
5 0.189293 0.697935 0.032481 0.044730 0.912170
9 0.336513 0.677087 0.007350 0.022194 0.775331
5 0.215361 0.681002 0.023494 0.032295 0.727797
9 0.329182 0.676845 0.008302 0.020004 0.682705
9 0.344549 0.677092 0.007335 0.023869 0.594594
4 0.373042 0.611162 0.056729 0.438920 0.322078
9 0.321138 0.670307 0.011010 0.027003 0.090323
9 0.000000 0.771943 0.000000 0.118237 0.057163
9 0.000000 0.756112 0.000000 0.106582 0.038302
9 0.000000 0.740256 0.000000 0.077048 0.027905
9 0.320139 0.661952 0.012868 0.013305 0.017043
6 0.320139 0.661952 0.012868 0.013305 0.013497
4 0.893751 0.664386 0.017808 0.032173 0.008790
6 0.000000 0.771001 0.000000 0.154377 0.007601
9 0.000000 0.729387 0.000000 0.047957 0.005360
9 0.348182 0.677118 0.010288 0.025101 0.003074
9 0.000000 0.794398 0.000000 0.083024 0.002650
9 0.343081 0.678348 0.007920 0.023870 0.002587
5 0.867973 0.733888 0.038073 0.074535 0.002228
0 0.178790 0.678063 0.008944 0.021744 0.002001
0 0.177534 0.681421 0.010698 0.022485 0.001741
5 0.854857 0.738447 0.014252 0.061324 0.001596
9 0.320101 0.667592 0.013444 0.022440 0.001254
9 0.000002 0.747656 0.000005 0.109492 0.001030
