5 0.364212 0.821898 0.063986 0.096532 0.942652
6 0.942123 0.935375 0.114673 0.081177 0.942140
4 0.604750 0.820102 0.177555 0.316506 0.926575
6 0.784581 0.891618 0.149188 0.100020 0.922801
0 0.204033 0.717463 0.019000 0.081701 0.916060
6 0.983803 0.967642 0.031922 0.064716 0.744008
5 0.272084 0.744449 0.027970 0.080031 0.604959
5 0.271929 0.759918 0.027522 0.047315 0.494762
0 0.272490 0.743301 0.027339 0.080802 0.485994
8 0.668457 0.619155 0.038194 0.054919 0.053739
6 0.997790 0.910870 0.004115 0.025779 0.036274
6 0.968576 0.888703 0.060916 0.078391 0.028488
6 0.983971 0.946682 0.031791 0.106636 0.018846
5 0.184226 0.725465 0.017776 0.041288 0.011409
5 0.179507 0.725988 0.014990 0.037010 0.003115
5 0.284408 0.761199 0.010196 0.040216 0.002708
6 0.999429 0.944479 0.001142 0.111042 0.002208
6 0.999925 0.901965 0.000149 0.063669 0.002203
5 0.282464 0.759620 0.011849 0.044471 0.002198
6 0.999858 0.932886 0.000284 0.092051 0.001917
6 0.203467 0.703325 0.015971 0.050639 0.001806
6 0.995017 0.893001 0.009567 0.063233 0.001525
6 0.999890 0.914888 0.000220 0.054561 0.001404
5 0.203791 0.716975 0.019102 0.081421 0.001403
6 0.997383 0.956722 0.005234 0.086556 0.001305
6 0.984023 0.985189 0.031914 0.029623 0.001205
6 0.999978 0.893388 0.000044 0.090934 0.001050
