8 0.076879 0.317315 0.145504 0.460016 0.969116
6 0.174569 0.580223 0.072726 0.065060 0.944428
8 0.168953 0.471676 0.052121 0.147091 0.915097
6 0.268755 0.586199 0.038899 0.041007 0.911365
9 0.236972 0.604204 0.023864 0.054162 0.882499
0 0.291115 0.591961 0.013343 0.050879 0.857566
8 0.297555 0.400934 0.079803 0.140369 0.733441
5 0.290932 0.606648 0.014658 0.032240 0.553400
8 0.460860 0.548065 0.031322 0.082732 0.442612
5 0.317285 0.615889 0.010379 0.031321 0.282302
0 0.290957 0.602099 0.014389 0.040992 0.266445
0 0.316988 0.599834 0.009711 0.061925 0.181755
4 0.054704 0.377777 0.044095 0.078570 0.157228
8 0.434222 0.532158 0.034420 0.107710 0.046040
8 0.253859 0.509797 0.039757 0.117205 0.040681
5 0.290259 0.598369 0.014866 0.046335 0.013634
8 0.297706 0.358461 0.079155 0.054726 0.011228
11 0.290767 0.604897 0.014696 0.035795 0.006163
0 0.316624 0.594519 0.010539 0.037017 0.003855
9 0.000063 0.566961 0.000127 0.079280 0.001496
5 0.319792 0.615898 0.014416 0.032007 0.001295
9 0.268852 0.586013 0.038913 0.041154 0.001228
9 0.000060 0.559800 0.000120 0.059046 0.001195
