0 0.211250 0.819614 0.054410 0.219192 0.960346
0 0.598982 0.795554 0.038203 0.166278 0.951405
0 0.520385 0.799484 0.031239 0.149974 0.947915
0 0.455360 0.805196 0.030074 0.152993 0.944774
0 0.133328 0.830211 0.056584 0.247006 0.942856
0 0.392957 0.827969 0.053915 0.192563 0.935559
0 0.408147 0.797927 0.033009 0.176055 0.921276
0 0.260530 0.824195 0.017906 0.071020 0.902938
0 0.328887 0.826090 0.021627 0.068309 0.875029
0 0.302427 0.808676 0.036563 0.207862 0.873770
6 0.656001 0.777528 0.073106 0.061327 0.868494
6 0.105186 0.813960 0.023802 0.034066 0.789307
6 0.048746 0.808132 0.020948 0.020754 0.736758
0 0.287295 0.821005 0.026650 0.077697 0.311503
6 0.369170 0.797825 0.018765 0.046367 0.119726
7 0.738758 0.878197 0.029574 0.042754 0.007705
0 0.755211 0.771611 0.010033 0.031474 0.003262
6 0.330671 0.787379 0.026613 0.025136 0.002593
6 0.058074 0.810520 0.041258 0.027257 0.002580
6 0.440413 0.790878 0.011959 0.034002 0.002579
9 0.440845 0.790942 0.011520 0.034085 0.002273
5 0.440413 0.790878 0.011959 0.034002 0.001772
3 0.290359 0.838756 0.088420 0.075047 0.001370
4 0.010223 0.709187 0.018919 0.025028 0.001232
9 0.442857 0.789087 0.009392 0.038030 0.001218
