3 0.185974 0.695306 0.134102 0.421100 0.958014
3 0.478131 0.610444 0.102573 0.244181 0.942805
0 0.740574 0.498277 0.518852 0.996261 0.938272
3 0.027918 0.623018 0.055171 0.166079 0.936672
3 0.309722 0.604337 0.029685 0.117893 0.932720
3 0.363811 0.590118 0.111197 0.220087 0.927705
3 0.111509 0.619278 0.050222 0.154798 0.925465
0 0.177907 0.524473 0.099888 0.312247 0.903199
3 0.424796 0.738568 0.141274 0.485964 0.857170
3 0.272890 0.607285 0.023005 0.115916 0.822710
3 0.758264 0.629326 0.042106 0.284496 0.808929
0 0.243517 0.345856 0.200528 0.682792 0.570520
3 0.133900 0.628490 0.067982 0.299648 0.350659
3 0.758653 0.562338 0.056348 0.086246 0.105425
3 0.132413 0.603413 0.067105 0.192886 0.083848
3 0.142942 0.647283 0.062109 0.266839 0.051827
3 0.451187 0.694991 0.191893 0.394441 0.020409
3 0.759019 0.681994 0.039008 0.174052 0.019177
3 0.757495 0.578352 0.052038 0.058480 0.017643
0 0.249314 0.454630 0.178393 0.878951 0.014273
3 0.752876 0.566581 0.049106 0.072252 0.005540
3 0.143783 0.619997 0.052958 0.247793 0.003216
3 0.121893 0.606168 0.059586 0.184050 0.003139
3 0.000000 0.576746 0.000000 0.230440 0.002722
3 0.011941 0.590119 0.023881 0.219041 0.002654
3 0.748917 0.560473 0.039935 0.088513 0.002300
3 0.276013 0.607049 0.019546 0.106665 0.001689
3 0.124820 0.622664 0.068742 0.241128 0.001629
0 0.759015 0.641404 0.039442 0.257007 0.001243
