0 0.159405 0.497802 0.087911 0.258336 0.953676
0 0.965646 0.420970 0.054015 0.215533 0.946131
9 0.308159 0.492111 0.037415 0.061340 0.930458
0 0.853404 0.421504 0.021341 0.105826 0.923348
6 0.935097 0.395863 0.060792 0.030745 0.833579
6 0.492635 0.440302 0.049887 0.035163 0.832665
6 0.558681 0.429031 0.042370 0.029022 0.668619
6 0.451367 0.440248 0.036989 0.024796 0.556942
0 0.995091 0.374540 0.009503 0.115204 0.296068
0 0.995335 0.396221 0.009330 0.160263 0.072250
0 0.994791 0.419941 0.010417 0.213863 0.005353
6 0.824322 0.410233 0.033255 0.022074 0.005308
6 0.995013 0.373794 0.009975 0.115258 0.005185
6 0.484649 0.440776 0.034282 0.034135 0.004272
9 0.994979 0.382998 0.010042 0.133295 0.003596
2 0.705786 0.549075 0.019538 0.031496 0.002000
6 0.504769 0.458346 0.070488 0.064929 0.001717
6 0.995335 0.396221 0.009330 0.160263 0.001441
0 0.726261 0.414828 0.007868 0.014357 0.001051
