0 0.594779 0.485591 0.061414 0.279751 0.959796
0 0.043413 0.549497 0.085981 0.302435 0.954168
0 0.184779 0.541471 0.075603 0.291467 0.953063
0 0.439322 0.516237 0.078669 0.232820 0.952606
0 0.228180 0.549287 0.045454 0.143936 0.932394
0 0.066173 0.582894 0.012470 0.046405 0.890663
8 0.126702 0.502648 0.030062 0.246256 0.833094
8 0.472590 0.364980 0.088080 0.544234 0.804027
5 0.227894 0.588004 0.050618 0.093715 0.760965
8 0.490923 0.374959 0.051504 0.564297 0.633474
5 0.066173 0.591393 0.011973 0.033010 0.267089
5 0.121128 0.557557 0.018629 0.023778 0.039513
8 0.448547 0.234462 0.040052 0.242915 0.034609
8 0.125881 0.401905 0.030296 0.045389 0.008288
8 0.494054 0.305435 0.044922 0.428761 0.007794
0 0.317692 0.314765 0.016119 0.036146 0.004898
5 0.066117 0.582907 0.012473 0.047338 0.004178
3 0.227776 0.587553 0.050456 0.094725 0.004153
0 0.227894 0.588004 0.050618 0.093715 0.002502
