8 0.402393 0.341750 0.056639 0.278283 0.957037
8 0.263868 0.402364 0.035244 0.163553 0.944321
6 0.198767 0.469878 0.045281 0.064647 0.934624
0 0.094774 0.479610 0.010593 0.042975 0.881067
0 0.130877 0.484569 0.007632 0.034095 0.816209
6 0.114758 0.482720 0.020809 0.026111 0.798286
6 0.152200 0.474205 0.013508 0.028308 0.220870
8 0.195054 0.273123 0.094574 0.518857 0.036101
5 0.152409 0.475214 0.012775 0.029815 0.013643
0 0.124214 0.482834 0.007118 0.029240 0.013368
0 0.077535 0.476120 0.005891 0.024348 0.010304
6 0.103848 0.482618 0.007904 0.024902 0.005198
6 0.104668 0.483571 0.012249 0.025802 0.003990
0 0.152409 0.475214 0.012775 0.029815 0.002541
9 0.152409 0.475214 0.012775 0.029815 0.002366
0 0.103011 0.481904 0.006548 0.025077 0.001485
0 0.115873 0.482255 0.019279 0.026542 0.001449
0 0.180383 0.470312 0.009074 0.058366 0.001198
0 0.951703 0.723838 0.022813 0.100066 0.001029
