5 0.332940 0.544295 0.311404 0.517548 0.963545
6 0.561878 0.266958 0.160279 0.176874 0.961879
5 0.437945 0.508180 0.254002 0.406919 0.961482
6 0.485858 0.375425 0.306193 0.276888 0.953678
6 0.700266 0.363503 0.179899 0.187288 0.952736
6 0.260327 0.266967 0.304290 0.209503 0.951285
6 0.820527 0.361881 0.108452 0.124072 0.948929
6 0.163180 0.442909 0.326349 0.432457 0.944202
6 0.925639 0.303478 0.088280 0.136132 0.935686
3 0.925443 0.303804 0.088767 0.136235 0.004168
5 0.981506 0.355125 0.036988 0.072182 0.003571
5 0.978704 0.363358 0.030317 0.053889 0.003400
6 0.515567 0.248663 0.061849 0.029186 0.001717
6 0.981304 0.350632 0.036940 0.080433 0.001634
8 0.979701 0.209797 0.030671 0.134784 0.001529
