2 0.497889 0.630503 0.048613 0.131808 0.952296
2 0.356800 0.559709 0.063573 0.124001 0.947558
2 0.707640 0.524189 0.039283 0.120135 0.936537
2 0.403545 0.535409 0.028348 0.138576 0.932514
2 0.516706 0.517958 0.047632 0.134343 0.927328
2 0.756748 0.554898 0.025704 0.137663 0.921053
2 0.182286 0.626628 0.048946 0.106986 0.915695
2 0.756017 0.483951 0.029415 0.083390 0.900011
2 0.544703 0.568968 0.036154 0.125660 0.894980
2 0.690153 0.551618 0.032115 0.041043 0.825409
2 0.305445 0.560454 0.022464 0.170343 0.809129
2 0.639696 0.500447 0.044716 0.070192 0.803724
2 0.636770 0.599475 0.063241 0.136376 0.713053
3 0.505375 0.286964 0.023639 0.047257 0.704574
2 0.637841 0.470120 0.018293 0.027568 0.674161
3 0.893414 0.280009 0.092588 0.095597 0.644267
2 0.545977 0.476081 0.037911 0.072898 0.630173
2 0.182515 0.556230 0.045760 0.077180 0.620293
2 0.659822 0.563929 0.032344 0.134226 0.569002
3 0.805330 0.273784 0.069908 0.079258 0.447030
2 0.573781 0.534759 0.029330 0.083632 0.249903
2 0.100774 0.597189 0.038740 0.086975 0.147842
2 0.658594 0.551545 0.029158 0.100033 0.068931
2 0.577095 0.520150 0.023997 0.050719 0.058497
2 0.056167 0.561704 0.110820 0.282826 0.017055
4 0.670074 0.143379 0.015956 0.041101 0.015256
2 0.645787 0.481003 0.030451 0.037210 0.013696
4 0.656257 0.147145 0.013578 0.041774 0.011469
2 0.177939 0.550813 0.037090 0.063181 0.007391
2 0.576141 0.501395 0.025175 0.037301 0.006919
2 0.644657 0.483734 0.034022 0.049335 0.006284
2 0.184214 0.584960 0.044687 0.134849 0.005455
2 0.304939 0.581995 0.021517 0.108011 0.002319
2 0.652800 0.479719 0.016201 0.035673 0.002260
2 0.694093 0.559642 0.026275 0.055144 0.001958
2 0.640369 0.491022 0.026131 0.065053 0.001906
2 0.576164 0.495330 0.024033 0.035481 0.001350
2 0.532925 0.525258 0.025243 0.115343 0.001231
