0 0.451056 0.533459 0.243837 0.915259 0.967081
8 0.239064 0.143387 0.087192 0.060942 0.863826
8 0.027367 0.137587 0.054591 0.064811 0.862951
6 0.308998 0.679606 0.037189 0.043160 0.832694
6 0.272341 0.681586 0.050343 0.051627 0.815802
8 0.209347 0.042098 0.116397 0.075200 0.796117
6 0.337129 0.678221 0.029681 0.042165 0.789833
6 0.360283 0.676391 0.031076 0.041671 0.679779
8 0.657944 0.072882 0.115014 0.080516 0.609856
6 0.518236 0.671608 0.035503 0.041804 0.206282
6 0.379782 0.676902 0.024792 0.036321 0.108474
8 0.592615 0.163495 0.089876 0.054758 0.008012
