3 0.250613 0.618278 0.151510 0.237803 0.964430
0 0.652988 0.532642 0.256339 0.829408 0.959236
8 0.498089 0.058535 0.107752 0.072733 0.948609
8 0.891464 0.131867 0.091440 0.051000 0.946157
8 0.237221 0.077122 0.129523 0.070191 0.944302
8 0.525696 0.155104 0.081942 0.051462 0.940569
8 0.950645 0.033924 0.098709 0.066085 0.939340
8 0.321939 0.166091 0.089225 0.057718 0.932037
6 0.558967 0.670878 0.048534 0.048499 0.917973
6 0.757159 0.672898 0.049441 0.044506 0.917713
6 0.797852 0.671665 0.054783 0.054686 0.915754
6 0.323427 0.674872 0.034024 0.041886 0.899226
6 0.720213 0.666304 0.038237 0.050869 0.833629
6 0.699881 0.669381 0.036255 0.044703 0.589679
