0 0.573984 0.529723 0.032717 0.185256 0.943030
0 0.533883 0.476317 0.037323 0.111847 0.842403
8 0.166334 0.368675 0.014053 0.041721 0.400310
8 0.166550 0.428806 0.014431 0.161391 0.072616
8 0.166330 0.381347 0.014091 0.067173 0.040075
6 0.930165 0.303805 0.139671 0.606168 0.015984
0 0.930199 0.297148 0.139601 0.592570 0.014380
3 0.930199 0.297148 0.139601 0.592570 0.006318
0 0.533719 0.504505 0.037336 0.170146 0.003982
8 0.220600 0.446675 0.010927 0.104662 0.003361
9 0.700658 0.570018 0.031599 0.081776 0.003208
2 0.930199 0.297148 0.139601 0.592570 0.002877
4 0.930165 0.303805 0.139671 0.606168 0.001875
