3 0.251094 0.618513 0.149717 0.234506 0.961257
0 0.658971 0.534774 0.238483 0.817326 0.954856
6 0.558713 0.670961 0.047747 0.048906 0.899014
6 0.756646 0.672110 0.049328 0.044745 0.895776
8 0.892162 0.131935 0.093612 0.051620 0.887354
8 0.950897 0.032512 0.098205 0.063833 0.868460
6 0.323224 0.674455 0.033747 0.042169 0.770080
6 0.798922 0.669546 0.053674 0.056546 0.738662
6 0.721219 0.667397 0.038195 0.049528 0.456694
8 0.238184 0.077077 0.128737 0.069446 0.369061
8 0.321461 0.166804 0.091657 0.057359 0.281314
8 0.526089 0.154501 0.089134 0.051716 0.008937
8 0.498447 0.057998 0.108377 0.073569 0.007090
6 0.700874 0.671358 0.038248 0.041374 0.001188
