0 0.537788 0.523820 0.009941 0.050926 0.859677
0 0.745993 0.498804 0.010049 0.043778 0.857314
0 0.633409 0.544104 0.010470 0.057673 0.855629
0 0.387089 0.516111 0.006417 0.034625 0.855300
0 0.505965 0.522744 0.007730 0.039272 0.854286
0 0.644126 0.539887 0.009469 0.051822 0.853957
0 0.470068 0.530457 0.010284 0.037283 0.845375
0 0.580982 0.541111 0.009661 0.053842 0.843368
0 0.263150 0.535328 0.007998 0.026485 0.840270
0 0.460340 0.525297 0.009190 0.036980 0.839813
0 0.670985 0.532394 0.009394 0.055212 0.839404
0 0.492406 0.539064 0.008602 0.050407 0.836342
0 0.428066 0.532215 0.008763 0.042494 0.824363
0 0.089645 0.544787 0.007256 0.028323 0.822815
0 0.145555 0.554150 0.008360 0.039600 0.822664
0 0.655784 0.504346 0.007081 0.038816 0.822109
0 0.073710 0.564967 0.010836 0.027052 0.821054
0 0.604979 0.532786 0.008674 0.054383 0.818467
0 0.722758 0.488269 0.007299 0.041526 0.817676
0 0.780189 0.468186 0.006428 0.021188 0.813308
0 0.554713 0.521933 0.009469 0.039884 0.805484
0 0.572776 0.536434 0.008917 0.047352 0.801379
0 0.096234 0.544959 0.007953 0.029134 0.800058
0 0.052763 0.549874 0.008490 0.032311 0.787694
0 0.340129 0.509390 0.008145 0.027708 0.783979
0 0.477671 0.518960 0.008633 0.033207 0.778437
0 0.059890 0.546331 0.008648 0.033745 0.767405
0 0.598495 0.525355 0.009709 0.043608 0.763619
0 0.135571 0.539075 0.008089 0.030074 0.744239
0 0.698883 0.469682 0.007104 0.028190 0.719406
0 0.626254 0.525702 0.008717 0.041476 0.715954
0 0.589927 0.521041 0.008415 0.038456 0.715722
0 0.618448 0.520629 0.007859 0.039374 0.676196
0 0.563301 0.519561 0.009340 0.036490 0.635299
0 0.607451 0.518576 0.009065 0.029702 0.512171
0 0.665947 0.484033 0.006346 0.023479 0.465509
0 0.674758 0.483718 0.007602 0.023317 0.433913
0 0.484515 0.521825 0.007230 0.027284 0.428877
0 0.694691 0.470173 0.006822 0.027384 0.422660
0 0.497002 0.521359 0.007505 0.039090 0.330612
0 0.706627 0.473168 0.007774 0.036730 0.327359
0 0.361649 0.506495 0.006867 0.027712 0.303545
0 0.654667 0.501013 0.007621 0.043449 0.264970
0 0.708598 0.473588 0.007327 0.035660 0.226181
0 0.417941 0.498265 0.006056 0.028471 0.214219
0 0.704868 0.471886 0.007382 0.034946 0.207898
0 0.696228 0.470845 0.007728 0.028093 0.180969
0 0.393174 0.505970 0.006181 0.019155 0.180355
0 0.482054 0.520335 0.008809 0.031271 0.179401
0 0.626992 0.521441 0.009123 0.034697 0.169367
0 0.681167 0.558438 0.010910 0.029691 0.163773
0 0.382791 0.507951 0.005305 0.022570 0.159986
0 0.225793 0.521296 0.007025 0.025897 0.159062
0 0.683118 0.472522 0.006337 0.028411 0.148307
0 0.326777 0.506088 0.008291 0.031653 0.142055
0 0.036482 0.552951 0.007128 0.030771 0.133373
0 0.479623 0.519675 0.008905 0.032517 0.130799
0 0.565558 0.543318 0.008865 0.025646 0.096673
0 0.217938 0.531780 0.005748 0.020061 0.095094
0 0.762349 0.476155 0.006114 0.012182 0.070326
0 0.338725 0.510866 0.007846 0.027083 0.068071
0 0.565221 0.522320 0.008208 0.030092 0.059687
0 0.702473 0.469811 0.007583 0.030702 0.056115
0 0.475973 0.519553 0.009364 0.027687 0.055146
0 0.709744 0.474476 0.007145 0.038453 0.054914
0 0.571748 0.532958 0.008843 0.042100 0.049504
0 0.107617 0.541133 0.008708 0.030253 0.045554
0 0.624599 0.523447 0.008817 0.042992 0.033176
0 0.755929 0.476289 0.005853 0.012079 0.029963
0 0.561108 0.520995 0.008406 0.040320 0.028998
0 0.358383 0.506435 0.008001 0.027759 0.027224
0 0.466785 0.510646 0.005912 0.020625 0.022928
0 0.382139 0.505562 0.005833 0.022555 0.021766
0 0.469972 0.503991 0.007165 0.018115 0.021407
0 0.496413 0.517961 0.008244 0.028857 0.020847
0 0.654208 0.487711 0.007918 0.023335 0.020354
0 0.333982 0.508410 0.005985 0.028144 0.006966
0 0.375608 0.503378 0.006743 0.031101 0.006669
0 0.496456 0.528098 0.007079 0.045938 0.005848
0 0.465095 0.524832 0.005839 0.038473 0.005725
0 0.643538 0.532856 0.010670 0.040550 0.005130
0 0.997142 0.378924 0.005716 0.038686 0.004389
0 0.554242 0.527765 0.009574 0.042500 0.004386
0 0.080275 0.547645 0.008668 0.021655 0.004323
0 0.498344 0.518249 0.008968 0.032262 0.003931
0 0.376960 0.506515 0.006641 0.025826 0.003818
0 0.642631 0.541946 0.009840 0.055995 0.003740
0 0.137301 0.539228 0.008270 0.028646 0.003737
8 0.095730 0.336863 0.018090 0.037523 0.003559
0 0.710894 0.478522 0.007640 0.032277 0.003490
0 0.419236 0.498909 0.007012 0.027475 0.003394
0 0.606563 0.507551 0.007689 0.025811 0.003126
0 0.330653 0.506638 0.008378 0.032644 0.003067
0 0.493919 0.509533 0.007063 0.025719 0.002782
0 0.632362 0.536748 0.010401 0.052895 0.002240
0 0.914405 0.460317 0.010634 0.018289 0.002199
0 0.105509 0.544129 0.008806 0.030670 0.002156
0 0.387939 0.512985 0.007603 0.037176 0.002038
0 0.753097 0.476936 0.005892 0.010781 0.001879
0 0.630313 0.539423 0.008836 0.052067 0.001694
