4 0.685683 0.369649 0.084211 0.143507 0.955773
6 0.246752 0.775291 0.244385 0.124991 0.946045
0 0.801499 0.813356 0.031754 0.163058 0.944059
5 0.671905 0.937275 0.149844 0.125450 0.937962
6 0.570025 0.795930 0.209886 0.154846 0.937725
0 0.847124 0.821464 0.026103 0.163446 0.928914
8 0.431207 0.669856 0.023993 0.289959 0.925064
4 0.859745 0.656790 0.018227 0.023047 0.427465
5 0.952946 0.947045 0.092607 0.105910 0.339611
5 0.261839 0.943920 0.264978 0.112160 0.246212
5 0.160712 0.959508 0.164069 0.080983 0.158197
5 0.313145 0.943095 0.161508 0.113809 0.087744
5 0.121682 0.959494 0.242876 0.081012 0.078286
5 0.580027 0.929922 0.193140 0.140156 0.072009
5 0.420066 0.931625 0.287406 0.136750 0.051422
5 0.523081 0.929176 0.078445 0.141014 0.039204
5 0.189800 0.960062 0.107837 0.079706 0.036247
6 0.992794 0.782289 0.014014 0.031914 0.011988
5 0.868504 0.943292 0.261489 0.113417 0.003742
4 0.935242 0.721712 0.032549 0.174251 0.003305
5 0.569593 0.876124 0.200828 0.247752 0.001779
5 0.338994 0.942842 0.108950 0.113635 0.001521
5 0.545013 0.929057 0.128783 0.137699 0.001163
5 0.507195 0.927682 0.111084 0.144635 0.001080
4 0.934970 0.676662 0.032391 0.078529 0.001076
