0 0.182742 0.453837 0.077347 0.268899 0.958835
8 0.402287 0.342326 0.056591 0.278995 0.958798
6 0.532123 0.449670 0.119555 0.118173 0.952844
8 0.263623 0.403218 0.035081 0.163437 0.950846
6 0.241459 0.476278 0.044441 0.056909 0.932818
6 0.209512 0.468992 0.027791 0.039439 0.913234
0 0.079935 0.481417 0.007143 0.031679 0.833833
6 0.111779 0.484460 0.023175 0.023720 0.766842
0 0.132446 0.479838 0.018390 0.038929 0.761069
0 0.128646 0.483133 0.010372 0.035628 0.572914
8 0.124352 0.393007 0.039256 0.222016 0.532719
6 0.104181 0.483808 0.010936 0.023510 0.376083
6 0.106976 0.483898 0.016430 0.023599 0.253435
6 0.102561 0.483744 0.008874 0.021342 0.030602
8 0.195058 0.167999 0.094106 0.307275 0.028585
6 0.097210 0.484087 0.009487 0.019496 0.021854
6 0.152604 0.470852 0.015722 0.022534 0.008339
6 0.098849 0.483576 0.009766 0.020159 0.005326
0 0.532291 0.449951 0.119604 0.117521 0.004738
6 0.124531 0.481666 0.008596 0.024797 0.002924
0 0.402108 0.342408 0.056390 0.277758 0.001886
0 0.124531 0.481666 0.008596 0.024797 0.001866
0 0.072545 0.482159 0.006052 0.024449 0.001863
0 0.082227 0.479644 0.007946 0.029450 0.001148
