2 0.788456 0.639250 0.056865 0.098515 0.934433
2 0.558622 0.650734 0.048869 0.083650 0.916199
2 0.871541 0.673684 0.036606 0.076651 0.909290
2 0.502963 0.651118 0.034778 0.083695 0.886111
2 0.844455 0.679432 0.022864 0.062491 0.881246
2 0.918034 0.684233 0.041677 0.084640 0.878323
2 0.523175 0.661884 0.046705 0.063716 0.808648
2 0.388297 0.640242 0.020673 0.061621 0.803661
2 0.358385 0.627991 0.021509 0.082464 0.760833
2 0.383922 0.631897 0.028373 0.079726 0.602694
8 0.781270 0.222166 0.041004 0.341885 0.446738
2 0.379653 0.627245 0.026410 0.084669 0.002618
2 0.529625 0.659516 0.035600 0.062755 0.001532
