0 0.342310 0.816476 0.141641 0.367048 0.956234
6 0.562739 0.806804 0.084498 0.080787 0.946996
4 0.423792 0.358002 0.126688 0.137196 0.946810
6 0.630776 0.785542 0.065512 0.052020 0.931699
8 0.638744 0.522712 0.146129 0.678852 0.931124
8 0.124736 0.770283 0.018766 0.216078 0.906930
8 0.679731 0.720088 0.026478 0.347152 0.895155
0 0.438250 0.816517 0.018638 0.061636 0.892777
6 0.768339 0.770797 0.062901 0.051486 0.800716
0 0.808059 0.810420 0.025838 0.105912 0.311679
0 0.722909 0.807336 0.021142 0.097508 0.044500
8 0.893314 0.731847 0.013544 0.024613 0.012741
8 0.849867 0.656243 0.007988 0.034482 0.008481
6 0.739024 0.784038 0.017359 0.027940 0.005575
0 0.849800 0.656418 0.008455 0.035448 0.003731
6 0.749912 0.778029 0.026970 0.038376 0.002620
0 0.432837 0.806213 0.008761 0.030383 0.002154
6 0.758011 0.776936 0.041894 0.039119 0.001465
