0 0.442351 0.589886 0.112665 0.284843 0.966958
0 0.177047 0.575506 0.111385 0.246497 0.951387
4 0.010953 0.206557 0.021905 0.330102 0.235830
9 0.011519 0.210341 0.023038 0.335269 0.109121
4 0.011338 0.368157 0.022675 0.656463 0.015229
8 0.979953 0.059884 0.021678 0.038053 0.007208
0 0.833491 0.847433 0.019636 0.203601 0.007028
0 0.099143 0.614068 0.036971 0.098917 0.005413
8 0.350702 0.015651 0.017263 0.031302 0.003347
0 0.011310 0.218051 0.022619 0.355835 0.002450
0 0.104102 0.591740 0.048008 0.141612 0.002133
8 0.254891 0.124426 0.010462 0.024967 0.002007
