2 0.448536 0.382594 0.059817 0.083750 0.951127
2 0.529354 0.550912 0.085570 0.184339 0.947958
0 0.099923 0.099389 0.041907 0.120910 0.929376
0 0.168367 0.037968 0.017684 0.051644 0.767186
8 0.067415 0.313838 0.054906 0.076749 0.291900
4 0.270583 0.092004 0.018973 0.061108 0.205038
0 0.304825 0.069821 0.030422 0.136664 0.188825
0 0.159060 0.077506 0.010846 0.025838 0.023495
0 0.394719 0.048825 0.021860 0.094884 0.022219
4 0.448377 0.382720 0.059769 0.084156 0.005213
8 0.340367 0.110970 0.010621 0.029051 0.003143
4 0.159137 0.077469 0.010614 0.025490 0.002907
0 0.380087 0.076193 0.012069 0.042444 0.001938
