0 0.389148 0.512116 0.393200 0.951054 0.961366
6 0.272119 0.682796 0.050803 0.051214 0.921448
8 0.209256 0.042912 0.119672 0.081403 0.910998
8 0.239617 0.143536 0.086589 0.060755 0.909193
8 0.592330 0.166161 0.093086 0.061625 0.894362
8 0.027727 0.138313 0.055398 0.066153 0.893554
6 0.310214 0.680141 0.034239 0.042579 0.891828
6 0.469681 0.674943 0.043959 0.040783 0.885112
6 0.508628 0.673966 0.050084 0.045740 0.875025
8 0.657785 0.074162 0.116534 0.076158 0.858184
6 0.012616 0.695308 0.025233 0.042204 0.019182
2 0.012616 0.695308 0.025233 0.042204 0.003550
3 0.012616 0.695308 0.025233 0.042204 0.001428
3 0.000000 0.643774 0.000000 0.191561 0.001091
