0 0.946239 0.129631 0.039503 0.157662 0.943734
5 0.383466 0.331410 0.241947 0.322071 0.943530
6 0.221325 0.112194 0.195977 0.161880 0.941405
6 0.441762 0.084941 0.119376 0.109292 0.920946
5 0.123443 0.580390 0.246288 0.409091 0.916324
6 0.554627 0.128203 0.212311 0.179488 0.909034
5 0.667844 0.202048 0.180055 0.252345 0.897461
6 0.324888 0.232459 0.387190 0.306800 0.893400
6 0.734223 0.089638 0.079223 0.085280 0.890392
6 0.805265 0.078173 0.055925 0.063827 0.807300
5 0.811021 0.155603 0.088026 0.092279 0.715436
4 0.945139 0.004082 0.010262 0.006512 0.420447
5 0.903604 0.129592 0.064847 0.134455 0.165367
5 0.873040 0.128517 0.056680 0.094313 0.047636
6 0.626373 0.072511 0.070432 0.063398 0.029799
9 0.558242 0.291319 0.123836 0.319211 0.026579
5 0.733345 0.156029 0.156135 0.160987 0.022534
0 0.723833 0.051463 0.008671 0.014928 0.022461
5 0.554799 0.287096 0.136305 0.330066 0.011297
6 0.152953 0.397373 0.304879 0.444578 0.008423
11 0.560602 0.286982 0.129567 0.331397 0.005279
5 0.016247 0.598316 0.031624 0.106030 0.004503
9 0.000000 0.410276 0.000000 0.108479 0.004112
5 0.035840 0.582539 0.070588 0.113548 0.003375
5 0.309076 0.285712 0.111625 0.243459 0.002962
5 0.828547 0.144204 0.052993 0.109690 0.002445
5 0.043299 0.575018 0.058091 0.053920 0.002305
11 0.123881 0.563972 0.247177 0.443199 0.001998
6 0.258710 0.231163 0.255203 0.308251 0.001824
5 0.000000 0.610934 0.000000 0.092742 0.001639
6 0.560602 0.286982 0.129567 0.331397 0.001603
9 0.000176 0.424036 0.000353 0.118493 0.001598
5 0.000000 0.647191 0.000000 0.084134 0.001538
6 0.903449 0.133217 0.064951 0.126889 0.001468
5 0.000000 0.658308 0.000000 0.091970 0.001229
6 0.125393 0.474405 0.250210 0.338401 0.001171
5 0.000000 0.595532 0.000000 0.091142 0.001118
9 0.000105 0.297909 0.000209 0.114950 0.001070
