0 0.349161 0.513714 0.409420 0.955986 0.954089
6 0.309379 0.680674 0.032483 0.042316 0.861240
6 0.272499 0.681248 0.050141 0.048670 0.821176
6 0.469289 0.675324 0.043801 0.041718 0.749207
6 0.509722 0.672230 0.050606 0.042744 0.373521
8 0.657897 0.074601 0.116929 0.080050 0.292173
8 0.592759 0.164071 0.091798 0.056856 0.276693
8 0.027203 0.137857 0.053798 0.066069 0.215377
8 0.209511 0.042901 0.120736 0.081299 0.164335
8 0.238814 0.144022 0.086717 0.060756 0.152088
6 0.012736 0.695866 0.025473 0.043177 0.001493
6 0.511050 0.664347 0.045050 0.027682 0.001157
