5 0.313570 0.758269 0.203145 0.398465 0.831977
6 0.025509 0.617862 0.050485 0.189763 0.827960
6 0.255490 0.590485 0.239755 0.257367 0.827402
5 0.506671 0.743157 0.116683 0.380843 0.787425
6 0.519090 0.653065 0.506048 0.352400 0.758170
5 0.346348 0.755354 0.131503 0.407056 0.696205
0 0.014928 0.810274 0.029054 0.264707 0.680632
6 0.570035 0.652194 0.343763 0.352198 0.295475
6 0.376146 0.647066 0.401019 0.371950 0.131931
6 0.394633 0.680646 0.340855 0.304818 0.089973
5 0.415128 0.742433 0.300219 0.391839 0.061107
6 0.014903 0.811153 0.029805 0.265207 0.050642
6 0.398443 0.667873 0.571681 0.411535 0.019488
4 0.993336 0.423154 0.011925 0.086619 0.018455
5 0.421996 0.677850 0.286806 0.323413 0.016499
2 0.014824 0.810395 0.029648 0.264970 0.008024
5 0.014800 0.811018 0.029484 0.264117 0.006072
9 0.000000 0.576922 0.000000 0.085051 0.002932
5 0.798386 0.634850 0.178507 0.112603 0.002902
6 0.829141 0.635393 0.116371 0.111075 0.002551
11 0.415569 0.687799 0.300155 0.311655 0.002372
11 0.260795 0.590370 0.251777 0.255761 0.002171
6 0.315274 0.706637 0.206968 0.297548 0.001898
6 0.791617 0.634727 0.184982 0.113600 0.001637
6 0.990415 0.555376 0.018408 0.033719 0.001495
9 0.000000 0.591798 0.000000 0.086355 0.001454
