2 0.198522 0.348475 0.029961 0.056233 0.923910
2 0.226140 0.342981 0.027315 0.055090 0.907497
2 0.330076 0.329735 0.018886 0.036281 0.809670
2 0.993888 0.510380 0.011830 0.084709 0.794572
2 0.380448 0.329354 0.019050 0.049364 0.714059
2 0.396235 0.326261 0.017974 0.042026 0.238206
0 0.993983 0.511020 0.011586 0.085668 0.088818
2 0.349239 0.332100 0.023484 0.054800 0.021668
2 0.615794 0.453747 0.125395 0.074784 0.009481
6 0.993956 0.510613 0.011768 0.086502 0.002686
3 0.993956 0.510613 0.011768 0.086502 0.002614
