0 0.515732 0.269088 0.039951 0.130650 0.939754
1 0.453399 0.292565 0.164388 0.109857 0.930595
0 0.747804 0.468303 0.030066 0.087596 0.928378
0 0.459464 0.268887 0.025249 0.067526 0.923047
0 0.425377 0.246913 0.027716 0.065024 0.900313
1 0.752435 0.500073 0.120516 0.082758 0.894994
1 0.496460 0.322846 0.077740 0.048393 0.537695
1 0.787862 0.523975 0.047855 0.044258 0.017403
7 0.263329 0.822814 0.013382 0.028090 0.016466
1 0.785102 0.517369 0.054116 0.052657 0.005378
1 0.743521 0.488634 0.103158 0.059783 0.004860
0 0.428414 0.265394 0.020515 0.033185 0.003624
1 0.727526 0.489153 0.070431 0.059817 0.001963
1 0.461140 0.289851 0.068821 0.030096 0.001603
0 0.871815 0.409348 0.005884 0.011535 0.001113
0 0.793040 0.355150 0.006143 0.009731 0.001088
