0 0.407001 0.595774 0.065825 0.118627 0.956238
0 0.895816 0.554904 0.135662 0.560481 0.955742
0 0.735421 0.545510 0.067442 0.242245 0.942117
0 0.560721 0.517454 0.063214 0.281520 0.937797
0 0.188761 0.551827 0.018048 0.067182 0.899325
0 0.390007 0.507450 0.013251 0.055192 0.890667
0 0.409563 0.507587 0.014536 0.064034 0.890226
0 0.181539 0.476569 0.013937 0.055542 0.889651
5 0.300913 0.536749 0.041872 0.124337 0.888980
5 0.039358 0.594326 0.019178 0.045930 0.886858
5 0.059183 0.590376 0.017528 0.046974 0.884933
5 0.077603 0.587652 0.016248 0.047771 0.877896
0 0.258712 0.470393 0.013093 0.057967 0.873496
0 0.421652 0.484125 0.012522 0.058712 0.870699
0 0.981901 0.384184 0.015911 0.061582 0.860768
0 0.270262 0.457124 0.010494 0.050415 0.857990
0 0.232513 0.460320 0.011554 0.056502 0.857634
0 0.391210 0.433694 0.009472 0.049124 0.856919
0 0.994165 0.390465 0.011671 0.065651 0.838313
5 0.019899 0.596729 0.025140 0.049012 0.791889
5 0.006448 0.600053 0.012842 0.045908 0.772906
0 0.659140 0.464095 0.009501 0.048828 0.770006
0 0.667614 0.466430 0.008984 0.040595 0.762341
0 0.220722 0.462588 0.010311 0.056400 0.743486
0 0.825051 0.421480 0.011237 0.065410 0.735381
0 0.205040 0.548720 0.013028 0.066787 0.717703
0 0.543355 0.483879 0.012642 0.056337 0.697932
0 0.220420 0.447576 0.009527 0.027370 0.471851
0 0.364124 0.443028 0.011936 0.040339 0.152110
0 0.416348 0.462326 0.006349 0.018783 0.096917
0 0.400540 0.429602 0.009956 0.038216 0.049277
5 0.000000 0.608460 0.000000 0.032342 0.048652
0 0.417228 0.464394 0.007089 0.021434 0.047766
0 0.194241 0.497317 0.013260 0.029371 0.031152
0 0.263843 0.461755 0.008229 0.042161 0.013335
0 0.250911 0.461552 0.007382 0.048538 0.010921
0 0.418602 0.483893 0.008579 0.059187 0.010702
0 0.541596 0.484735 0.017681 0.056239 0.010044
5 0.000000 0.597259 0.000000 0.033373 0.006930
8 0.092435 0.031656 0.039329 0.063311 0.005978
5 0.000000 0.611788 0.000000 0.050387 0.005441
0 0.541411 0.445963 0.019688 0.135111 0.005121
5 0.000000 0.590105 0.000000 0.028006 0.004653
0 0.660402 0.458555 0.010403 0.060126 0.003707
0 0.269174 0.461710 0.009971 0.050755 0.003598
0 0.266945 0.456242 0.011387 0.042275 0.003446
0 0.666166 0.460457 0.008391 0.054586 0.002866
5 0.000000 0.619958 0.000000 0.117201 0.002720
0 0.664506 0.440680 0.007882 0.034456 0.002268
5 0.000000 0.576717 0.000000 0.134420 0.002233
0 0.657609 0.459675 0.009966 0.051332 0.002072
0 0.660445 0.444055 0.011396 0.042195 0.001896
2 0.300938 0.536613 0.041762 0.124785 0.001824
0 0.276986 0.464455 0.006549 0.031733 0.001707
5 0.000000 0.580353 0.000000 0.025741 0.001510
0 0.294306 0.524111 0.009746 0.054974 0.001275
