0 0.596193 0.482787 0.025930 0.072336 0.904380
0 0.623171 0.493284 0.032512 0.088598 0.889474
1 0.638634 0.520108 0.154916 0.042739 0.861799
0 0.186528 0.417388 0.006116 0.017789 0.505804
0 0.229128 0.411988 0.005864 0.017768 0.492473
0 0.323299 0.395863 0.005577 0.013336 0.293075
1 0.636633 0.512976 0.157354 0.041358 0.274681
1 0.609886 0.528063 0.092340 0.023504 0.179788
0 0.359911 0.387549 0.005530 0.018857 0.094519
1 0.621455 0.523749 0.113113 0.032424 0.089144
1 0.592008 0.507637 0.071221 0.020949 0.072789
0 0.221376 0.417361 0.005011 0.012225 0.071585
0 0.516031 0.374113 0.006085 0.013610 0.062822
0 0.444028 0.392816 0.006446 0.012899 0.051234
0 0.391390 0.378877 0.007160 0.021444 0.045531
1 0.656424 0.520070 0.120919 0.038666 0.039346
0 0.250946 0.429846 0.007985 0.022314 0.037490
0 0.392201 0.385086 0.006387 0.021318 0.032212
0 0.516087 0.377192 0.006282 0.016236 0.023285
0 0.184879 0.417767 0.006226 0.015807 0.022190
0 0.224037 0.413836 0.004732 0.013489 0.017305
0 0.360203 0.385085 0.005735 0.017934 0.013947
0 0.607187 0.507399 0.090826 0.048982 0.010737
1 0.602793 0.504118 0.089765 0.028809 0.008762
0 0.232232 0.413016 0.006563 0.015754 0.008644
0 0.515537 0.372340 0.006491 0.015396 0.007425
0 0.360500 0.393720 0.005259 0.023330 0.007151
0 0.339988 0.390865 0.004813 0.013545 0.006909
0 0.249113 0.430937 0.006028 0.021033 0.005630
0 0.253810 0.397365 0.007155 0.031099 0.005604
0 0.222693 0.415554 0.005547 0.011544 0.005188
0 0.515862 0.368144 0.006038 0.018356 0.005088
0 0.606801 0.496337 0.080032 0.057274 0.004950
1 0.588325 0.504542 0.062593 0.027798 0.004480
0 0.253674 0.401334 0.006663 0.024544 0.004422
0 0.262287 0.413662 0.004952 0.012424 0.003924
0 0.253673 0.406214 0.006130 0.017058 0.003596
0 0.248158 0.431797 0.005258 0.020221 0.003280
0 0.284937 0.434392 0.006148 0.013399 0.003239
0 0.420399 0.393740 0.006594 0.015642 0.002991
1 0.559135 0.377995 0.034031 0.019414 0.002573
0 0.240948 0.414177 0.005744 0.010573 0.002272
0 0.234543 0.417330 0.007486 0.013029 0.002176
0 0.593479 0.505301 0.061037 0.026874 0.002035
1 0.622800 0.526762 0.096788 0.024598 0.002015
0 0.257163 0.410682 0.004538 0.010551 0.001878
0 0.240910 0.417086 0.005971 0.012977 0.001646
0 0.181660 0.416365 0.028021 0.025415 0.001545
0 0.376130 0.390198 0.005433 0.017082 0.001479
0 0.235304 0.414067 0.007322 0.011832 0.001475
0 0.515138 0.368512 0.006621 0.014915 0.001418
0 0.326040 0.396327 0.006978 0.014422 0.001407
