0 0.361294 0.726497 0.247964 0.534410 0.970406
7 0.260570 0.560327 0.014510 0.026520 0.908068
6 0.327429 0.698305 0.044444 0.043521 0.773901
6 0.489321 0.691114 0.038768 0.044111 0.304891
8 0.026350 0.059526 0.052641 0.066146 0.124783
8 0.649919 0.183860 0.088176 0.041223 0.055531
8 0.717048 0.088688 0.114031 0.061601 0.034686
6 0.525792 0.694002 0.048441 0.042308 0.021693
6 0.071920 0.708368 0.040536 0.041277 0.016591
8 0.072726 0.166516 0.110297 0.070674 0.014063
8 0.299560 0.172510 0.088128 0.053382 0.007180
6 0.566319 0.690758 0.048880 0.044273 0.007142
8 0.272517 0.069565 0.110924 0.068613 0.004950
