6 0.883137 0.605724 0.093836 0.098330 0.953824
6 0.664474 0.568000 0.104434 0.138274 0.950547
6 0.796385 0.580029 0.094260 0.102126 0.939756
6 0.971721 0.628684 0.056055 0.102687 0.937322
6 0.272210 0.453858 0.086416 0.085061 0.935743
6 0.467803 0.490502 0.056062 0.072073 0.924686
6 0.720777 0.548849 0.071338 0.077098 0.918871
6 0.548258 0.601642 0.116580 0.149774 0.913226
6 0.519064 0.500605 0.055938 0.069597 0.910503
0 0.870570 0.542626 0.025940 0.042536 0.878987
0 0.668995 0.512594 0.028509 0.070978 0.878121
0 0.528983 0.476309 0.030951 0.078631 0.856574
0 0.479216 0.439613 0.017286 0.040686 0.852025
0 0.465804 0.444492 0.013482 0.024047 0.843297
0 0.555332 0.469881 0.014347 0.031021 0.814306
0 0.577081 0.454391 0.014665 0.032822 0.810543
0 0.987128 0.592275 0.025745 0.072979 0.802430
0 0.569834 0.538500 0.055536 0.125608 0.786751
0 0.565718 0.455635 0.011835 0.032968 0.605598
0 0.800868 0.532103 0.031672 0.072521 0.526670
0 0.890940 0.557925 0.019775 0.038961 0.483516
0 0.800236 0.528034 0.025121 0.063254 0.334902
0 0.799928 0.520683 0.022684 0.048696 0.143869
6 0.596870 0.490839 0.046370 0.052444 0.044783
0 0.670033 0.484392 0.026219 0.043766 0.037017
0 0.565607 0.525971 0.044928 0.103713 0.026553
6 0.605237 0.493044 0.032327 0.049238 0.023584
0 0.809185 0.543754 0.029524 0.068101 0.019130
6 0.584021 0.493235 0.072835 0.048292 0.016820
0 0.559106 0.461043 0.019049 0.039066 0.008113
6 0.769244 0.535041 0.026963 0.039791 0.006195
0 0.645999 0.526979 0.019964 0.059580 0.005123
0 0.814044 0.551800 0.020965 0.053455 0.004344
0 0.481154 0.443324 0.019191 0.035285 0.003909
6 0.803107 0.543710 0.038932 0.068650 0.002162
0 0.563894 0.458046 0.016056 0.043152 0.002118
0 0.720241 0.532055 0.029230 0.047343 0.001393
0 0.858674 0.777983 0.065845 0.183326 0.001327
