0 0.486718 0.561547 0.142932 0.800461 0.960805
0 0.266237 0.257289 0.037249 0.171282 0.931831
8 0.334131 0.387570 0.021766 0.110423 0.905461
0 0.700470 0.211317 0.012488 0.034003 0.891449
0 0.866084 0.233399 0.013059 0.068794 0.888004
0 0.527779 0.230111 0.030366 0.105339 0.850406
0 0.688207 0.213474 0.012979 0.034719 0.626525
0 0.691143 0.212427 0.012115 0.032604 0.010830
0 0.274177 0.215719 0.023624 0.081788 0.003137
9 0.334035 0.387442 0.021611 0.110364 0.002180
9 0.361014 0.658066 0.047650 0.228956 0.001380
9 0.991676 0.527633 0.016648 0.272258 0.001062
9 0.990610 0.409173 0.018781 0.391805 0.001024
