2 0.420330 0.867303 0.144215 0.257981 0.964862
2 0.789852 0.910911 0.214222 0.178178 0.939027
2 0.790943 0.680800 0.036024 0.152817 0.935212
1 0.187227 0.502336 0.070534 0.052074 0.920417
1 0.238470 0.806566 0.476940 0.350576 0.895637
1 0.373671 0.805367 0.515701 0.334482 0.592219
0 0.200873 0.498217 0.011610 0.018813 0.440677
0 0.177728 0.501333 0.011053 0.022198 0.316128
0 0.207859 0.498161 0.007557 0.017957 0.219467
0 0.175155 0.503465 0.009092 0.022622 0.078196
0 0.171169 0.504418 0.007639 0.021280 0.046753
1 0.440753 0.795953 0.384922 0.310916 0.001208
