0 0.560104 0.469895 0.069350 0.302550 0.955430
0 0.481062 0.480224 0.053370 0.285455 0.939266
0 0.440520 0.529959 0.042086 0.166845 0.937044
0 0.425169 0.492200 0.028002 0.145761 0.322887
3 0.593699 0.514137 0.036325 0.173710 0.168241
3 0.591837 0.508717 0.030509 0.138939 0.019592
0 0.593465 0.512380 0.036076 0.166794 0.011780
5 0.593159 0.513354 0.035174 0.170520 0.009101
2 0.425472 0.481418 0.027393 0.124142 0.001886
2 0.425643 0.515982 0.028189 0.193463 0.001430
9 0.425368 0.488460 0.027724 0.137604 0.001052
