2 0.270448 0.775575 0.154028 0.265316 0.963817
2 0.643181 0.502971 0.064367 0.131582 0.949822
1 0.145986 0.708006 0.291296 0.344343 0.909849
2 0.806526 0.396755 0.027306 0.069782 0.870103
0 0.896391 0.339162 0.008163 0.024959 0.120410
0 0.889382 0.336051 0.007481 0.028864 0.038374
0 0.421347 0.312964 0.004844 0.010529 0.020005
2 0.487243 0.675877 0.077668 0.141013 0.017437
0 0.890005 0.338127 0.005941 0.027993 0.008361
6 0.145094 0.709493 0.290187 0.344962 0.006538
0 0.422120 0.309707 0.005263 0.012810 0.002727
0 0.419003 0.311081 0.005520 0.010684 0.001353
