10 0.490333 0.146583 0.132460 0.107915 0.929488
10 0.793200 0.559038 0.167681 0.100048 0.906113
8 0.760827 0.503139 0.032142 0.196364 0.885469
6 0.502834 0.680716 0.085595 0.066770 0.879058
8 0.512730 0.455117 0.041627 0.321385 0.874723
10 0.324889 0.593112 0.062796 0.051425 0.858285
4 0.163616 0.674420 0.024783 0.045987 0.848650
6 0.838747 0.660751 0.052110 0.051942 0.839698
8 0.755415 0.503555 0.031448 0.185729 0.015717
10 0.414755 0.694381 0.063094 0.051016 0.004156
0 0.957865 0.655944 0.015913 0.051079 0.001402
10 0.489037 0.696163 0.035429 0.034990 0.001245
