2 0.449526 0.616613 0.059445 0.090701 0.950784
0 0.844607 0.427289 0.041553 0.178470 0.941593
0 0.693535 0.413961 0.027035 0.131301 0.941000
0 0.981155 0.452128 0.037120 0.201333 0.933936
0 0.569794 0.393387 0.029307 0.120933 0.930506
0 0.624177 0.409561 0.024276 0.118315 0.926868
0 0.768277 0.416667 0.026583 0.161156 0.924239
0 0.901434 0.436842 0.031901 0.181224 0.922191
0 0.810237 0.443039 0.027472 0.127581 0.916893
0 0.660553 0.408728 0.030073 0.128753 0.912661
0 0.731552 0.422700 0.029104 0.128469 0.906318
8 0.401508 0.274063 0.017426 0.058673 0.896893
9 0.907817 0.459563 0.046602 0.071302 0.691500
0 0.931654 0.427894 0.031791 0.164332 0.602998
0 0.783614 0.412633 0.025516 0.152838 0.112040
0 0.740145 0.426041 0.015038 0.121013 0.047703
0 0.618013 0.366083 0.010498 0.034283 0.026269
0 0.692405 0.365260 0.015968 0.036645 0.005743
9 0.931151 0.428197 0.031841 0.163042 0.005585
9 0.905187 0.465946 0.041012 0.096576 0.004776
0 0.936811 0.402936 0.035365 0.149432 0.003740
0 0.782665 0.369833 0.020955 0.073614 0.003253
9 0.927834 0.461626 0.031205 0.079399 0.002742
2 0.401412 0.274154 0.017352 0.058831 0.002520
9 0.915597 0.467549 0.055748 0.110370 0.001938
0 0.644011 0.419029 0.020481 0.095029 0.001571
0 0.951728 0.466175 0.018958 0.066488 0.001191
0 0.271721 0.337713 0.008709 0.019236 0.001053
0 0.937684 0.372483 0.033472 0.088587 0.001008
