5 0.618786 0.555445 0.079125 0.107626 0.948292
0 0.140977 0.528739 0.020042 0.096787 0.908186
0 0.282496 0.533267 0.020110 0.093934 0.907581
0 0.095829 0.521731 0.019563 0.097454 0.901923
0 0.922759 0.578610 0.009108 0.032051 0.851956
0 0.568550 0.556968 0.017640 0.070965 0.819600
0 0.271041 0.555649 0.009703 0.043168 0.592806
0 0.864876 0.579255 0.009634 0.029326 0.028623
0 0.865366 0.586150 0.010852 0.039697 0.001499
3 0.038357 0.636200 0.074841 0.092894 0.001329
0 0.171590 0.472608 0.009864 0.021288 0.001147
