0 0.467931 0.608834 0.026959 0.157137 0.943270
0 0.059707 0.630181 0.068203 0.286701 0.935062
0 0.497056 0.609523 0.029648 0.151317 0.934469
0 0.178626 0.619839 0.022738 0.125702 0.923734
0 0.095524 0.627257 0.058163 0.271471 0.921018
0 0.574088 0.130642 0.026701 0.119311 0.918051
0 0.874802 0.613760 0.017429 0.220927 0.909044
4 0.989714 0.901137 0.020572 0.090851 0.298827
4 0.986801 0.653261 0.026397 0.194528 0.116983
0 0.935246 0.489544 0.129509 0.979088 0.007252
0 0.527252 0.000000 0.021649 0.000000 0.001354
0 0.522179 0.000000 0.020704 0.000000 0.001143
