3 0.934933 0.760813 0.130002 0.474651 0.963406
3 0.886446 0.617785 0.124183 0.226085 0.961834
3 0.711117 0.711962 0.128298 0.398296 0.960649
3 0.045742 0.615605 0.091485 0.763774 0.955583
0 0.700898 0.545699 0.103463 0.331511 0.942412
3 0.976712 0.629788 0.046575 0.248279 0.941131
3 0.824929 0.631178 0.033696 0.122219 0.931459
3 0.641380 0.639855 0.045045 0.143961 0.925321
0 0.425334 0.496670 0.348637 0.981401 0.917343
3 0.569821 0.640900 0.051586 0.149472 0.911886
3 0.787553 0.638579 0.022075 0.121673 0.907924
3 0.052523 0.631949 0.075753 0.438110 0.904962
3 0.661358 0.641998 0.070015 0.239843 0.120052
3 0.658334 0.629683 0.067566 0.176761 0.021492
3 0.676052 0.643397 0.066681 0.249149 0.021198
3 0.056208 0.580852 0.069114 0.337119 0.003913
3 0.662152 0.673876 0.092272 0.228846 0.003116
3 0.651228 0.654467 0.069156 0.164665 0.002131
0 0.942400 0.501710 0.115200 0.965113 0.001792
