0 0.662836 0.490494 0.043175 0.088965 0.902885
1 0.665457 0.515150 0.092104 0.046924 0.818710
0 0.680711 0.474470 0.030463 0.065438 0.805471
0 0.247503 0.393565 0.005271 0.018119 0.699290
0 0.266205 0.388046 0.005058 0.012265 0.383918
1 0.671722 0.506453 0.078930 0.031508 0.350634
0 0.416674 0.367334 0.005448 0.016085 0.300320
1 0.655143 0.524689 0.070230 0.031419 0.171952
1 0.655226 0.507823 0.083313 0.030503 0.101234
0 0.313281 0.379116 0.006371 0.023129 0.095171
0 0.245893 0.394626 0.005794 0.016237 0.084024
1 0.627284 0.507007 0.032572 0.027832 0.038422
0 0.572691 0.368827 0.005238 0.012956 0.032696
0 0.650064 0.465998 0.014787 0.040812 0.022482
0 0.448926 0.366712 0.006359 0.019371 0.015224
0 0.279548 0.392519 0.005616 0.010289 0.014174
0 0.062278 0.434150 0.007976 0.013365 0.013264
1 0.682208 0.504040 0.055816 0.028812 0.010474
0 0.676101 0.472882 0.019793 0.061203 0.009120
0 0.312681 0.375342 0.007042 0.028301 0.009063
0 0.380679 0.378081 0.005916 0.010866 0.008486
0 0.241050 0.399475 0.004084 0.014533 0.005101
0 0.658735 0.510185 0.084484 0.040877 0.005018
1 0.641441 0.505765 0.061234 0.026974 0.004462
0 0.189217 0.426672 0.007432 0.017428 0.003820
9 0.167283 0.427088 0.006842 0.015744 0.003753
0 0.043821 0.441346 0.006941 0.011835 0.003491
0 0.447852 0.366310 0.005991 0.015506 0.002907
1 0.690204 0.504201 0.042889 0.026414 0.002512
0 0.193304 0.403394 0.006051 0.013466 0.002144
0 0.379737 0.379122 0.005668 0.013352 0.001505
0 0.653752 0.493531 0.066665 0.082533 0.001496
0 0.158176 0.409771 0.005239 0.012827 0.001482
1 0.652937 0.502327 0.087997 0.032272 0.001472
0 0.597031 0.370616 0.006573 0.010650 0.001400
0 0.266788 0.385516 0.006253 0.018199 0.001212
