4 0.476477 0.399801 0.105386 0.448891 0.949200
0 0.549730 0.870554 0.034436 0.154040 0.928238
0 0.327436 0.804718 0.041001 0.144767 0.926752
0 0.455424 0.835121 0.046801 0.139874 0.911929
5 0.297623 0.741108 0.024509 0.044537 0.862446
5 0.409826 0.790707 0.014274 0.034932 0.844115
5 0.385385 0.771150 0.012474 0.023509 0.830381
0 0.332957 0.774995 0.029682 0.084437 0.789418
0 0.283386 0.729399 0.014577 0.075937 0.770746
0 0.439664 0.835674 0.025004 0.134116 0.762605
5 0.425011 0.795665 0.022555 0.035133 0.739651
5 0.486298 0.822321 0.015615 0.034303 0.698640
5 0.366071 0.768407 0.018137 0.043788 0.588183
5 0.323738 0.752352 0.009447 0.039763 0.566448
0 0.263717 0.728172 0.025218 0.066905 0.520549
5 0.263236 0.727410 0.026811 0.064298 0.344867
0 0.366236 0.767683 0.018861 0.045228 0.240013
5 0.490129 0.823612 0.015298 0.032295 0.094955
5 0.305737 0.743446 0.012802 0.045907 0.085232
0 0.445010 0.836358 0.033764 0.137265 0.039743
5 0.396980 0.781280 0.010885 0.018544 0.034270
0 0.350849 0.766166 0.015473 0.039898 0.018833
5 0.494349 0.825285 0.008657 0.031923 0.012196
5 0.398172 0.788977 0.013868 0.032625 0.005893
0 0.350209 0.773554 0.015782 0.056336 0.004807
5 0.394930 0.776189 0.010594 0.020642 0.004406
5 0.389674 0.773873 0.014183 0.020288 0.004370
0 0.568008 0.829779 0.011085 0.070187 0.002286
0 0.835747 0.987266 0.024973 0.025205 0.001973
9 0.836871 0.986390 0.026578 0.024688 0.001801
5 0.320678 0.750453 0.015164 0.040620 0.001791
5 0.314438 0.745898 0.009689 0.049845 0.001520
5 0.371382 0.771200 0.012002 0.024513 0.001276
0 0.323820 0.751843 0.010040 0.039062 0.001222
