2 0.697312 0.850008 0.039082 0.111349 0.940182
2 0.599340 0.829211 0.044418 0.102509 0.939423
2 0.497513 0.788232 0.047050 0.091344 0.930204
2 0.452731 0.772374 0.043696 0.115778 0.930091
2 0.583774 0.662607 0.039372 0.100578 0.921724
2 0.464985 0.635879 0.027731 0.074374 0.888626
2 0.416786 0.616916 0.011507 0.052824 0.847832
2 0.535728 0.631336 0.031991 0.069035 0.778006
2 0.355855 0.611562 0.023455 0.066038 0.761178
2 0.436776 0.604886 0.021500 0.063395 0.744824
2 0.542286 0.707582 0.029539 0.070821 0.730352
2 0.394702 0.636339 0.016221 0.054059 0.621722
2 0.547850 0.655969 0.025388 0.032777 0.552905
2 0.384340 0.601737 0.018364 0.070905 0.494213
2 0.428699 0.611387 0.010270 0.050649 0.300315
2 0.360349 0.570131 0.015085 0.034161 0.074706
2 0.396779 0.640115 0.020177 0.060573 0.021699
2 0.545799 0.624173 0.013759 0.051518 0.018170
2 0.553133 0.633623 0.014804 0.036684 0.006619
2 0.405167 0.666988 0.017019 0.032162 0.003973
2 0.547721 0.683888 0.025489 0.091640 0.002591
2 0.430472 0.608737 0.012779 0.056492 0.001779
2 0.641501 0.653194 0.034506 0.048195 0.001247
