2 0.268159 0.784154 0.159583 0.261588 0.945694
1 0.147888 0.710498 0.295502 0.320544 0.931570
2 0.826225 0.484645 0.043406 0.130403 0.931349
0 0.564589 0.400546 0.013550 0.052054 0.697559
0 0.887087 0.356454 0.009726 0.028183 0.149164
0 0.901602 0.355137 0.007364 0.027540 0.110470
0 0.885678 0.357760 0.010083 0.023979 0.031306
0 0.910215 0.358401 0.007402 0.039132 0.029151
2 0.808179 0.428289 0.027293 0.035386 0.021690
0 0.890396 0.357147 0.008604 0.025210 0.019651
0 0.900251 0.354901 0.007883 0.028925 0.008212
6 0.146878 0.711431 0.293757 0.322556 0.002936
9 0.673509 0.315835 0.011157 0.016311 0.002448
2 0.808182 0.415985 0.028362 0.060628 0.002402
0 0.906988 0.356559 0.005999 0.032175 0.001646
