0 0.121371 0.335054 0.017365 0.081680 0.892736
0 0.138250 0.335596 0.017783 0.079933 0.856056
0 0.828544 0.428288 0.014812 0.034145 0.851076
0 0.848545 0.434338 0.017466 0.054087 0.818947
5 0.673952 0.736687 0.272660 0.522214 0.697642
0 0.166329 0.326065 0.012052 0.044169 0.206874
0 0.022222 0.356263 0.041941 0.293954 0.137214
0 0.355918 0.392815 0.341545 0.652863 0.084561
5 0.704582 0.829136 0.211395 0.339370 0.042955
6 0.355549 0.380156 0.342582 0.624302 0.017045
11 0.674735 0.731515 0.272775 0.518390 0.012862
9 0.937594 0.457189 0.032716 0.052215 0.011050
0 0.995011 0.427699 0.009978 0.019843 0.009162
0 0.846369 0.430088 0.017639 0.040282 0.007564
2 0.354854 0.383641 0.340834 0.629392 0.004902
1 0.674752 0.735364 0.272923 0.521619 0.003667
3 0.674752 0.735364 0.272923 0.521619 0.003016
2 0.675124 0.734074 0.273467 0.523305 0.002572
0 0.849269 0.448946 0.019546 0.034360 0.002231
5 0.847437 0.448504 0.019432 0.035050 0.001126
