0 0.461342 0.691892 0.149476 0.616217 0.962498
0 0.046215 0.576795 0.084602 0.312767 0.961010
0 0.655193 0.583359 0.040067 0.113328 0.927708
0 0.219701 0.577459 0.037554 0.136840 0.919426
0 0.249487 0.576264 0.030355 0.129483 0.862370
0 0.987816 0.477435 0.023574 0.179131 0.830195
0 0.595439 0.458961 0.015626 0.064536 0.812015
0 0.287433 0.570065 0.040897 0.115185 0.748925
0 0.746100 0.582923 0.039615 0.117145 0.634007
0 0.737806 0.583597 0.056004 0.117787 0.505538
0 0.267796 0.569511 0.025326 0.120227 0.184993
0 0.364186 0.710146 0.095395 0.184181 0.060169
0 0.207386 0.558898 0.016447 0.061745 0.039122
0 0.209355 0.546871 0.015691 0.052763 0.019192
0 0.208147 0.564407 0.016871 0.083767 0.014568
0 0.204568 0.560702 0.011635 0.055881 0.010092
0 0.658268 0.478128 0.016153 0.038989 0.005432
0 0.707247 0.455413 0.014849 0.045880 0.001090
