0 0.825995 0.388769 0.054016 0.148088 0.945551
0 0.761553 0.455436 0.048588 0.239559 0.937901
4 0.094259 0.142451 0.013487 0.032905 0.896994
0 0.470975 0.314472 0.029935 0.106496 0.870863
0 0.851133 0.410469 0.033716 0.133197 0.868793
0 0.871672 0.419015 0.067994 0.148914 0.847969
2 0.478869 0.683147 0.107135 0.220877 0.838638
0 0.579021 0.326351 0.031174 0.213089 0.797639
0 0.565543 0.223202 0.013288 0.053558 0.659337
0 0.762758 0.415300 0.042248 0.309633 0.628283
9 0.369975 0.190943 0.031096 0.046366 0.451308
0 0.763587 0.373015 0.039817 0.225872 0.307133
0 0.545406 0.310347 0.031998 0.185499 0.265318
0 0.791749 0.376847 0.025400 0.176219 0.130461
0 0.545299 0.276880 0.031928 0.117712 0.126036
0 0.405280 0.224928 0.024214 0.092816 0.081959
0 0.548743 0.215879 0.011785 0.017709 0.070508
0 0.663682 0.354683 0.037774 0.142560 0.046314
0 0.764350 0.341753 0.038141 0.164008 0.022346
0 0.838437 0.404645 0.038887 0.136234 0.022275
0 0.585438 0.250156 0.020153 0.069990 0.004922
0 0.548979 0.224358 0.015457 0.032405 0.004709
0 0.578955 0.285255 0.028137 0.072990 0.003580
0 0.663624 0.331930 0.036768 0.094688 0.002954
2 0.470948 0.314273 0.029683 0.106021 0.002717
0 0.589494 0.251876 0.021452 0.072380 0.002316
0 0.578680 0.291667 0.028196 0.117973 0.001473
0 0.002176 0.123878 0.004351 0.056856 0.001391
0 0.548648 0.227714 0.012363 0.040458 0.001365
2 0.663709 0.401660 0.045764 0.069223 0.001195
0 0.593192 0.285380 0.020401 0.124407 0.001019
