0 0.478343 0.571686 0.082707 0.180887 0.958783
0 0.360163 0.516598 0.060200 0.154530 0.958254
0 0.378821 0.467618 0.028137 0.155100 0.936609
0 0.423092 0.464027 0.031382 0.159335 0.925081
0 0.445661 0.431615 0.023078 0.105451 0.919537
0 0.684617 0.374890 0.011025 0.025466 0.880646
0 0.105495 0.502210 0.011600 0.064771 0.854877
0 0.125439 0.499114 0.010350 0.062583 0.850484
0 0.519016 0.422965 0.011265 0.057851 0.845840
0 0.011434 0.643775 0.022451 0.116888 0.835917
0 0.509975 0.425749 0.011665 0.059542 0.831515
0 0.115983 0.504000 0.008934 0.058580 0.800746
5 0.398215 0.474390 0.016837 0.033417 0.604716
0 0.409755 0.418945 0.012589 0.094480 0.403996
0 0.002680 0.533163 0.005360 0.061543 0.202473
5 0.400801 0.471660 0.017182 0.034483 0.085684
0 0.002450 0.519539 0.004901 0.091968 0.042880
5 0.402365 0.473224 0.023707 0.034850 0.026301
0 0.571246 0.423016 0.005440 0.017853 0.007969
0 0.003509 0.523858 0.006670 0.073739 0.005132
0 0.567322 0.422388 0.005345 0.017013 0.004678
0 0.004504 0.520448 0.009008 0.091964 0.004361
0 0.009219 0.616566 0.012280 0.048689 0.003460
5 0.000089 0.636441 0.000178 0.095964 0.003438
0 0.000000 0.488761 0.000000 0.158448 0.003435
0 0.399191 0.441652 0.012543 0.094229 0.003289
0 0.001150 0.512257 0.002300 0.107320 0.003010
9 0.000129 0.642250 0.000257 0.097445 0.002542
0 0.569712 0.424673 0.007687 0.016579 0.002323
0 0.576795 0.419609 0.006498 0.024805 0.002240
0 0.004007 0.493403 0.006406 0.036085 0.002009
0 0.000000 0.455511 0.000000 0.233602 0.001964
0 0.404820 0.446602 0.023605 0.146749 0.001792
0 0.267138 0.431090 0.007134 0.024295 0.001603
5 0.408455 0.466016 0.011022 0.038957 0.001517
5 0.395508 0.469849 0.014156 0.042228 0.001262
5 0.000518 0.612438 0.001036 0.050217 0.001067
0 0.006156 0.507170 0.012312 0.118826 0.001066
0 0.406825 0.418160 0.018478 0.093751 0.001010
