2 0.695233 0.836832 0.039483 0.112488 0.939810
2 0.452936 0.759940 0.043187 0.117260 0.935112
2 0.608333 0.818175 0.045390 0.101122 0.929277
2 0.491494 0.770669 0.036887 0.095156 0.919536
2 0.522475 0.659441 0.026432 0.078777 0.898480
2 0.583917 0.663487 0.014284 0.064114 0.885448
2 0.492564 0.647886 0.021669 0.089443 0.880994
2 0.533307 0.611208 0.034964 0.075510 0.874645
2 0.569003 0.659386 0.012730 0.058063 0.843373
2 0.431221 0.600019 0.016333 0.049919 0.807396
2 0.546648 0.707857 0.015798 0.059145 0.795364
2 0.401179 0.603129 0.016519 0.049496 0.702046
2 0.441901 0.588145 0.014966 0.065041 0.699143
2 0.543881 0.618363 0.015726 0.061968 0.341143
2 0.358308 0.583514 0.017113 0.064175 0.297335
2 0.623678 0.642461 0.025255 0.045250 0.008344
2 0.600674 0.670015 0.017749 0.053929 0.005734
2 0.544483 0.636780 0.014803 0.032703 0.003518
2 0.385329 0.579264 0.016572 0.063879 0.003369
0 0.770064 0.791589 0.022454 0.123083 0.002057
2 0.541898 0.636779 0.014925 0.032486 0.001959
2 0.416678 0.594173 0.011193 0.042647 0.001857
