0 0.413996 0.700312 0.166436 0.595883 0.959584
0 0.845488 0.663910 0.125530 0.643513 0.898846
0 0.530613 0.668796 0.083284 0.456130 0.889436
3 0.535266 0.786830 0.516458 0.421406 0.499345
2 0.912783 0.610675 0.076728 0.158749 0.128811
3 0.584311 0.819720 0.452951 0.356905 0.082009
2 0.596157 0.819576 0.420254 0.357824 0.079865
2 0.535266 0.786830 0.516458 0.421406 0.001735
0 0.867239 0.521121 0.168118 0.347950 0.001672
9 0.000000 0.595434 0.000000 0.058187 0.001509
9 0.000000 0.588149 0.000000 0.061795 0.001016
