2 0.505073 0.668110 0.120146 0.341469 0.962720
4 0.858886 0.347604 0.020532 0.074737 0.925933
4 0.811012 0.313705 0.018017 0.061340 0.924452
0 0.860565 0.314628 0.030615 0.217923 0.906996
4 0.828460 0.326945 0.017157 0.073508 0.905887
0 0.953693 0.392777 0.049824 0.331913 0.905519
0 0.889747 0.390963 0.025433 0.156653 0.884140
0 0.832037 0.311531 0.020330 0.184389 0.869079
0 0.982214 0.454603 0.035571 0.486258 0.861863
0 0.907658 0.373682 0.033076 0.294895 0.837645
0 0.915627 0.378932 0.049881 0.305409 0.681272
0 0.931038 0.368893 0.030538 0.315367 0.453692
0 0.926008 0.383041 0.039615 0.328190 0.239381
0 0.926854 0.393023 0.031241 0.266008 0.016081
0 0.977795 0.467830 0.029059 0.195473 0.002067
4 0.857588 0.365570 0.016154 0.038825 0.001958
0 0.827679 0.307488 0.022652 0.179652 0.001031
0 0.982233 0.475770 0.031451 0.186215 0.001022
