2 0.302092 0.720747 0.150824 0.269131 0.973734
2 0.664664 0.568250 0.145069 0.227670 0.960824
0 0.958554 0.147153 0.063791 0.264833 0.945561
0 0.774681 0.088480 0.048295 0.176128 0.935315
0 0.730263 0.096124 0.038374 0.125729 0.932273
0 0.875288 0.184984 0.038755 0.144439 0.931005
0 0.706618 0.072053 0.039571 0.143000 0.928245
0 0.915485 0.139712 0.039087 0.271910 0.916961
0 0.809946 0.105604 0.032812 0.192428 0.914662
9 0.528382 0.013864 0.044319 0.027648 0.813144
0 0.989052 0.195429 0.021896 0.293876 0.035120
9 0.534556 0.013504 0.032116 0.027009 0.029979
8 0.997849 0.101911 0.004303 0.031479 0.005398
0 0.644544 0.012771 0.015807 0.023869 0.005226
0 0.990026 0.288762 0.019947 0.102106 0.004981
2 0.640419 0.961036 0.176849 0.077928 0.004481
0 0.989545 0.246627 0.020911 0.187696 0.001144
