2 0.460937 0.572658 0.053297 0.099678 0.954393
0 0.182124 0.070038 0.036297 0.088489 0.936591
0 0.145493 0.071333 0.041960 0.095219 0.934572
0 0.424075 0.045765 0.020298 0.041181 0.876443
0 0.646564 0.016983 0.021791 0.031382 0.847891
0 0.029272 0.122279 0.022604 0.054322 0.080981
0 0.025956 0.135924 0.016115 0.027369 0.059285
0 0.027077 0.130406 0.018321 0.038421 0.041027
0 0.570438 0.024159 0.010330 0.023437 0.021370
0 0.091881 0.119032 0.013580 0.025541 0.009839
0 0.597849 0.014913 0.009283 0.029826 0.009669
0 0.595367 0.015077 0.007475 0.030083 0.009518
0 0.603779 0.014439 0.009279 0.028878 0.006315
0 0.651613 0.017685 0.018026 0.027687 0.005015
0 0.570584 0.026742 0.009392 0.017085 0.001082
