1 0.553319 0.527506 0.054726 0.045157 0.894477
0 0.551813 0.490246 0.036786 0.081433 0.831064
0 0.566823 0.473154 0.020323 0.054987 0.825343
1 0.520977 0.503047 0.031284 0.022719 0.458335
1 0.555329 0.501682 0.093713 0.023998 0.247646
1 0.562580 0.506355 0.078607 0.023159 0.211276
0 0.144371 0.382150 0.005050 0.015252 0.189463
0 0.355450 0.358584 0.006096 0.017806 0.063230
0 0.213227 0.368584 0.006474 0.026833 0.044247
0 0.352852 0.367756 0.005930 0.013705 0.043401
0 0.220769 0.381754 0.005751 0.010603 0.041101
0 0.220048 0.379464 0.005888 0.008571 0.017651
0 0.142731 0.381628 0.005163 0.017130 0.013530
0 0.322389 0.360935 0.006067 0.016898 0.011846
1 0.539396 0.505216 0.060444 0.020559 0.011701
0 0.321263 0.364072 0.005484 0.020177 0.010943
0 0.479353 0.367324 0.005125 0.014517 0.009474
0 0.503485 0.370236 0.005647 0.009439 0.009305
0 0.352564 0.359015 0.006521 0.017102 0.008180
1 0.503485 0.370236 0.005647 0.009439 0.004791
1 0.559316 0.493367 0.081984 0.045740 0.004463
0 0.350195 0.366043 0.006155 0.021657 0.003620
1 0.219063 0.412217 0.130128 0.042105 0.003449
1 0.530681 0.516017 0.054536 0.044651 0.003302
1 0.508528 0.370143 0.010829 0.011554 0.002887
1 0.558383 0.525400 0.094049 0.077157 0.002783
0 0.215768 0.381102 0.004707 0.009935 0.002289
1 0.542804 0.518165 0.078057 0.041157 0.001612
0 0.557936 0.503107 0.055475 0.054783 0.001506
0 0.405652 0.374573 0.007663 0.015327 0.001449
0 0.342182 0.358847 0.007164 0.016833 0.001370
1 0.559710 0.522158 0.067120 0.041837 0.001326
0 0.228207 0.402714 0.008037 0.018731 0.001147
