2 0.726270 0.477350 0.060384 0.310779 0.724810
8 0.654878 0.021726 0.018402 0.034008 0.677524
8 0.731578 0.062125 0.020055 0.032343 0.035464
2 0.058664 0.594361 0.108277 0.491685 0.013618
8 0.928145 0.795286 0.143338 0.405265 0.006944
5 0.928030 0.794143 0.143338 0.401911 0.005469
8 0.908559 0.004382 0.020278 0.008765 0.002377
0 0.782517 0.533983 0.068845 0.117549 0.002338
8 0.810692 0.032515 0.019476 0.029944 0.001894
6 0.057756 0.654511 0.110852 0.609775 0.001553
8 0.911878 0.003784 0.029623 0.007568 0.001268
