6 0.357065 0.543880 0.178632 0.201198 0.940971
6 0.635343 0.588001 0.108321 0.133756 0.940476
0 0.342852 0.472222 0.065800 0.142192 0.936340
6 0.808539 0.646998 0.137709 0.135972 0.932215
6 0.530687 0.562704 0.102849 0.110361 0.932140
6 0.959145 0.663047 0.080376 0.098676 0.925615
0 0.809052 0.603150 0.064985 0.120059 0.908478
0 0.527164 0.488302 0.036500 0.086463 0.829029
0 0.592142 0.486473 0.014847 0.028739 0.812160
0 0.874401 0.585900 0.030408 0.057231 0.792485
0 0.606755 0.485676 0.015725 0.046326 0.776380
0 0.854075 0.591682 0.014661 0.029066 0.770397
6 0.454795 0.498501 0.108315 0.099535 0.770255
0 0.951213 0.616768 0.035711 0.062494 0.758443
0 0.549629 0.495111 0.023389 0.048565 0.752065
6 0.883815 0.645153 0.077162 0.079575 0.665781
0 0.622204 0.510873 0.036862 0.059096 0.624541
0 0.945967 0.617438 0.026028 0.061659 0.590834
0 0.490676 0.450656 0.016287 0.041220 0.273955
0 0.813517 0.622702 0.059634 0.080151 0.249924
0 0.962120 0.622966 0.017134 0.040996 0.157240
0 0.799045 0.585580 0.044260 0.085727 0.144465
6 0.588250 0.518161 0.034885 0.050725 0.135435
0 0.825445 0.623175 0.036111 0.080085 0.066935
0 0.853726 0.595936 0.016047 0.038170 0.039253
6 0.588356 0.527852 0.034765 0.081375 0.034107
0 0.880760 0.598297 0.042334 0.084054 0.021555
0 0.478443 0.478366 0.051984 0.092480 0.011355
6 0.768688 0.574510 0.022200 0.036856 0.009045
6 0.877711 0.634222 0.088494 0.099542 0.009000
0 0.748463 0.786272 0.035786 0.090286 0.006927
0 0.390952 0.498896 0.038468 0.053640 0.005546
6 0.403809 0.478352 0.088193 0.089050 0.005048
6 0.459594 0.491005 0.146928 0.106139 0.004396
6 0.391276 0.498603 0.038707 0.052135 0.003977
6 0.480121 0.483633 0.056152 0.088651 0.002492
6 0.487399 0.488686 0.074894 0.092575 0.002446
6 0.496863 0.494439 0.137600 0.088525 0.001404
