0 0.295760 0.612435 0.062492 0.209284 0.938266
4 0.533844 0.478082 0.037014 0.097063 0.928553
5 0.266757 0.634899 0.087070 0.149009 0.925611
0 0.942793 0.646883 0.017204 0.061526 0.873604
8 0.970694 0.587579 0.038179 0.369739 0.866274
0 0.706044 0.613269 0.015828 0.075447 0.718156
0 0.699891 0.610190 0.014000 0.063757 0.112725
0 0.702707 0.610598 0.018254 0.069648 0.070078
5 0.252566 0.587890 0.037399 0.059398 0.060698
8 0.970936 0.424367 0.033322 0.038538 0.047691
5 0.942609 0.649860 0.017256 0.064573 0.016898
5 0.942290 0.665840 0.017067 0.041038 0.015009
8 0.985695 0.580589 0.028610 0.335718 0.004022
0 0.708336 0.610338 0.012257 0.069079 0.002824
