4 0.492545 0.761547 0.078848 0.462582 0.951943
0 0.145866 0.862976 0.027802 0.099615 0.914735
4 0.219277 0.797029 0.033723 0.173677 0.911502
5 0.146849 0.893038 0.026668 0.067718 0.722174
4 0.543697 0.752690 0.015903 0.294252 0.618003
4 0.546218 0.771239 0.021040 0.329093 0.548852
4 0.216725 0.740657 0.025983 0.058653 0.443573
4 0.551989 0.768816 0.032124 0.325169 0.440853
4 0.542553 0.708035 0.015484 0.208345 0.222600
6 0.081430 0.889437 0.162861 0.218757 0.003513
4 0.553052 0.808576 0.019106 0.167037 0.001533
