10 0.357302 0.626077 0.058551 0.054153 0.916213
6 0.506163 0.681545 0.082305 0.068459 0.875884
4 0.164464 0.669021 0.025101 0.049945 0.848649
8 0.512638 0.476601 0.042962 0.274909 0.841980
6 0.838881 0.662246 0.053241 0.053095 0.838283
8 0.760466 0.503614 0.030989 0.204870 0.637048
8 0.751555 0.504002 0.036757 0.194258 0.158488
8 0.774797 0.509322 0.034069 0.198505 0.093480
8 0.768829 0.505528 0.032723 0.204369 0.049148
8 0.503308 0.447411 0.032516 0.239170 0.002051
8 0.759079 0.510783 0.025609 0.166258 0.001396
8 0.519820 0.448799 0.035897 0.244497 0.001236
