0 0.569665 0.488713 0.051036 0.218825 0.956271
8 0.701150 0.339851 0.064139 0.391590 0.947437
5 0.432367 0.461537 0.025673 0.045033 0.918063
8 0.026919 0.478995 0.020084 0.048775 0.827667
5 0.380418 0.484222 0.041688 0.036808 0.652075
2 0.380610 0.483853 0.040506 0.035573 0.108470
6 0.380048 0.484251 0.041160 0.036675 0.022680
9 0.000088 0.680101 0.000177 0.083823 0.001977
10 0.379788 0.484367 0.041376 0.036602 0.001295
8 0.036752 0.481791 0.009319 0.039164 0.001210
9 0.000354 0.653644 0.000708 0.083903 0.001091
