6 0.708748 0.613067 0.125588 0.141151 0.941825
6 0.837811 0.600719 0.113469 0.112106 0.939686
6 0.549100 0.552883 0.121467 0.117801 0.938844
0 0.578296 0.500710 0.046020 0.103275 0.919305
6 0.977795 0.632943 0.043324 0.086886 0.915766
6 0.775545 0.564992 0.040071 0.070126 0.890420
0 0.832296 0.562038 0.042960 0.088329 0.887269
0 0.794306 0.518827 0.020908 0.046146 0.853256
0 0.774200 0.523992 0.014174 0.029086 0.845210
6 0.601532 0.515780 0.047902 0.072985 0.501590
0 0.696035 0.522435 0.032166 0.067929 0.248644
0 0.773102 0.526086 0.018949 0.028186 0.032140
6 0.987927 0.709583 0.024147 0.194024 0.021936
6 0.987729 0.736496 0.024543 0.138338 0.015242
4 0.495090 0.436484 0.028374 0.032831 0.009730
0 0.987480 0.705059 0.025040 0.203288 0.005984
6 0.580999 0.512959 0.085724 0.072720 0.005355
6 0.559005 0.510503 0.125868 0.072110 0.001993
