3 0.715042 0.635479 0.126569 0.268451 0.963542
0 0.437151 0.501693 0.290699 0.983588 0.954326
0 0.192156 0.515593 0.093440 0.334558 0.954190
3 0.186393 0.694668 0.133735 0.424757 0.949409
3 0.874718 0.653335 0.123574 0.293646 0.949148
3 0.027115 0.624622 0.054095 0.166178 0.938354
3 0.592504 0.621026 0.050683 0.252512 0.933990
3 0.114709 0.621438 0.055717 0.156621 0.931121
3 0.890633 0.762732 0.209634 0.470842 0.333431
3 0.131970 0.614996 0.069741 0.252989 0.134616
3 0.990584 0.699780 0.017607 0.184554 0.127573
0 0.984088 0.616734 0.031689 0.354947 0.092499
0 0.991151 0.701813 0.016971 0.183174 0.032775
3 0.145880 0.622320 0.070550 0.267102 0.019321
3 0.125261 0.614591 0.064874 0.175521 0.005629
3 0.133654 0.660954 0.071837 0.229555 0.005446
3 0.158475 0.644178 0.081944 0.311216 0.001652
