0 0.387368 0.691837 0.218140 0.611615 0.972064
0 0.759128 0.576051 0.021762 0.135776 0.917367
0 0.659821 0.566575 0.029517 0.125898 0.917275
0 0.814473 0.537996 0.032117 0.065337 0.916194
0 0.777708 0.537013 0.021257 0.079996 0.898407
0 0.796256 0.532212 0.023257 0.074044 0.890900
0 0.019240 0.431857 0.025574 0.065574 0.888524
0 0.830626 0.536864 0.014436 0.054981 0.882007
5 0.209997 0.521825 0.023660 0.042183 0.879279
5 0.245957 0.520937 0.027421 0.039014 0.867092
5 0.137166 0.506488 0.025489 0.042393 0.858671
5 0.174154 0.518693 0.032356 0.041830 0.832801
0 0.303604 0.526864 0.026376 0.048679 0.822153
5 0.197853 0.523836 0.034954 0.037756 0.609821
3 0.576137 0.822700 0.743722 0.353771 0.606182
3 0.347943 0.814694 0.695886 0.369122 0.545748
0 0.891127 0.529122 0.015485 0.052146 0.118837
5 0.192789 0.520648 0.028398 0.039431 0.070907
4 0.429672 0.089890 0.113685 0.179781 0.036344
6 0.174208 0.518779 0.032085 0.041914 0.025349
0 0.066386 0.445839 0.022119 0.064651 0.005395
9 0.715889 0.583855 0.044712 0.106826 0.002891
0 0.066612 0.430762 0.020905 0.035288 0.002608
0 0.210154 0.522240 0.023052 0.042212 0.001057
