0 0.854794 0.317462 0.127633 0.478487 0.965031
0 0.448926 0.313735 0.041101 0.218544 0.946527
0 0.692797 0.275650 0.030397 0.133054 0.940438
0 0.796434 0.275061 0.042808 0.195228 0.927003
0 0.296687 0.357100 0.072892 0.170600 0.922031
0 0.395474 0.310939 0.011123 0.046984 0.885131
0 0.382844 0.305235 0.016943 0.049425 0.826085
3 0.756477 0.317994 0.067760 0.114819 0.287619
9 0.095845 0.399590 0.043378 0.099984 0.183310
6 0.756538 0.318641 0.068338 0.113859 0.126114
8 0.163548 0.253601 0.017813 0.130936 0.060130
3 0.313792 0.375656 0.061075 0.130998 0.059394
8 0.069204 0.283740 0.038501 0.328675 0.008588
4 0.312722 0.377530 0.061102 0.125704 0.005696
8 0.163408 0.280258 0.017443 0.177745 0.002887
0 0.313440 0.364311 0.062247 0.149478 0.002845
0 0.231379 0.337850 0.014927 0.062257 0.001319
