2 0.698773 0.746697 0.097917 0.240507 0.965799
2 0.799406 0.636046 0.036598 0.208529 0.949240
2 0.890984 0.896638 0.056316 0.206724 0.944349
2 0.500218 0.627209 0.036940 0.198515 0.939389
2 0.972723 0.854695 0.052757 0.290610 0.936679
2 0.446722 0.494440 0.056362 0.140510 0.933563
2 0.733041 0.616423 0.041910 0.118368 0.932879
2 0.470487 0.397450 0.054304 0.088358 0.924713
2 0.391814 0.428237 0.039803 0.097458 0.855729
2 0.837607 0.890101 0.084566 0.213321 0.750767
2 0.470275 0.423831 0.055032 0.140041 0.003558
2 0.392275 0.409083 0.039634 0.060845 0.001049
