6 0.671845 0.298859 0.179982 0.163806 0.945003
6 0.816677 0.240382 0.109750 0.091276 0.938874
6 0.902100 0.198976 0.078997 0.059055 0.880547
6 0.399040 0.470937 0.335289 0.331291 0.860385
6 0.949207 0.337972 0.101462 0.235931 0.186539
6 0.949620 0.172842 0.049997 0.038280 0.069730
6 0.945092 0.604056 0.109816 0.776096 0.016653
6 0.993271 0.152258 0.013458 0.026072 0.014292
4 0.811104 0.038768 0.074958 0.077000 0.011209
6 0.980556 0.174952 0.038887 0.082047 0.008277
6 0.999875 0.141488 0.000251 0.048891 0.001560
4 0.810886 0.147267 0.076938 0.294533 0.001495
6 0.999719 0.225557 0.000562 0.161595 0.001045
9 0.000225 0.617764 0.000450 0.089144 0.001018
