2 0.640515 0.797320 0.148705 0.241845 0.957937
0 0.964709 0.289376 0.070583 0.308170 0.943674
0 0.512682 0.087818 0.042871 0.171065 0.935757
0 0.471456 0.076802 0.033223 0.151853 0.931123
9 0.580655 0.136646 0.060030 0.111474 0.927034
0 0.924028 0.347322 0.043895 0.135994 0.925532
2 0.661210 0.930852 0.105778 0.138295 0.895040
0 0.432311 0.067104 0.046771 0.134208 0.885883
0 0.315489 0.036313 0.020317 0.072625 0.730851
2 0.830067 0.944925 0.080276 0.110150 0.058995
2 0.923835 0.346814 0.043299 0.135429 0.007483
0 0.396326 0.055497 0.033934 0.106149 0.005340
0 0.947017 0.356584 0.035202 0.133815 0.004667
4 0.745621 0.018531 0.017947 0.035554 0.004473
2 0.741804 0.931811 0.264602 0.136378 0.003581
0 0.352907 0.045490 0.024034 0.090981 0.003488
0 0.600021 0.044342 0.020253 0.082830 0.002351
