1 0.519293 0.419212 0.200058 0.081414 0.919711
4 0.389880 0.325567 0.021009 0.028080 0.905546
1 0.892226 0.455801 0.058934 0.020158 0.850917
1 0.877911 0.445325 0.070702 0.024083 0.670256
2 0.627934 0.499734 0.049511 0.054269 0.640438
1 0.884655 0.452157 0.057367 0.021652 0.441955
0 0.066381 0.274408 0.010778 0.044184 0.284016
0 0.014905 0.258076 0.025602 0.093611 0.146899
1 0.875440 0.437038 0.057044 0.028246 0.023903
1 0.895822 0.454378 0.051225 0.014875 0.009977
1 0.877678 0.434155 0.045160 0.033784 0.003744
1 0.854163 0.446862 0.028940 0.023231 0.001910
2 0.389752 0.325340 0.020811 0.027950 0.001829
