6 0.294769 0.725355 0.153583 0.158956 0.958360
6 0.794193 0.764506 0.411613 0.470988 0.940480
8 0.103727 0.604064 0.048775 0.223569 0.926409
8 0.272490 0.502354 0.069450 0.314111 0.926092
6 0.146554 0.699205 0.063842 0.064996 0.919191
8 0.042147 0.118561 0.084139 0.063069 0.917839
6 0.203899 0.696784 0.076736 0.074838 0.913227
4 0.638667 0.628604 0.026661 0.176857 0.903187
6 0.044195 0.704390 0.040592 0.043852 0.902630
8 0.017561 0.633596 0.031421 0.151662 0.840145
6 0.074314 0.707350 0.055014 0.040044 0.817723
6 0.188699 0.716836 0.044123 0.035263 0.538925
6 0.018445 0.707879 0.022036 0.027675 0.526612
6 0.109571 0.709073 0.037635 0.038756 0.037848
8 0.638653 0.630196 0.026596 0.180811 0.012492
4 0.666297 0.636917 0.018343 0.026633 0.004102
6 0.096061 0.703969 0.015560 0.025089 0.002693
6 0.022403 0.708213 0.018672 0.031794 0.002361
4 0.986630 1.000000 0.026740 0.000000 0.002314
