6 0.732011 0.737087 0.401229 0.288309 0.957006
6 0.268494 0.713847 0.156308 0.157589 0.951937
8 0.253024 0.487554 0.066256 0.318698 0.928352
6 0.177587 0.682620 0.080211 0.078593 0.927296
4 0.617033 0.625750 0.026753 0.162579 0.923409
8 0.080259 0.579370 0.049110 0.222257 0.922912
6 0.120813 0.681436 0.065174 0.065711 0.920071
6 0.018870 0.681243 0.037739 0.044475 0.861206
6 0.047343 0.686194 0.056295 0.041037 0.842254
8 0.033608 0.079194 0.067217 0.050931 0.684937
8 0.617057 0.625695 0.027084 0.162822 0.126829
4 0.643702 0.641715 0.016533 0.022648 0.026926
6 0.092211 0.689870 0.018076 0.038285 0.014058
4 0.593335 0.606120 0.015464 0.046155 0.012777
4 0.617099 0.572864 0.026164 0.056490 0.004054
6 0.160555 0.701969 0.046892 0.034695 0.001912
6 0.046720 0.707894 0.059367 0.088565 0.001477
