0 0.824653 0.639766 0.175517 0.698720 0.966306
0 0.659266 0.705828 0.129502 0.578282 0.961551
0 0.706841 0.593564 0.034721 0.149881 0.925992
8 0.909229 0.375279 0.059581 0.417529 0.925129
8 0.871113 0.411595 0.029157 0.139893 0.921920
8 0.945828 0.476500 0.030903 0.124579 0.919747
8 0.908038 0.497298 0.023833 0.100124 0.784605
6 0.929563 0.540054 0.018074 0.024411 0.774824
4 0.904411 0.495202 0.020596 0.021590 0.589284
8 0.907913 0.482855 0.024524 0.070524 0.138995
6 0.963911 0.533909 0.018430 0.035704 0.106284
4 0.908007 0.497415 0.024202 0.098825 0.049434
6 0.944634 0.537458 0.018033 0.026867 0.031671
4 0.907913 0.482855 0.024524 0.070524 0.009913
0 0.963612 0.534071 0.017856 0.037036 0.008480
4 0.904345 0.529121 0.025844 0.092917 0.005475
4 0.907274 0.489454 0.022782 0.038577 0.003818
4 0.906028 0.505903 0.024108 0.045927 0.003284
6 0.969640 0.535221 0.017069 0.038593 0.002083
0 0.943742 0.538431 0.014939 0.027457 0.002017
6 0.997671 0.537547 0.004658 0.015134 0.001937
6 0.997657 0.509319 0.004687 0.042564 0.001627
4 0.901357 0.495667 0.032328 0.037339 0.001195
