5 0.609225 0.576008 0.112409 0.285476 0.962981
5 0.756847 0.576731 0.101625 0.328650 0.962886
5 0.478619 0.576406 0.093087 0.268703 0.961605
5 0.309474 0.570325 0.073841 0.224353 0.952012
5 0.265770 0.560057 0.060534 0.204387 0.946844
4 0.080641 0.267179 0.034625 0.066692 0.935015
4 0.037648 0.275310 0.035098 0.057644 0.903248
4 0.109579 0.273724 0.019219 0.050366 0.902627
9 0.286834 0.525030 0.092945 0.150314 0.898294
4 0.169185 0.345051 0.015274 0.019244 0.664266
4 0.322864 0.161423 0.048563 0.124544 0.301838
4 0.446894 0.229893 0.017553 0.075586 0.004721
5 0.284176 0.589031 0.027309 0.149691 0.002993
5 0.287521 0.524553 0.088417 0.152586 0.001657
5 0.288428 0.530917 0.042531 0.142367 0.001505
