5 0.901841 0.389164 0.107228 0.389504 0.963838
5 0.314444 0.438225 0.116465 0.273666 0.961326
5 0.716996 0.406772 0.108697 0.351348 0.952752
5 0.548473 0.433052 0.083381 0.331114 0.948974
5 0.243555 0.437813 0.073332 0.246105 0.948255
6 0.556503 0.235994 0.310875 0.211031 0.925703
9 0.241471 0.396920 0.077864 0.177439 0.883652
5 0.149112 0.366531 0.092143 0.198874 0.058653
6 0.145805 0.361688 0.105781 0.228521 0.026291
9 0.219231 0.395407 0.123095 0.180596 0.005193
3 0.150531 0.350404 0.085346 0.197956 0.003750
9 0.242321 0.347681 0.073990 0.080793 0.001117
