0 0.396761 0.409989 0.111268 0.518256 0.957187
0 0.284929 0.443715 0.158762 0.708559 0.954535
0 0.520854 0.450735 0.064356 0.154123 0.953005
6 0.096428 0.391663 0.075051 0.072735 0.935799
6 0.047924 0.433141 0.054829 0.078583 0.923718
6 0.197494 0.376726 0.039974 0.055805 0.905753
6 0.120010 0.425663 0.050574 0.064760 0.905624
4 0.536828 0.347706 0.024411 0.048878 0.893953
0 0.473552 0.340364 0.020189 0.036036 0.863468
0 0.447957 0.459523 0.057624 0.135469 0.721206
0 0.196848 0.346785 0.011474 0.027803 0.514239
6 0.851002 0.284416 0.041829 0.034335 0.310229
0 0.195786 0.341352 0.012830 0.036010 0.005894
4 0.282345 0.087079 0.021863 0.046119 0.005642
6 0.032456 0.415332 0.034260 0.060791 0.004391
0 0.437852 0.424680 0.027127 0.051611 0.002568
