1 0.593144 0.530493 0.087638 0.162352 0.965748
2 0.770440 0.673486 0.063753 0.098695 0.947582
2 0.969554 0.630962 0.060290 0.079197 0.943416
2 0.448511 0.626592 0.040803 0.055468 0.920211
2 0.798855 0.574171 0.028723 0.048581 0.905627
2 0.751707 0.565554 0.031066 0.050304 0.898151
2 0.863281 0.444135 0.018381 0.025721 0.757075
2 0.681553 0.571819 0.067155 0.077514 0.737598
2 0.526637 0.567307 0.027317 0.047416 0.735405
2 0.662013 0.482175 0.017816 0.022249 0.733373
2 0.605341 0.603257 0.038238 0.054842 0.684537
2 0.503596 0.592373 0.031822 0.059717 0.655480
0 0.614044 0.513940 0.034312 0.066264 0.573283
2 0.715418 0.541577 0.025888 0.043751 0.338028
4 0.137789 0.580084 0.020965 0.034530 0.321797
2 0.217675 0.624201 0.013042 0.020279 0.218154
2 0.680248 0.550551 0.022207 0.043064 0.213312
2 0.479214 0.581368 0.016500 0.041007 0.192378
0 0.573238 0.525492 0.028934 0.059617 0.171784
2 0.666015 0.542194 0.021172 0.037152 0.139690
2 0.968599 0.965407 0.062803 0.069187 0.025652
2 0.205465 0.624653 0.015063 0.019931 0.024570
2 0.239304 0.619442 0.017977 0.021347 0.023282
2 0.483945 0.584539 0.026355 0.044204 0.013408
2 0.508454 0.582646 0.045956 0.040124 0.012522
2 0.688059 0.581048 0.019072 0.055709 0.004391
2 0.699458 0.563287 0.020541 0.038480 0.003056
2 0.671766 0.547721 0.027112 0.045183 0.002590
2 0.491071 0.589125 0.019070 0.049354 0.002024
2 0.688385 0.572172 0.044790 0.061045 0.001769
2 0.487234 0.582744 0.023225 0.039343 0.001687
2 0.496901 0.594477 0.024019 0.058082 0.001641
2 0.716935 0.555486 0.026632 0.033030 0.001010
