0 0.451450 0.597243 0.146925 0.302434 0.956717
8 0.206587 0.031906 0.127629 0.063144 0.941636
8 0.234400 0.132234 0.094930 0.049255 0.937792
6 0.533489 0.687056 0.099426 0.063675 0.933077
8 0.654424 0.055197 0.112470 0.054970 0.932073
6 0.404611 0.744692 0.089200 0.063226 0.928549
6 0.269757 0.667456 0.050065 0.050966 0.927527
8 0.590967 0.147880 0.084063 0.043363 0.922365
6 0.380545 0.663656 0.031371 0.039435 0.902761
6 0.013431 0.681877 0.026527 0.046456 0.889769
8 0.026407 0.122554 0.052815 0.048871 0.883888
6 0.330990 0.663382 0.031629 0.045514 0.881903
6 0.356664 0.662996 0.032184 0.044607 0.831777
6 0.307530 0.666114 0.026991 0.038198 0.001435
