0 0.667995 0.525784 0.349972 0.819469 0.965820
3 0.251369 0.616451 0.153717 0.239086 0.958983
8 0.238235 0.076624 0.129974 0.068633 0.946203
8 0.497230 0.055875 0.110012 0.066811 0.940586
8 0.891902 0.131915 0.096859 0.045186 0.930133
8 0.949417 0.029114 0.101165 0.057381 0.926907
8 0.525985 0.153994 0.086854 0.046237 0.924209
8 0.320472 0.168261 0.093176 0.057205 0.923518
6 0.559944 0.671358 0.047383 0.056314 0.922084
6 0.798613 0.669578 0.053481 0.049497 0.898625
6 0.756250 0.671965 0.050658 0.053049 0.891984
6 0.322826 0.672845 0.032449 0.049826 0.873741
6 0.595823 0.669946 0.033186 0.045947 0.003370
