0 0.576793 0.536896 0.176263 0.694060 0.963985
3 0.177355 0.624042 0.152047 0.239340 0.961722
8 0.497877 0.057403 0.109104 0.065774 0.927221
8 0.891259 0.132324 0.104499 0.045547 0.908537
8 0.525517 0.154973 0.079846 0.042622 0.907051
8 0.953397 0.026766 0.092919 0.053532 0.902313
6 0.621128 0.669601 0.027055 0.040926 0.898998
6 0.322846 0.673981 0.033893 0.043398 0.898679
6 0.798624 0.673208 0.052473 0.053345 0.892867
6 0.756480 0.671816 0.048808 0.045604 0.884737
6 0.722660 0.667599 0.033835 0.047308 0.872906
6 0.644345 0.670850 0.033640 0.043340 0.858258
6 0.672815 0.669485 0.033131 0.043642 0.841657
8 0.238260 0.076641 0.129616 0.067567 0.816902
8 0.321397 0.166818 0.095124 0.051728 0.761722
6 0.695219 0.670112 0.032767 0.041357 0.682208
4 0.525689 0.155406 0.079954 0.042837 0.001551
