3 0.177873 0.624192 0.150246 0.233684 0.963013
0 0.604188 0.530256 0.252129 0.923483 0.954043
8 0.497993 0.058521 0.109805 0.077081 0.937002
8 0.525521 0.155170 0.094635 0.050965 0.928929
8 0.237562 0.076785 0.130083 0.069128 0.928301
8 0.321094 0.166205 0.088409 0.056931 0.915285
6 0.799004 0.670352 0.054300 0.057658 0.901928
8 0.891215 0.132122 0.095107 0.053780 0.899830
6 0.322946 0.674546 0.034452 0.042148 0.876398
6 0.756475 0.672836 0.049759 0.047609 0.873477
6 0.550486 0.669670 0.032656 0.045508 0.873325
8 0.950675 0.033365 0.098650 0.066729 0.857350
6 0.722757 0.666746 0.035655 0.046516 0.355324
