2 0.723483 0.436039 0.047126 0.167309 0.951502
2 0.974905 0.416810 0.046852 0.138254 0.936637
2 0.916778 0.544039 0.057856 0.107265 0.912889
2 0.653232 0.424571 0.018431 0.147890 0.904452
2 0.690235 0.427819 0.017694 0.093590 0.896155
2 0.402405 0.432214 0.027199 0.107134 0.519623
2 0.527937 0.419621 0.019196 0.094897 0.413192
2 0.612333 0.420496 0.035322 0.105288 0.385085
2 0.240134 0.342595 0.022671 0.092974 0.227924
2 0.402229 0.408177 0.026435 0.060350 0.093441
2 0.370244 0.431777 0.016025 0.079606 0.024615
2 0.175460 0.612996 0.037631 0.096816 0.021069
2 0.240005 0.325577 0.021741 0.058642 0.011699
2 0.771462 0.695789 0.022008 0.112007 0.004773
2 0.889683 0.493567 0.004443 0.078861 0.001986
2 0.991993 0.485440 0.015815 0.121427 0.001088
