0 0.317411 0.540027 0.368689 0.888964 0.964196
8 0.208744 0.042546 0.117735 0.081669 0.940609
8 0.237770 0.148821 0.087611 0.070756 0.936097
8 0.657329 0.074658 0.119399 0.072130 0.926781
8 0.594596 0.166284 0.088715 0.076687 0.912240
8 0.027406 0.142378 0.053551 0.074398 0.902899
6 0.472437 0.676986 0.051264 0.047593 0.875411
6 0.511071 0.675912 0.045716 0.046506 0.866042
6 0.404403 0.676064 0.047751 0.043564 0.731441
6 0.391937 0.677900 0.026101 0.036806 0.112289
8 0.000000 0.125721 0.000000 0.119650 0.001226
2 0.014829 0.696256 0.028482 0.041775 0.001063
