0 0.617493 0.716600 0.315146 0.566800 0.968577
8 0.271934 0.073109 0.113246 0.071255 0.947662
8 0.299372 0.176110 0.088397 0.052116 0.944521
8 0.072999 0.167383 0.109591 0.064483 0.939034
8 0.026546 0.062424 0.052772 0.066615 0.931814
8 0.650531 0.188051 0.088964 0.041064 0.926514
8 0.715466 0.092853 0.113551 0.061070 0.918116
0 0.393608 0.669694 0.183081 0.480463 0.910807
6 0.071752 0.712860 0.041139 0.044452 0.898199
6 0.465048 0.697326 0.033435 0.040465 0.892767
6 0.325914 0.701193 0.040074 0.048169 0.885595
7 0.320935 0.497992 0.016856 0.033896 0.868833
6 0.563393 0.694601 0.046061 0.047352 0.845979
6 0.525334 0.697306 0.047377 0.043570 0.830164
6 0.493530 0.695828 0.031825 0.042768 0.701342
