0 0.362515 0.712452 0.176164 0.575096 0.959617
8 0.271967 0.069368 0.111676 0.069412 0.947325
8 0.072966 0.161935 0.108826 0.057833 0.940667
8 0.026043 0.058775 0.051691 0.071348 0.939243
8 0.299331 0.172208 0.088357 0.050096 0.939025
8 0.650703 0.184515 0.085775 0.037310 0.929714
8 0.715652 0.088103 0.115569 0.062232 0.922625
6 0.072084 0.709281 0.041236 0.044719 0.908585
6 0.444455 0.695392 0.030947 0.038739 0.902127
6 0.525534 0.693522 0.045067 0.043278 0.899176
6 0.566456 0.691860 0.048481 0.047690 0.895278
6 0.491312 0.690849 0.035627 0.047049 0.879193
7 0.329691 0.658854 0.029971 0.041424 0.872470
6 0.467761 0.694614 0.031748 0.039129 0.062399
