0 0.527409 0.706085 0.217148 0.587048 0.965225
8 0.271913 0.068760 0.118114 0.072538 0.946552
8 0.299027 0.174347 0.088985 0.053401 0.944410
8 0.073035 0.164552 0.111563 0.070574 0.944012
8 0.650296 0.183959 0.090071 0.044385 0.931100
8 0.715739 0.089222 0.109912 0.056747 0.930420
8 0.025748 0.059057 0.051403 0.064400 0.927696
6 0.330953 0.698762 0.047824 0.053264 0.924026
7 0.449254 0.620172 0.019070 0.037155 0.919290
6 0.071188 0.708480 0.039992 0.045678 0.912135
6 0.367993 0.696354 0.031566 0.043484 0.886505
6 0.393115 0.694270 0.027643 0.043561 0.885252
6 0.414941 0.694555 0.029519 0.042342 0.881905
6 0.499388 0.689655 0.039100 0.048655 0.210434
6 0.437742 0.695816 0.030311 0.039314 0.067867
8 0.000343 0.064401 0.000685 0.089035 0.002391
8 0.000000 0.039155 0.000000 0.040888 0.001183
