0 0.368850 0.720765 0.264703 0.544130 0.973160
8 0.073211 0.164738 0.109868 0.067252 0.900031
8 0.025569 0.059240 0.051137 0.066835 0.895435
6 0.322475 0.695781 0.040973 0.046617 0.863649
8 0.272046 0.068993 0.110576 0.069980 0.846665
8 0.650192 0.184201 0.089981 0.041181 0.845702
6 0.071508 0.708534 0.040464 0.043861 0.735712
8 0.299400 0.173028 0.089190 0.052262 0.682126
8 0.715637 0.088263 0.115507 0.062596 0.572397
6 0.525569 0.694737 0.047535 0.044006 0.467846
6 0.566281 0.691054 0.047635 0.046349 0.444280
7 0.252765 0.651507 0.017894 0.030953 0.344323
6 0.493257 0.689997 0.030855 0.042280 0.323436
8 0.951412 0.099911 0.033643 0.037407 0.003397
