8 0.206318 0.033694 0.120252 0.067389 0.941467
0 0.508500 0.622674 0.131276 0.252377 0.937063
8 0.234475 0.131159 0.092814 0.052315 0.932696
8 0.654987 0.055078 0.107565 0.052282 0.932070
8 0.591496 0.147065 0.086076 0.045249 0.930719
6 0.269879 0.665601 0.051168 0.051449 0.929112
6 0.487632 0.735867 0.096605 0.076731 0.927056
6 0.420499 0.713701 0.058807 0.055905 0.923377
6 0.434929 0.660173 0.036643 0.044095 0.919356
6 0.383922 0.662411 0.033249 0.036166 0.907162
8 0.027219 0.122515 0.054438 0.046097 0.906049
6 0.330273 0.662419 0.030616 0.043011 0.899340
6 0.407361 0.660511 0.027056 0.042363 0.891900
6 0.356526 0.659899 0.032410 0.047900 0.883868
6 0.013313 0.681277 0.026530 0.048419 0.880746
8 0.000000 0.111763 0.000000 0.104969 0.001076
