0 0.344552 0.517513 0.210418 0.714483 0.965615
6 0.176833 0.782189 0.128037 0.090364 0.941118
8 0.205637 0.030723 0.116757 0.060382 0.940132
6 0.472352 0.848858 0.125526 0.103085 0.939653
8 0.656050 0.055256 0.099485 0.061698 0.929715
6 0.269942 0.667453 0.048300 0.051649 0.907387
6 0.012437 0.679322 0.024874 0.044885 0.891576
8 0.591207 0.147521 0.078254 0.035878 0.880908
8 0.233643 0.133055 0.088529 0.048413 0.871746
6 0.329387 0.661854 0.029586 0.042446 0.868707
8 0.027708 0.123467 0.055416 0.046881 0.822166
6 0.306942 0.663617 0.030233 0.041433 0.791677
6 0.438285 0.658884 0.030713 0.045276 0.207826
0 0.023718 0.302032 0.022305 0.113524 0.007108
8 0.000000 0.119817 0.000000 0.050052 0.001577
9 0.000000 0.634553 0.000000 0.087888 0.001394
9 0.000000 0.656452 0.000000 0.083218 0.001391
9 0.000000 0.705586 0.000000 0.107312 0.001309
9 0.000612 0.691122 0.001225 0.072975 0.001175
8 0.001075 0.095837 0.002150 0.113002 0.001010
