6 0.617933 0.931644 0.150657 0.131813 0.933454
0 0.506604 0.512615 0.196588 0.952287 0.925723
6 0.371222 0.874169 0.171472 0.154106 0.919676
6 0.269370 0.666645 0.050734 0.050094 0.917452
8 0.233594 0.128913 0.085839 0.054316 0.901424
8 0.205189 0.033263 0.113930 0.065888 0.900119
6 0.381651 0.662717 0.033521 0.037925 0.880102
6 0.308019 0.662853 0.032823 0.041158 0.870422
6 0.013168 0.680988 0.026336 0.046968 0.869520
6 0.410007 0.660517 0.033831 0.041195 0.851518
6 0.356021 0.658415 0.032383 0.042440 0.847910
8 0.654037 0.056590 0.104899 0.062192 0.822708
8 0.026357 0.124961 0.052713 0.057234 0.729651
8 0.589905 0.147272 0.088971 0.049242 0.536805
6 0.435874 0.658305 0.035970 0.040225 0.203662
6 0.387376 0.743648 0.034779 0.035991 0.008911
3 0.000000 0.620693 0.000000 0.269010 0.001655
8 0.000115 0.117878 0.000229 0.065588 0.001414
8 0.000650 0.134216 0.001299 0.099160 0.001114
