0 0.209103 0.613136 0.157572 0.297013 0.953200
8 0.210089 0.044940 0.120441 0.068286 0.942982
8 0.238538 0.147792 0.094512 0.053979 0.936553
8 0.657345 0.072560 0.108327 0.055188 0.933999
6 0.134301 0.724949 0.082746 0.070093 0.929832
8 0.594065 0.164408 0.084930 0.044296 0.928818
8 0.030970 0.136891 0.061878 0.045957 0.912462
6 0.471337 0.675657 0.047685 0.040837 0.910421
6 0.277146 0.682376 0.042871 0.048954 0.901141
6 0.385082 0.677837 0.031913 0.037984 0.900472
6 0.015225 0.694816 0.030191 0.045530 0.879396
6 0.409842 0.675995 0.031810 0.037578 0.877266
6 0.332225 0.678072 0.028636 0.042486 0.869969
6 0.437966 0.672231 0.031458 0.042887 0.863916
6 0.309893 0.680747 0.025997 0.038891 0.185857
8 0.000000 0.130975 0.000000 0.037523 0.002768
0 0.309573 0.680693 0.025609 0.039224 0.001731
8 0.000111 0.149615 0.000221 0.076125 0.001378
6 0.358369 0.676632 0.033164 0.044146 0.001286
0 0.677339 0.237142 0.010061 0.043868 0.001088
