0 0.317360 0.528943 0.112496 0.586870 0.964223
8 0.206622 0.032797 0.122549 0.065101 0.944131
6 0.276859 0.789081 0.105021 0.079378 0.936974
8 0.655136 0.055094 0.109942 0.053635 0.930165
8 0.234208 0.132650 0.095396 0.054522 0.929167
8 0.590807 0.148435 0.087908 0.045816 0.919490
6 0.267813 0.667481 0.047509 0.048220 0.919471
6 0.415887 0.716056 0.079958 0.063547 0.919226
8 0.028419 0.123530 0.056837 0.045598 0.899020
6 0.013890 0.681426 0.027655 0.046549 0.889763
6 0.356874 0.660131 0.034095 0.041748 0.848815
6 0.433864 0.658569 0.031892 0.046034 0.710997
6 0.418066 0.660102 0.062194 0.045436 0.601878
6 0.404513 0.660807 0.033587 0.042643 0.466213
6 0.336749 0.661119 0.026934 0.040941 0.005707
8 0.048623 0.135503 0.025167 0.022188 0.003256
3 0.000000 0.627586 0.000000 0.260824 0.002600
8 0.054228 0.135738 0.018997 0.020165 0.002337
8 0.000000 0.121501 0.000000 0.041299 0.002283
8 0.000000 0.114612 0.000000 0.110153 0.001634
8 0.000000 0.138162 0.000000 0.101537 0.001573
8 0.000000 0.135770 0.000000 0.048247 0.001062
