0 0.539505 0.699443 0.265303 0.316846 0.962448
6 0.386598 0.835814 0.116788 0.096317 0.940642
6 0.490669 0.795735 0.106008 0.094136 0.938222
8 0.654431 0.055713 0.105339 0.052756 0.928740
6 0.269553 0.666141 0.051007 0.051027 0.926151
8 0.205835 0.033235 0.115912 0.066469 0.918526
8 0.591066 0.147694 0.085977 0.046300 0.915971
6 0.435130 0.659929 0.035154 0.045083 0.914204
6 0.382683 0.662611 0.031692 0.039129 0.908127
6 0.406417 0.660424 0.026196 0.043048 0.894306
8 0.234273 0.130952 0.088603 0.052252 0.892657
8 0.029681 0.122941 0.059362 0.044644 0.891476
6 0.356105 0.660380 0.031643 0.047242 0.885305
6 0.330277 0.662414 0.031003 0.043152 0.880114
6 0.012828 0.681117 0.025432 0.046119 0.866425
6 0.307782 0.664928 0.027047 0.036070 0.256547
8 0.000909 0.079110 0.001818 0.145518 0.001211
0 0.307414 0.664968 0.026797 0.035810 0.001197
8 0.000750 0.093360 0.001500 0.126464 0.001126
