8 0.327413 0.106377 0.101288 0.073610 0.944608
0 0.523092 0.563151 0.195504 0.873698 0.943552
8 0.356477 0.209756 0.080203 0.049812 0.937418
3 0.068979 0.698275 0.137043 0.260373 0.917178
8 0.141729 0.211936 0.082479 0.046045 0.905630
6 0.390750 0.728149 0.043381 0.042238 0.902566
8 0.051531 0.111484 0.097070 0.074147 0.894881
8 0.706369 0.199413 0.078717 0.052150 0.889187
6 0.426639 0.723571 0.022512 0.033716 0.878769
8 0.743560 0.106097 0.029360 0.069060 0.862157
6 0.141722 0.740768 0.031125 0.030827 0.841335
6 0.624333 0.720786 0.051330 0.035728 0.618038
6 0.997404 0.751375 0.004970 0.035850 0.001048
