0 0.464879 0.471943 0.391840 0.943887 0.960594
3 0.106242 0.596299 0.168049 0.246756 0.958622
8 0.096328 0.030604 0.129032 0.060527 0.877158
8 0.367196 0.026768 0.100840 0.051469 0.872090
6 0.634899 0.632751 0.041930 0.031232 0.871121
8 0.182612 0.123690 0.096570 0.056004 0.869037
8 0.802082 0.013244 0.063333 0.026488 0.866728
6 0.192343 0.650155 0.030959 0.032323 0.864543
6 0.667016 0.632539 0.049953 0.033162 0.862560
8 0.736632 0.108495 0.039101 0.057146 0.503819
8 0.751432 0.107571 0.070069 0.056910 0.231873
8 0.392930 0.117755 0.081495 0.045468 0.166289
0 0.742000 0.422763 0.015866 0.116419 0.003992
6 0.591086 0.630197 0.034791 0.039893 0.001280
