3 0.111573 0.595685 0.172037 0.243428 0.950296
8 0.096829 0.030365 0.128815 0.059943 0.946331
0 0.433186 0.455041 0.223680 0.850645 0.944508
8 0.182574 0.122818 0.097348 0.054808 0.937264
8 0.395223 0.119026 0.082087 0.044757 0.932294
8 0.751665 0.107208 0.069835 0.057549 0.883435
8 0.372369 0.025840 0.089688 0.049929 0.880253
8 0.801783 0.012939 0.062981 0.025878 0.861527
6 0.192733 0.650242 0.030795 0.032340 0.849579
6 0.634862 0.633029 0.042796 0.031181 0.806215
6 0.666740 0.631919 0.051254 0.033457 0.731308
8 0.736931 0.107932 0.039178 0.057488 0.010755
6 0.542888 0.633210 0.030873 0.037935 0.008484
6 0.592899 0.631789 0.039204 0.037146 0.007538
6 0.610560 0.632221 0.072876 0.034533 0.001351
6 0.644344 0.632766 0.028744 0.032045 0.001247
