2 0.883567 0.378585 0.094541 0.121176 0.960838
2 0.769590 0.314858 0.082813 0.092987 0.955713
2 0.418753 0.436747 0.104017 0.231054 0.955610
0 0.810302 0.047260 0.030265 0.092128 0.930758
0 0.986667 0.065299 0.026666 0.126780 0.893980
0 0.498346 0.051711 0.025327 0.066877 0.867019
8 0.745858 0.076970 0.010784 0.026703 0.856911
8 0.951302 0.110750 0.017722 0.040637 0.851885
8 0.641383 0.063473 0.011333 0.030039 0.837798
9 0.772228 0.027931 0.020509 0.051773 0.770557
8 0.849924 0.096800 0.009076 0.016398 0.404352
0 0.772194 0.027506 0.020534 0.051444 0.086036
8 0.772091 0.027909 0.020263 0.051948 0.009785
8 0.850537 0.105678 0.010480 0.028948 0.005668
0 0.641520 0.063613 0.011841 0.030942 0.004966
4 0.772274 0.027273 0.020475 0.051913 0.003329
0 0.848843 0.095749 0.008456 0.016617 0.002715
6 0.772274 0.027273 0.020475 0.051913 0.002597
0 0.757006 0.030374 0.012201 0.051424 0.001816
8 0.747184 0.080788 0.014760 0.029222 0.001272
