2 0.455297 0.655790 0.046137 0.085570 0.930171
2 0.078279 0.887424 0.047137 0.098868 0.917724
0 0.308054 0.299961 0.039394 0.176276 0.914227
2 0.630197 0.487843 0.036543 0.047035 0.908237
2 0.509875 0.355702 0.007468 0.020377 0.878844
4 0.796281 0.231649 0.015771 0.039071 0.869814
2 0.256971 0.381140 0.010728 0.024493 0.865465
4 0.784466 0.227201 0.013239 0.032314 0.851450
2 0.747035 0.289213 0.010657 0.018384 0.817282
0 0.455473 0.287568 0.049950 0.300758 0.772579
2 0.526399 0.356922 0.009230 0.014140 0.718541
2 0.455809 0.288246 0.050410 0.294139 0.717099
2 0.498358 0.360532 0.007825 0.011997 0.132140
4 0.794327 0.229412 0.014643 0.034978 0.103117
2 0.308104 0.299874 0.039293 0.176482 0.011677
2 0.645370 0.710028 0.014842 0.033932 0.005610
2 0.149365 0.412719 0.014318 0.022748 0.004124
0 0.230396 0.224303 0.010350 0.034506 0.003868
