0 0.316338 0.268102 0.047406 0.169871 0.948278
2 0.348421 0.719566 0.043601 0.087816 0.930146
0 0.380702 0.256983 0.105691 0.300603 0.914307
2 0.508677 0.522035 0.016856 0.048043 0.909352
4 0.741824 0.187970 0.015044 0.038025 0.874995
0 0.203435 0.194687 0.013620 0.043188 0.871140
4 0.730339 0.184425 0.012913 0.030579 0.855495
2 0.179225 0.367207 0.012437 0.018917 0.577560
2 0.694917 0.247556 0.012830 0.016985 0.569955
2 0.452881 0.323767 0.012381 0.022845 0.339280
2 0.447573 0.323874 0.017950 0.021551 0.039100
2 0.697824 0.247799 0.011696 0.015757 0.007342
2 0.449725 0.325438 0.018002 0.021699 0.006072
9 0.222112 0.197317 0.014120 0.036796 0.003247
2 0.179874 0.364519 0.011005 0.019748 0.002619
0 0.453207 0.324174 0.013128 0.028561 0.002300
