4 0.491943 0.589215 0.128796 0.231469 0.948591
8 0.308127 0.890775 0.066676 0.217296 0.926785
8 0.314643 0.979879 0.020973 0.037861 0.837534
8 0.180306 0.965887 0.037538 0.067319 0.700052
8 0.220662 0.984890 0.020871 0.030220 0.319365
8 0.171153 0.989518 0.051226 0.020965 0.003681
8 0.313184 0.985728 0.022607 0.028544 0.001986
8 0.535049 0.475372 0.009415 0.011865 0.001765
4 0.220662 0.984890 0.020871 0.030220 0.001385
8 0.094006 0.923839 0.055930 0.148573 0.001273
8 0.316965 0.942276 0.036324 0.106695 0.001046
8 0.197969 0.763584 0.016123 0.064659 0.001002
