0 0.041586 0.563264 0.081499 0.309255 0.953062
0 0.395627 0.512614 0.059905 0.230363 0.944252
0 0.703507 0.497576 0.063913 0.259880 0.943740
0 0.109306 0.528214 0.075893 0.297823 0.942386
0 0.338126 0.493364 0.058647 0.225212 0.938036
0 0.199785 0.567975 0.056006 0.266584 0.934128
0 0.529036 0.482780 0.054619 0.230820 0.926172
0 0.555456 0.427451 0.027476 0.127324 0.923538
0 0.866446 0.448495 0.028847 0.133454 0.921867
0 0.138010 0.524987 0.052425 0.239424 0.916847
0 0.466765 0.476603 0.036507 0.192695 0.915665
0 0.659639 0.461904 0.035341 0.152234 0.915328
8 0.784747 0.201326 0.077743 0.391403 0.914895
0 0.839761 0.467312 0.032889 0.182011 0.907584
0 0.238625 0.456737 0.026668 0.178157 0.899726
0 0.754644 0.468466 0.035044 0.189886 0.894773
0 0.897160 0.437172 0.029221 0.143859 0.883024
0 0.779292 0.453809 0.027864 0.155641 0.881158
0 0.916623 0.434900 0.022559 0.139435 0.872129
0 0.814352 0.447094 0.021806 0.142034 0.868095
0 0.668746 0.410915 0.019812 0.077819 0.837940
0 0.941091 0.439738 0.028597 0.159976 0.837907
0 0.979971 0.415960 0.026099 0.124853 0.820829
0 0.960520 0.411405 0.022517 0.104633 0.789724
0 0.793710 0.449855 0.021687 0.148074 0.779349
0 0.063718 0.514643 0.044885 0.223995 0.630852
0 0.492814 0.433308 0.020416 0.096354 0.630349
0 0.121686 0.461711 0.020515 0.115977 0.604135
0 0.372867 0.442665 0.022351 0.147758 0.600411
0 0.994024 0.433704 0.011141 0.124604 0.519339
0 0.214876 0.492141 0.033331 0.178383 0.329001
0 0.063811 0.475431 0.044469 0.146884 0.307423
0 0.029724 0.467569 0.019883 0.090467 0.299900
0 0.030542 0.478853 0.022433 0.117312 0.203849
0 0.888642 0.400170 0.010870 0.068019 0.173089
0 0.226509 0.525633 0.046624 0.226251 0.104291
0 0.211018 0.444608 0.023431 0.081159 0.043327
0 0.135722 0.452048 0.035257 0.163935 0.021761
0 0.218658 0.521465 0.044421 0.233757 0.019815
0 0.883068 0.418201 0.017943 0.097208 0.019461
0 0.886367 0.412854 0.014786 0.091070 0.017816
0 0.186697 0.485984 0.026952 0.182517 0.016146
0 0.232432 0.588778 0.034340 0.099339 0.015377
0 0.231546 0.542596 0.037332 0.193006 0.012266
0 0.119136 0.403971 0.011164 0.059988 0.008756
0 0.191392 0.429809 0.014777 0.061787 0.008651
0 0.880616 0.415023 0.015763 0.088737 0.006578
0 0.015503 0.469904 0.019048 0.105735 0.003273
0 0.716299 0.466693 0.027613 0.098181 0.002901
0 0.885911 0.394078 0.011640 0.055553 0.002899
0 0.995101 0.410627 0.009323 0.076155 0.002796
0 0.706385 0.421817 0.017789 0.054433 0.002719
0 0.878595 0.424140 0.013479 0.090955 0.002266
0 0.021372 0.479164 0.028602 0.111208 0.002198
0 0.006509 0.479949 0.010771 0.098422 0.002001
0 0.120729 0.469340 0.015752 0.108313 0.001361
0 0.505478 0.416666 0.009027 0.068979 0.001332
0 0.191789 0.418543 0.013190 0.039766 0.001325
0 0.211036 0.472377 0.025507 0.138792 0.001307
0 0.000000 0.642784 0.000000 0.268974 0.001260
0 0.892751 0.398172 0.014775 0.064673 0.001236
0 0.789466 0.449195 0.026476 0.149413 0.001218
4 0.794880 0.450816 0.021535 0.146435 0.001070
