0 0.276154 0.676551 0.078990 0.276194 0.961840
0 0.568431 0.620493 0.062530 0.238991 0.952670
0 0.693233 0.616406 0.082393 0.301252 0.949684
0 0.772684 0.602171 0.053665 0.234127 0.948345
0 0.457319 0.611913 0.046947 0.225355 0.945327
0 0.518197 0.602083 0.054580 0.193469 0.943264
0 0.193887 0.638551 0.052416 0.187750 0.937380
0 0.362720 0.612110 0.041188 0.163310 0.937287
5 0.857933 0.567096 0.093845 0.100272 0.935164
0 0.121280 0.647145 0.037091 0.212211 0.911182
8 0.196934 0.336599 0.095581 0.661972 0.911111
0 0.096722 0.657653 0.041488 0.214810 0.899374
4 0.556418 0.374605 0.030472 0.057400 0.896916
0 0.161669 0.618852 0.027945 0.117420 0.894336
0 0.046696 0.624297 0.022390 0.111209 0.889897
0 0.428740 0.614158 0.038272 0.208308 0.884063
9 0.381129 0.618512 0.055834 0.087662 0.759798
0 0.010753 0.636186 0.021180 0.140828 0.714929
0 0.074709 0.623243 0.022898 0.139993 0.567281
4 0.248788 0.526449 0.015926 0.040883 0.303973
9 0.365673 0.625771 0.038394 0.094584 0.213936
0 0.072926 0.594113 0.018486 0.082167 0.144812
0 0.121459 0.592074 0.031173 0.097153 0.055707
0 0.008677 0.694329 0.017354 0.269597 0.054258
4 0.247506 0.545535 0.012993 0.016393 0.050041
4 0.248597 0.536135 0.015783 0.035153 0.023439
9 0.370657 0.618404 0.037121 0.085284 0.022620
0 0.000000 0.699365 0.000000 0.279319 0.003022
0 0.084775 0.624975 0.022348 0.130936 0.002510
9 0.408359 0.618670 0.043141 0.087141 0.001081
