0 0.563024 0.573342 0.063068 0.224627 0.951680
0 0.392112 0.616267 0.063578 0.233862 0.942618
0 0.330612 0.603193 0.044153 0.189734 0.938993
0 0.509469 0.602093 0.059513 0.257445 0.937221
0 0.901435 0.527422 0.065416 0.299786 0.933809
0 0.094170 0.622929 0.039967 0.148229 0.928409
9 0.414918 0.591182 0.061056 0.093611 0.917361
8 0.232803 0.327659 0.085497 0.646432 0.914520
0 0.479579 0.594249 0.037154 0.238601 0.910072
0 0.040460 0.646496 0.041291 0.184332 0.909387
0 0.054671 0.623629 0.032189 0.151878 0.894418
4 0.578921 0.338406 0.031830 0.056345 0.876651
0 0.817079 0.530176 0.030067 0.246963 0.869412
0 0.852271 0.536888 0.069882 0.243966 0.832888
4 0.276856 0.507773 0.017726 0.040983 0.818361
0 0.974874 0.521168 0.047810 0.240528 0.753383
4 0.276926 0.524605 0.018149 0.014985 0.482286
0 0.006983 0.630651 0.013849 0.108919 0.359485
0 0.289544 0.552536 0.005257 0.016881 0.197408
0 0.007119 0.674260 0.013393 0.200245 0.195391
9 0.909956 0.527119 0.047291 0.062911 0.005370
0 0.057790 0.634405 0.026415 0.134057 0.002754
0 0.865452 0.533193 0.043161 0.254941 0.002149
6 0.006985 0.630655 0.013717 0.109768 0.002114
0 0.053549 0.601677 0.030483 0.106180 0.001364
4 0.275552 0.525924 0.016140 0.023218 0.001283
