9 0.796447 0.375717 0.060222 0.095352 0.941059
0 0.532045 0.396426 0.046465 0.151571 0.940057
4 0.989008 0.101528 0.021984 0.067405 0.914472
0 0.378026 0.403455 0.029532 0.127352 0.905527
8 0.074612 0.321002 0.045857 0.122948 0.903696
8 0.148687 0.288977 0.086682 0.258462 0.896514
0 0.306975 0.402804 0.020442 0.102062 0.895018
0 0.339987 0.400163 0.021238 0.099695 0.888583
4 0.656538 0.288657 0.021177 0.043595 0.881001
0 0.236666 0.412165 0.016728 0.084928 0.862779
0 0.201198 0.404520 0.012693 0.076862 0.834672
0 0.217808 0.404567 0.012167 0.072857 0.828256
0 0.096299 0.417117 0.009312 0.053365 0.815481
0 0.075644 0.418563 0.009135 0.048617 0.802536
0 0.144624 0.407885 0.008202 0.054362 0.795381
0 0.122158 0.411131 0.008613 0.057802 0.793086
8 0.044319 0.368967 0.016824 0.039349 0.776290
0 0.065152 0.417081 0.009085 0.044590 0.759788
8 0.055594 0.347181 0.033446 0.082512 0.749416
0 0.102577 0.414636 0.007467 0.050575 0.731274
4 0.082074 0.378001 0.008791 0.016222 0.725563
0 0.134331 0.409817 0.010560 0.049513 0.669394
0 0.057025 0.413540 0.007252 0.033381 0.652109
8 0.048683 0.355771 0.021037 0.067880 0.632492
8 0.046391 0.367963 0.019218 0.045798 0.486916
0 0.046317 0.412513 0.007327 0.030983 0.472710
0 0.030874 0.412218 0.007660 0.028063 0.447687
0 0.014700 0.417667 0.007825 0.028419 0.446728
0 0.038567 0.412987 0.007626 0.031918 0.446678
0 0.017638 0.416525 0.007992 0.027392 0.363517
0 0.055163 0.412777 0.007185 0.031571 0.344360
0 0.012420 0.417485 0.007869 0.027468 0.322065
0 0.019776 0.414513 0.007900 0.026486 0.268423
0 0.099921 0.415059 0.007700 0.055384 0.267653
0 0.049206 0.413734 0.007769 0.034306 0.265456
0 0.035772 0.412852 0.006884 0.030646 0.226980
4 0.002121 0.374371 0.004014 0.012666 0.185589
0 0.366344 0.361304 0.012943 0.052518 0.155691
0 0.034441 0.412772 0.006226 0.030042 0.151599
4 0.065862 0.384647 0.008383 0.013122 0.140975
0 0.025698 0.415966 0.006099 0.029776 0.085755
0 0.077486 0.413579 0.008867 0.038703 0.063275
0 0.041035 0.411397 0.010136 0.036247 0.043533
0 0.366346 0.371516 0.013547 0.072264 0.032658
0 0.368311 0.364986 0.015266 0.058918 0.024598
0 0.083687 0.407350 0.004826 0.028554 0.022116
0 0.045548 0.411001 0.009486 0.035099 0.013105
4 0.068906 0.384324 0.008463 0.011084 0.010090
8 0.048285 0.372362 0.015426 0.039311 0.008895
9 0.995717 0.359607 0.008566 0.121643 0.008089
8 0.604119 0.212913 0.089767 0.425827 0.007741
0 0.037331 0.410988 0.008846 0.034565 0.006846
4 0.062204 0.384552 0.012875 0.015182 0.006253
0 0.128021 0.401850 0.008115 0.041406 0.005597
8 0.621818 0.212500 0.055371 0.425001 0.005559
0 0.380108 0.369765 0.015087 0.057566 0.004533
0 0.009402 0.417531 0.007979 0.024918 0.004502
8 0.081886 0.378341 0.007981 0.014953 0.003827
0 0.003841 0.409208 0.004580 0.013599 0.003620
0 0.129968 0.410759 0.008652 0.054752 0.003206
0 0.107678 0.412331 0.007207 0.047207 0.002945
4 0.992380 0.257880 0.015240 0.332516 0.002137
2 0.148686 0.289522 0.086974 0.257533 0.001644
0 0.108358 0.384001 0.005540 0.010737 0.001172
4 0.995236 0.248199 0.009529 0.358699 0.001052
8 0.037449 0.365239 0.035179 0.037838 0.001024
