0 0.478755 0.614090 0.084634 0.225440 0.931972
0 0.135505 0.523748 0.021931 0.048892 0.756906
1 0.520396 0.710507 0.273248 0.106118 0.572150
0 0.719038 0.404050 0.013504 0.064764 0.547259
0 0.111549 0.525922 0.016774 0.047479 0.499975
3 0.274164 0.683629 0.136550 0.179441 0.222938
0 0.579190 0.660971 0.044338 0.073938 0.107339
5 0.274500 0.683809 0.136456 0.179977 0.078881
6 0.274456 0.683049 0.136519 0.180121 0.034673
1 0.274148 0.683473 0.136642 0.180211 0.007432
0 0.274343 0.683240 0.136247 0.179453 0.007268
2 0.135531 0.524061 0.021874 0.049632 0.005283
4 0.274456 0.683049 0.136519 0.180121 0.002028
8 0.274343 0.683240 0.136247 0.179453 0.001886
