0 0.045266 0.935138 0.034444 0.128912 0.932505
0 0.323507 0.919385 0.026526 0.152846 0.932151
0 0.418298 0.921826 0.026806 0.146161 0.929718
0 0.707953 0.895215 0.034000 0.079019 0.905054
0 0.251665 0.916560 0.025364 0.144306 0.879568
0 0.304058 0.926057 0.024418 0.134716 0.827315
0 0.624327 0.886466 0.019292 0.081186 0.825022
0 0.646706 0.917485 0.019937 0.130097 0.729369
5 0.080738 0.887335 0.017349 0.040931 0.553036
0 0.106305 0.901932 0.026832 0.055169 0.545363
0 0.646566 0.898790 0.019947 0.091720 0.435607
0 0.661967 0.922219 0.026502 0.143928 0.418203
0 0.110762 0.866523 0.012102 0.034300 0.231650
0 0.662955 0.951988 0.023996 0.090313 0.148850
0 0.661778 0.903298 0.024836 0.103663 0.121254
5 0.179296 0.892564 0.010746 0.036952 0.120353
0 0.009618 0.876216 0.018560 0.083024 0.022052
0 0.080517 0.887895 0.016912 0.040936 0.013761
0 0.035991 0.882424 0.015062 0.049175 0.008726
0 0.608291 0.893215 0.017430 0.048187 0.004891
5 0.130226 0.898315 0.015740 0.027386 0.004524
0 0.010081 0.912813 0.018937 0.156356 0.002945
0 0.110837 0.872680 0.014295 0.045870 0.002484
5 0.207186 0.894065 0.017747 0.032159 0.002479
