0 0.168202 0.058897 0.027355 0.117794 0.928604
5 0.539512 0.060181 0.029472 0.068202 0.909032
9 0.272110 0.040413 0.023049 0.034869 0.891524
0 0.307405 0.033130 0.014037 0.056246 0.880781
0 0.194185 0.064302 0.031575 0.128604 0.868114
0 0.375591 0.039038 0.033201 0.078075 0.846613
5 0.452143 0.056103 0.021097 0.057886 0.769324
0 0.654900 0.153773 0.033271 0.161185 0.594714
5 0.629059 0.066697 0.018129 0.057079 0.552061
0 0.418684 0.041107 0.017690 0.073078 0.521231
0 0.387455 0.026400 0.012853 0.046056 0.492312
0 0.703386 0.075984 0.008857 0.036817 0.379612
0 0.790513 0.057576 0.012091 0.055985 0.302222
0 0.715361 0.060175 0.011615 0.057481 0.116961
0 0.714471 0.053730 0.011627 0.046306 0.091628
5 0.245619 0.032323 0.016492 0.052348 0.072512
6 0.768158 0.078456 0.010864 0.020696 0.053262
5 0.716842 0.075120 0.011682 0.038259 0.044926
5 0.418684 0.041107 0.017690 0.073078 0.041020
5 0.252722 0.033755 0.012222 0.047498 0.017867
0 0.680218 0.073504 0.016159 0.044308 0.010146
9 0.418798 0.040510 0.018600 0.072330 0.009025
9 0.629222 0.066513 0.018146 0.057269 0.007994
5 0.712311 0.072833 0.021547 0.043583 0.006864
0 0.716486 0.069000 0.011662 0.049456 0.005895
6 0.350156 0.034534 0.010416 0.017733 0.004338
0 0.966569 0.644857 0.025541 0.081656 0.004030
0 0.629131 0.066598 0.018204 0.057070 0.003234
0 0.081139 0.010986 0.007719 0.020479 0.002262
0 0.713443 0.062851 0.016460 0.061473 0.002010
0 0.711678 0.074334 0.024624 0.041449 0.001752
8 0.433582 0.001008 0.022149 0.002016 0.001607
8 0.427518 0.001474 0.020878 0.002947 0.001212
6 0.767905 0.075358 0.011905 0.022043 0.001197
