0 0.567636 0.480538 0.186569 0.961075 0.861236
0 0.466997 0.138061 0.011819 0.055009 0.823587
0 0.143788 0.204478 0.016597 0.058112 0.606089
0 0.166887 0.191881 0.017874 0.068550 0.449633
9 0.986585 0.342813 0.026469 0.106812 0.313963
9 0.922891 0.457168 0.039275 0.233620 0.293805
0 0.339006 0.172307 0.014368 0.051665 0.282394
5 0.690000 0.722103 0.382976 0.555044 0.254617
0 0.344040 0.172056 0.008427 0.048186 0.034178
9 0.922884 0.423616 0.038647 0.165483 0.008531
9 0.951182 0.660903 0.097635 0.653507 0.007641
3 0.690572 0.737529 0.382165 0.520287 0.003553
8 0.986288 0.342490 0.026649 0.107250 0.002785
4 0.986288 0.342490 0.026649 0.107250 0.001574
3 0.986288 0.342490 0.026649 0.107250 0.001068
