0 0.232220 0.466074 0.074906 0.322269 0.940906
0 0.291593 0.517576 0.130451 0.426635 0.923058
0 0.018177 0.597378 0.036353 0.364285 0.917400
0 0.423433 0.566714 0.163836 0.832503 0.895875
0 0.616091 0.551731 0.021742 0.026941 0.885562
0 0.249845 0.465116 0.050812 0.322603 0.539439
0 0.895818 0.387343 0.009148 0.041163 0.513079
0 0.874676 0.413211 0.011530 0.057812 0.370220
0 0.284566 0.363335 0.021931 0.103587 0.004842
9 0.000000 0.684897 0.000000 0.181593 0.001975
9 0.000000 0.483302 0.000000 0.146654 0.001154
0 0.000000 0.597497 0.000000 0.364130 0.001005
