0 0.557258 0.618811 0.050907 0.214491 0.955890
0 0.520480 0.610709 0.047073 0.202400 0.952396
0 0.671536 0.629338 0.054475 0.238509 0.945317
0 0.804304 0.626460 0.037079 0.177791 0.937609
0 0.618448 0.622675 0.041931 0.224893 0.936336
8 0.369645 0.453062 0.053565 0.291049 0.934623
0 0.602288 0.614467 0.033254 0.209388 0.917703
0 0.504837 0.571404 0.018357 0.083234 0.857785
0 0.137917 0.511371 0.010862 0.026963 0.830191
0 0.776187 0.576237 0.012837 0.061909 0.809557
8 0.442715 0.572930 0.009964 0.046032 0.680529
0 0.694837 0.618206 0.025983 0.206162 0.663363
0 0.760699 0.619540 0.018358 0.179660 0.362885
0 0.760708 0.571001 0.017763 0.077006 0.292319
9 0.771126 0.666833 0.054960 0.125649 0.230865
5 0.351774 0.581916 0.013462 0.029072 0.165574
0 0.354280 0.557839 0.012902 0.058998 0.026221
0 0.353016 0.568736 0.014742 0.048118 0.023682
0 0.352390 0.559725 0.016603 0.071589 0.018442
5 0.353696 0.574375 0.012811 0.034526 0.014240
0 0.442519 0.573718 0.010159 0.046963 0.010584
0 0.354732 0.567475 0.011275 0.036801 0.004118
8 0.209287 0.439376 0.023773 0.108155 0.002834
8 0.147901 0.453512 0.021726 0.103539 0.002814
8 0.287412 0.473653 0.021776 0.126470 0.002665
8 0.292325 0.475656 0.027476 0.127186 0.001958
0 0.050313 0.468527 0.007808 0.018907 0.001492
0 0.601848 0.574896 0.032961 0.127687 0.001409
0 0.770525 0.629295 0.047283 0.200754 0.001182
