0 0.803651 0.302329 0.121811 0.413363 0.952497
0 0.933156 0.330065 0.099899 0.473545 0.942302
0 0.673297 0.358376 0.089740 0.417327 0.937279
0 0.606375 0.339749 0.047166 0.240933 0.937147
0 0.635084 0.338437 0.033827 0.237502 0.867426
9 0.863476 0.321448 0.019965 0.057937 0.295646
0 0.253411 0.342284 0.011967 0.084013 0.034698
6 0.303454 0.290393 0.014975 0.023633 0.010867
0 0.877611 0.338995 0.042683 0.230614 0.004641
0 0.863153 0.319958 0.019954 0.056403 0.003177
4 0.238388 0.095353 0.008669 0.030987 0.002777
4 0.249357 0.207685 0.045709 0.415369 0.001196
