2 0.617837 0.396588 0.031391 0.131969 0.919721
2 0.696893 0.444443 0.031668 0.098575 0.918339
2 0.759975 0.493156 0.043453 0.142815 0.917037
4 0.082466 0.514173 0.039647 0.056792 0.914197
2 0.550593 0.397029 0.036139 0.127283 0.904312
2 0.521890 0.382013 0.015821 0.084894 0.898993
2 0.484874 0.377328 0.017862 0.101617 0.898008
2 0.569503 0.234426 0.020420 0.051474 0.892796
2 0.573732 0.424207 0.057190 0.106933 0.888953
2 0.595285 0.234566 0.024169 0.045328 0.886614
2 0.580528 0.360931 0.027957 0.038343 0.886131
2 0.714344 0.435474 0.032362 0.064806 0.884968
2 0.642728 0.345003 0.021782 0.046710 0.871708
2 0.704210 0.363852 0.042793 0.071825 0.870975
2 0.782832 0.472816 0.025618 0.113839 0.858098
2 0.762082 0.394597 0.047490 0.061350 0.850796
2 0.746711 0.358271 0.026130 0.035578 0.825792
2 0.762578 0.363868 0.025753 0.044704 0.809729
2 0.652441 0.423464 0.053874 0.115789 0.744760
2 0.675029 0.352848 0.021833 0.038003 0.731035
2 0.590198 0.342291 0.019054 0.058738 0.378457
2 0.669581 0.416765 0.025575 0.111043 0.287693
2 0.490679 0.624708 0.021071 0.047446 0.174377
2 0.766419 0.369044 0.036013 0.054278 0.085514
2 0.677177 0.417661 0.039179 0.111421 0.068229
2 0.545617 0.346407 0.013078 0.028225 0.014603
2 0.681802 0.417471 0.036027 0.091845 0.013126
2 0.674584 0.358653 0.024142 0.053229 0.010905
2 0.684491 0.399758 0.029920 0.034122 0.010469
2 0.573629 0.404972 0.055043 0.063278 0.008660
2 0.490338 0.635112 0.019911 0.027586 0.003119
2 0.548863 0.352234 0.024900 0.041320 0.002893
2 0.692839 0.356110 0.017610 0.063037 0.001206
2 0.549796 0.386413 0.033572 0.081782 0.001159
2 0.673394 0.401897 0.028325 0.130970 0.001133
2 0.757742 0.401371 0.039354 0.050594 0.001060
0 0.042058 0.363306 0.039478 0.089046 0.001051
2 0.681745 0.377028 0.032090 0.074530 0.001027
