1 0.529056 0.379851 0.125815 0.123601 0.967454
2 0.510235 0.678049 0.082597 0.086835 0.954152
2 0.440806 0.680146 0.075867 0.089495 0.950165
2 0.354245 0.664824 0.063305 0.062159 0.938121
2 0.114384 0.569565 0.035298 0.054651 0.922004
2 0.693406 0.402220 0.028353 0.035373 0.913538
2 0.766029 0.386052 0.024716 0.033647 0.909933
0 0.493115 0.373317 0.028728 0.050756 0.887879
2 0.412836 0.415203 0.022601 0.036619 0.848005
2 0.384402 0.415667 0.025512 0.035595 0.841879
2 0.427071 0.422340 0.018033 0.039021 0.683010
0 0.523189 0.358357 0.024417 0.049798 0.484429
2 0.416905 0.417370 0.029454 0.037794 0.313144
2 0.421635 0.420039 0.027829 0.036934 0.029911
2 0.384974 0.382757 0.013152 0.016259 0.016753
1 0.345265 0.394759 0.035730 0.018098 0.012552
2 0.085257 0.582348 0.030483 0.039627 0.005314
2 0.400583 0.413308 0.012571 0.025461 0.001152
4 0.054028 0.800987 0.044179 0.157632 0.001045
