1 0.937702 0.504888 0.124596 0.164884 0.965288
1 0.619525 0.424932 0.099326 0.081918 0.944511
2 0.597251 0.513135 0.027475 0.043763 0.909491
1 0.706075 0.481087 0.146033 0.141106 0.908599
0 0.704802 0.481587 0.021133 0.038800 0.836171
2 0.717854 0.451086 0.012783 0.021458 0.819367
2 0.875716 0.441325 0.011617 0.026192 0.795394
2 0.802638 0.445757 0.016121 0.028071 0.770226
3 0.634142 0.432166 0.024626 0.015368 0.768648
2 0.890741 0.423028 0.011103 0.017890 0.734347
2 0.790875 0.442765 0.008097 0.024255 0.714781
2 0.778160 0.410809 0.012028 0.013717 0.634695
9 0.633093 0.319286 0.008213 0.014353 0.522859
2 0.792085 0.444889 0.008642 0.025646 0.423445
2 0.848674 0.418405 0.011072 0.014991 0.345458
2 0.731398 0.451005 0.010021 0.021183 0.342522
2 0.795291 0.410766 0.008377 0.016155 0.331918
2 0.845603 0.417596 0.017129 0.016246 0.241639
1 0.087883 0.536284 0.071915 0.017868 0.230978
2 0.843089 0.416168 0.021656 0.016640 0.228754
1 0.113773 0.532159 0.070618 0.017122 0.192132
3 0.734948 0.501962 0.087070 0.036397 0.184043
0 0.607319 0.419706 0.014955 0.024967 0.181447
2 0.874086 0.437689 0.008400 0.020978 0.148223
2 0.874979 0.413224 0.008951 0.013896 0.109759
2 0.811069 0.389918 0.009208 0.010592 0.077708
1 0.064839 0.535752 0.027239 0.016587 0.075654
2 0.727989 0.402483 0.008448 0.012712 0.060956
1 0.100177 0.533685 0.044915 0.022078 0.058003
2 0.874894 0.414878 0.006952 0.016228 0.057558
2 0.520592 0.398624 0.010163 0.013017 0.048960
2 0.811005 0.388046 0.008675 0.010941 0.033684
2 0.683980 0.433492 0.007949 0.013255 0.032114
2 0.846897 0.415900 0.014760 0.014924 0.023909
0 0.739243 0.474551 0.027053 0.054725 0.022190
2 0.701255 0.445062 0.014059 0.026817 0.020595
2 0.868206 0.398118 0.007430 0.010066 0.016356
3 0.741397 0.497513 0.085776 0.041038 0.010888
3 0.908102 0.528475 0.063985 0.059973 0.010694
2 0.702363 0.450054 0.015892 0.023685 0.010665
2 0.729234 0.402407 0.007239 0.011363 0.009762
6 0.100335 0.533548 0.044955 0.021738 0.009124
0 0.674833 0.478108 0.019605 0.049923 0.007024
2 0.804330 0.448595 0.013292 0.026323 0.006827
2 0.872269 0.395331 0.007366 0.011296 0.006535
2 0.725710 0.404472 0.009194 0.010376 0.005952
2 0.706039 0.482618 0.145336 0.143222 0.004991
1 0.674585 0.209635 0.037005 0.018279 0.004581
2 0.873420 0.410288 0.008108 0.013738 0.004486
2 0.764835 0.428944 0.005502 0.014383 0.003370
4 0.632383 0.317918 0.007895 0.016881 0.002802
2 0.562087 0.394605 0.010603 0.012279 0.002751
0 0.645912 0.413051 0.012068 0.020845 0.002531
2 0.878176 0.441919 0.013027 0.035706 0.002388
3 0.287923 0.595864 0.015332 0.026511 0.002228
2 0.867095 0.394994 0.007960 0.010837 0.001224
1 0.680570 0.210163 0.039341 0.019377 0.001191
