1 0.308337 0.521040 0.271401 0.222059 0.958367
0 0.323952 0.515586 0.040849 0.084299 0.945790
2 0.110655 0.713998 0.042794 0.109816 0.943784
2 0.171897 0.822416 0.044890 0.110954 0.942928
0 0.234137 0.512738 0.040570 0.095363 0.938422
2 0.946852 0.550593 0.022684 0.057942 0.911565
0 0.360208 0.503466 0.031693 0.077432 0.905250
2 0.443111 0.497236 0.023293 0.037925 0.866917
2 0.470057 0.636591 0.050189 0.075866 0.853219
2 0.047749 0.508550 0.029891 0.024305 0.849120
2 0.470328 0.651035 0.049934 0.046008 0.644609
2 0.844508 0.499494 0.011428 0.026878 0.296720
2 0.466511 0.617957 0.037384 0.038231 0.198653
0 0.265622 0.499713 0.016062 0.026886 0.034578
2 0.443454 0.503950 0.023174 0.024438 0.014600
2 0.440206 0.582940 0.007745 0.012299 0.004063
3 0.287318 0.504662 0.028059 0.018701 0.003641
2 0.436374 0.549852 0.011609 0.017356 0.003048
2 0.212776 0.454296 0.010586 0.017477 0.002223
0 0.640590 0.461428 0.006741 0.013118 0.001004
