0 0.059544 0.700510 0.119089 0.592264 0.959532
6 0.374025 0.748358 0.127614 0.115324 0.958460
6 0.771884 0.768690 0.046118 0.057354 0.938739
4 0.648708 0.594419 0.035628 0.065160 0.934952
6 0.512655 0.753430 0.071510 0.074634 0.931540
4 0.239275 0.599113 0.030536 0.041033 0.884539
4 0.691182 0.596220 0.023411 0.048165 0.858751
0 0.554101 0.751228 0.022464 0.084976 0.849593
6 0.639857 0.768492 0.133156 0.130750 0.733477
0 0.093993 0.702520 0.187957 0.594960 0.607602
4 0.153534 0.627241 0.029997 0.081190 0.569454
0 0.572622 0.752277 0.018655 0.076872 0.527573
0 0.090704 0.592174 0.181408 0.373232 0.282175
5 0.126235 0.869062 0.252469 0.261875 0.131642
0 0.563720 0.751170 0.015761 0.082299 0.080266
6 0.723121 0.764824 0.038282 0.063443 0.050969
6 0.703369 0.761583 0.027018 0.076426 0.036736
0 0.059163 0.592356 0.118253 0.372990 0.011775
0 0.567862 0.753417 0.015155 0.077929 0.007205
6 0.615488 0.712154 0.052807 0.022902 0.007087
6 0.713243 0.763285 0.043107 0.068228 0.003202
5 0.191099 0.866737 0.121070 0.266357 0.002944
4 0.691369 0.641982 0.024109 0.142163 0.002923
9 0.000000 0.846026 0.000000 0.125468 0.001040
