9 0.955323 0.687939 0.052890 0.096207 0.951933
5 0.248858 0.626953 0.022543 0.068995 0.914085
0 0.301139 0.599043 0.024402 0.095691 0.898744
0 0.248935 0.600673 0.025440 0.096367 0.894782
5 0.300016 0.624625 0.023484 0.063344 0.888393
0 0.138107 0.578336 0.015061 0.063746 0.879330
4 0.187296 0.433995 0.036197 0.061544 0.871271
4 0.460930 0.413891 0.020870 0.034865 0.867533
6 0.219421 0.583529 0.017556 0.022724 0.822373
6 0.381213 0.598752 0.016820 0.020432 0.806362
5 0.115592 0.616119 0.043187 0.061227 0.797488
0 0.190349 0.581899 0.007050 0.019181 0.793767
4 0.891996 0.525560 0.030063 0.036506 0.786964
6 0.232655 0.584867 0.009667 0.021076 0.703856
4 0.257676 0.514383 0.008723 0.010211 0.658900
6 0.229159 0.584037 0.011959 0.022966 0.652773
6 0.222600 0.583448 0.017381 0.023358 0.241189
0 0.270573 0.590747 0.004638 0.019315 0.206699
4 0.891617 0.610447 0.034791 0.211197 0.133558
0 0.300471 0.624592 0.023415 0.063867 0.021100
6 0.190349 0.581899 0.007050 0.019181 0.009708
6 0.238562 0.584898 0.007611 0.024404 0.006460
0 0.273936 0.593920 0.006933 0.022276 0.005525
0 0.222600 0.583448 0.017381 0.023358 0.005034
0 0.228612 0.583151 0.011725 0.023220 0.003818
6 0.313246 0.580319 0.007880 0.025007 0.003779
4 0.908085 0.618854 0.015841 0.058337 0.002126
6 0.205217 0.582218 0.008472 0.020201 0.001822
9 0.313246 0.580319 0.007880 0.025007 0.001526
6 0.238200 0.582953 0.009429 0.027100 0.001362
0 0.283777 0.594274 0.005594 0.021047 0.001224
0 0.232134 0.585256 0.009563 0.021292 0.001138
0 0.253591 0.610556 0.015061 0.050305 0.001047
