6 0.511596 0.457823 0.101635 0.109473 0.959423
6 0.572791 0.447333 0.050186 0.083798 0.922420
5 0.151674 0.470345 0.034610 0.074184 0.910923
6 0.434583 0.431628 0.070160 0.071248 0.901955
0 0.152972 0.444178 0.032430 0.098170 0.884911
0 0.424922 0.451558 0.024606 0.130023 0.884561
4 0.351815 0.264480 0.039506 0.059990 0.868424
0 0.124516 0.460048 0.008890 0.040006 0.253101
0 0.151608 0.470353 0.034586 0.073302 0.036632
6 0.445485 0.449690 0.019372 0.036950 0.007319
4 0.403156 0.338583 0.031545 0.058983 0.002308
5 0.124903 0.460117 0.008413 0.037001 0.001377
