2 0.513545 0.572585 0.129559 0.151134 0.961238
0 0.768675 0.446367 0.046060 0.169335 0.939423
0 0.676167 0.446711 0.032237 0.097943 0.917054
0 0.633375 0.430422 0.034314 0.104664 0.906158
2 0.495368 0.499213 0.091881 0.036611 0.867076
0 0.573504 0.416302 0.012975 0.037109 0.794100
2 0.534863 0.478815 0.029025 0.048444 0.616608
2 0.344879 0.481648 0.011416 0.024659 0.468685
0 0.587892 0.423530 0.025406 0.097955 0.405712
0 0.687473 0.450786 0.014454 0.088152 0.311779
0 0.687354 0.432350 0.014593 0.045813 0.137558
2 0.535165 0.471175 0.028163 0.033611 0.086538
0 0.573723 0.418075 0.013441 0.056538 0.022695
9 0.721395 0.431063 0.015048 0.044965 0.018093
2 0.768479 0.446614 0.046041 0.168090 0.009275
3 0.743258 0.442958 0.011004 0.028927 0.007792
0 0.686021 0.439029 0.017481 0.063172 0.006897
2 0.527903 0.484545 0.015931 0.033199 0.004738
0 0.604132 0.427197 0.032891 0.094687 0.004354
9 0.743079 0.443330 0.012262 0.029269 0.003290
2 0.346896 0.481854 0.015754 0.026270 0.001200
0 0.721395 0.431063 0.015048 0.044965 0.001003
