2 0.568761 0.686178 0.071944 0.153237 0.958561
0 0.963445 0.331931 0.055494 0.249227 0.957748
0 0.828293 0.267670 0.037788 0.146557 0.942987
0 0.726891 0.286601 0.042903 0.205856 0.942975
9 0.631571 0.295039 0.052382 0.105888 0.940674
0 0.907534 0.320514 0.052794 0.227572 0.939825
0 0.590336 0.270766 0.033695 0.172557 0.937000
0 0.413975 0.231675 0.017708 0.105557 0.936111
8 0.107131 0.100848 0.019418 0.068819 0.926533
0 0.665063 0.285356 0.032313 0.124347 0.924670
0 0.544813 0.276883 0.033719 0.139634 0.914901
0 0.767664 0.295278 0.035969 0.211027 0.912831
0 0.786145 0.283745 0.025540 0.192561 0.907208
0 0.656093 0.201416 0.019289 0.076990 0.899613
0 0.641459 0.203101 0.017503 0.071876 0.866571
0 0.890755 0.275080 0.032964 0.175217 0.706981
0 0.556999 0.272462 0.013489 0.129567 0.664058
0 0.869573 0.299110 0.033944 0.098183 0.609795
0 0.460286 0.230251 0.014065 0.070604 0.602356
0 0.568039 0.300800 0.016811 0.099110 0.590051
0 0.672401 0.204405 0.016879 0.061620 0.304299
0 0.881412 0.272834 0.052092 0.168175 0.148377
0 0.665752 0.180866 0.010324 0.033291 0.024005
9 0.639286 0.295981 0.035753 0.103087 0.004294
0 0.892539 0.228441 0.027842 0.082924 0.003526
0 0.459445 0.218748 0.013862 0.052636 0.002983
0 0.875376 0.303050 0.045989 0.108070 0.002652
0 0.562222 0.291134 0.019135 0.115021 0.002232
0 0.670750 0.187132 0.018334 0.039220 0.001777
5 0.460080 0.230308 0.014367 0.069117 0.001085
9 0.665489 0.286693 0.032726 0.121859 0.001061
