8 0.173075 0.304279 0.054409 0.259640 0.952809
8 0.377524 0.231251 0.087863 0.404206 0.941894
6 0.385531 0.394980 0.027261 0.036110 0.933063
0 0.433292 0.414887 0.024869 0.092222 0.922193
0 0.475022 0.407060 0.020806 0.101417 0.914269
6 0.401886 0.388872 0.015328 0.031233 0.901317
9 0.217871 0.412525 0.008652 0.026259 0.895350
6 0.335289 0.394498 0.014306 0.023573 0.892971
6 0.358121 0.382120 0.017327 0.047308 0.884126
6 0.456094 0.389277 0.020833 0.022184 0.874957
8 0.426312 0.308060 0.038026 0.175354 0.871095
5 0.232002 0.405186 0.009499 0.023832 0.789594
6 0.317086 0.394357 0.019526 0.033851 0.691603
0 0.293020 0.396378 0.006646 0.026841 0.507461
6 0.376011 0.381853 0.016512 0.043934 0.325605
4 0.438363 0.362387 0.008912 0.012857 0.214556
4 0.863708 0.194802 0.030714 0.094957 0.013810
0 0.232171 0.405835 0.010414 0.023250 0.011326
0 0.295537 0.397143 0.006023 0.026392 0.005970
5 0.217674 0.412057 0.008844 0.026835 0.003455
9 0.225302 0.406690 0.006316 0.023344 0.002870
6 0.382860 0.392012 0.025655 0.033930 0.002516
9 0.232171 0.405835 0.010414 0.023250 0.002379
0 0.300756 0.397586 0.007752 0.025671 0.002211
0 0.230815 0.404001 0.009507 0.025968 0.002160
6 0.369579 0.382562 0.010444 0.044782 0.001837
6 0.426162 0.308430 0.038315 0.175715 0.001518
6 0.232002 0.405186 0.009499 0.023832 0.001481
5 0.234890 0.404787 0.012489 0.024195 0.001478
6 0.474350 0.403828 0.020796 0.095037 0.001171
8 0.160998 0.313371 0.032162 0.243705 0.001001
