6 0.562635 0.590963 0.191893 0.266869 0.969542
6 0.302094 0.452585 0.102203 0.080939 0.949168
4 0.321406 0.327122 0.042633 0.048182 0.916018
6 0.375255 0.446202 0.029749 0.046821 0.913561
6 0.475798 0.522775 0.077362 0.145688 0.911447
6 0.249515 0.423041 0.042002 0.084391 0.904139
0 0.433405 0.453959 0.010130 0.049089 0.874201
4 0.619475 0.269483 0.090148 0.178790 0.862018
8 0.107644 0.228104 0.098805 0.445094 0.714240
6 0.764030 0.536410 0.137457 0.085999 0.525469
4 0.343159 0.404667 0.008988 0.017464 0.282759
0 0.487351 0.440888 0.014209 0.022094 0.110564
6 0.764344 0.523715 0.136228 0.059782 0.035261
6 0.642760 0.525820 0.088201 0.100713 0.022335
4 0.107495 0.227078 0.099671 0.445985 0.004773
6 0.576690 0.518220 0.212816 0.123081 0.002198
8 0.426624 0.376410 0.023831 0.134990 0.001925
6 0.622148 0.520836 0.130541 0.112715 0.001646
6 0.369634 0.439737 0.018894 0.035967 0.001326
0 0.488599 0.442005 0.019413 0.022795 0.001177
