0 0.937201 0.126260 0.061378 0.245343 0.955662
0 0.814774 0.080787 0.053781 0.161544 0.948429
0 0.884339 0.099619 0.060335 0.197297 0.946476
0 0.735425 0.043762 0.039017 0.087494 0.942263
0 0.980925 0.047686 0.036152 0.095372 0.885848
0 0.984128 0.219915 0.031743 0.176130 0.859955
0 0.983123 0.151973 0.033397 0.303947 0.204962
2 0.865093 0.798412 0.082513 0.225473 0.009467
0 0.651362 0.009449 0.017147 0.017647 0.003285
0 0.994657 0.072364 0.010109 0.052397 0.001725
4 0.394738 0.575436 0.006511 0.017910 0.001071
