2 0.494874 0.644351 0.052359 0.092910 0.945098
0 0.792864 0.486109 0.025517 0.120061 0.938166
0 0.955235 0.509872 0.035456 0.167751 0.934302
0 0.736533 0.470339 0.031546 0.123166 0.929279
8 0.566975 0.345403 0.017222 0.061247 0.907207
0 0.900931 0.504254 0.028376 0.140157 0.901265
0 0.830654 0.489068 0.029308 0.136131 0.860781
0 0.334930 0.398539 0.012803 0.021874 0.845837
0 0.915514 0.511311 0.020264 0.122695 0.842834
0 0.463878 0.409719 0.012320 0.021762 0.735221
0 0.840021 0.482202 0.021809 0.152097 0.394087
0 0.991062 0.491417 0.016803 0.224248 0.067708
0 0.463728 0.421053 0.013368 0.042608 0.066230
0 0.921320 0.455795 0.012407 0.057091 0.065065
0 0.815374 0.498319 0.022125 0.102640 0.038747
0 0.918941 0.460220 0.012497 0.047361 0.016058
0 0.841140 0.463301 0.020203 0.116132 0.007465
0 0.840778 0.442525 0.019636 0.074011 0.003580
0 0.323882 0.429890 0.014806 0.046212 0.002600
0 0.917929 0.469683 0.014100 0.037963 0.002461
8 0.718259 0.527834 0.009583 0.010892 0.001931
