0 0.945287 0.459812 0.105323 0.453921 0.964243
2 0.302238 0.297428 0.107316 0.153891 0.962608
0 0.120567 0.189086 0.036993 0.184087 0.935055
2 0.744102 0.592160 0.174185 0.317509 0.922993
0 0.832276 0.398479 0.069491 0.360149 0.910764
0 0.042779 0.169698 0.038895 0.183495 0.885721
0 0.075605 0.166534 0.034318 0.197471 0.873972
0 0.790260 0.497126 0.089775 0.487240 0.635265
0 0.810489 0.419402 0.077198 0.379934 0.002941
0 0.304038 0.218130 0.009735 0.009773 0.002924
0 0.055221 0.153620 0.012640 0.080771 0.001394
