2 0.729030 0.958882 0.031331 0.082237 0.930368
2 0.097140 0.819880 0.033916 0.057571 0.928643
0 0.904612 0.311626 0.024391 0.067515 0.915487
0 0.858184 0.329425 0.015587 0.038393 0.900478
0 0.824723 0.332148 0.014054 0.044710 0.887990
0 0.274681 0.448915 0.011149 0.044722 0.883299
0 0.644216 0.368084 0.011594 0.033257 0.882678
0 0.209688 0.465320 0.012961 0.027007 0.859635
0 0.544999 0.401001 0.011517 0.033254 0.847667
0 0.764839 0.340588 0.015697 0.042748 0.834789
0 0.951370 0.318988 0.013359 0.048039 0.832506
0 0.941269 0.321507 0.016540 0.044030 0.829130
0 0.739946 0.356494 0.010614 0.020248 0.757503
0 0.296381 0.447743 0.012872 0.040892 0.683971
0 0.229151 0.463439 0.007716 0.026486 0.258011
0 0.964454 0.316976 0.015491 0.050847 0.195049
2 0.428196 0.391740 0.023724 0.027277 0.163772
0 0.760714 0.345680 0.010651 0.033735 0.101024
0 0.550149 0.401340 0.016369 0.032696 0.055805
0 0.962152 0.318797 0.014616 0.047355 0.045900
0 0.206173 0.463567 0.011776 0.029296 0.016148
0 0.639467 0.367539 0.011291 0.039583 0.007703
0 0.203962 0.465297 0.013416 0.025995 0.006687
0 0.227693 0.463915 0.009218 0.026722 0.004640
0 0.552876 0.400580 0.014803 0.032520 0.001230
0 0.091066 0.471136 0.005478 0.045104 0.001192
0 0.855859 0.329643 0.014843 0.035848 0.001142
0 0.978898 0.325109 0.019325 0.045990 0.001102
0 0.974490 0.322332 0.012564 0.040466 0.001019
0 0.971738 0.321768 0.008941 0.040218 0.001014
