2 0.705561 0.770535 0.015467 0.039896 0.913373
0 0.023250 0.314538 0.019682 0.089372 0.906592
2 0.692737 0.052638 0.029115 0.051585 0.894655
0 0.008537 0.322789 0.015338 0.083252 0.887199
2 0.509926 0.287734 0.014380 0.029213 0.825046
2 0.915265 0.020987 0.053893 0.041973 0.747636
2 0.700701 0.051554 0.013455 0.050583 0.147433
2 0.527939 0.572569 0.019920 0.046219 0.142171
2 0.607448 0.112567 0.014228 0.035145 0.046022
0 0.692630 0.053020 0.028816 0.051304 0.005419
0 0.700750 0.051361 0.013310 0.049486 0.001350
