0 0.616681 0.703129 0.104543 0.590132 0.958795
0 0.758301 0.645703 0.078812 0.478086 0.958685
0 0.515100 0.736672 0.094818 0.522213 0.953776
0 0.647719 0.593757 0.067904 0.371993 0.939266
0 0.023105 0.650688 0.046118 0.316337 0.918354
0 0.264499 0.647332 0.101541 0.367060 0.795926
0 0.283236 0.646485 0.068613 0.365531 0.748521
0 0.167438 0.458379 0.014436 0.032987 0.309338
0 0.491765 0.435248 0.012691 0.028217 0.211812
4 0.725311 0.653291 0.033800 0.092419 0.037160
0 0.515302 0.441644 0.013137 0.034701 0.020165
0 0.242193 0.647154 0.056745 0.369350 0.014170
0 0.456284 0.429964 0.009311 0.021838 0.001443
0 0.220237 0.448029 0.006409 0.022923 0.001274
0 0.409696 0.441123 0.009624 0.021854 0.001131
