0 0.667554 0.327608 0.055431 0.186843 0.955094
0 0.335674 0.261035 0.068114 0.349085 0.951049
5 0.417459 0.395878 0.054015 0.123187 0.938274
0 0.461783 0.295050 0.029820 0.149988 0.922340
5 0.843516 0.400052 0.032540 0.048414 0.900381
0 0.376354 0.227943 0.015505 0.072714 0.886222
0 0.954882 0.430313 0.021461 0.045451 0.882318
0 0.416173 0.362256 0.052292 0.182557 0.879367
0 0.292214 0.198247 0.016864 0.079317 0.869727
0 0.876483 0.399677 0.015434 0.037268 0.868159
0 0.167812 0.161229 0.010836 0.063159 0.851143
0 0.992256 0.439371 0.015488 0.044475 0.848850
0 0.065190 0.139959 0.011043 0.045797 0.847350
0 0.196396 0.164840 0.016655 0.079964 0.845072
0 0.080044 0.137338 0.014456 0.078318 0.839599
0 0.203870 0.187119 0.011296 0.049932 0.809649
0 0.270387 0.193162 0.015129 0.073562 0.793764
0 0.276278 0.210105 0.009318 0.049638 0.790564
0 0.211525 0.168619 0.013978 0.070070 0.771074
0 0.177637 0.157773 0.009676 0.054147 0.759928
0 0.046679 0.128694 0.013034 0.059357 0.700526
0 0.406401 0.233482 0.019625 0.085402 0.700193
0 0.594769 0.307043 0.011120 0.024752 0.669093
0 0.700719 0.344562 0.009044 0.026947 0.661413
0 0.233329 0.180476 0.017677 0.074474 0.519460
0 0.622363 0.305152 0.014593 0.059889 0.421456
0 0.297990 0.214535 0.012983 0.042763 0.401371
0 0.267372 0.197954 0.010498 0.055311 0.381031
0 0.106056 0.146966 0.011390 0.051702 0.369032
0 0.260417 0.196962 0.007973 0.041107 0.182594
0 0.248118 0.192477 0.009690 0.039703 0.131496
0 0.305224 0.213657 0.007671 0.033938 0.081225
0 0.210995 0.177656 0.011537 0.064772 0.068692
0 0.246997 0.188730 0.009153 0.045676 0.038808
0 0.201135 0.165568 0.015218 0.074324 0.037576
0 0.249567 0.188082 0.009551 0.036626 0.036560
5 0.401254 0.384755 0.023078 0.101445 0.025217
0 0.711211 0.348656 0.011569 0.026102 0.023508
0 0.204310 0.146485 0.009098 0.035289 0.023248
0 0.208747 0.168725 0.012898 0.072519 0.017644
0 0.289766 0.206363 0.013248 0.058243 0.014221
0 0.709199 0.347117 0.010105 0.025868 0.013673
0 0.204257 0.138367 0.008095 0.026958 0.012826
0 0.306137 0.214007 0.007749 0.039328 0.011953
0 0.271419 0.201419 0.014470 0.064737 0.010986
0 0.202029 0.185358 0.012716 0.045750 0.009508
0 0.262141 0.197440 0.007675 0.045815 0.008241
0 0.304069 0.204405 0.006871 0.028422 0.006856
0 0.195044 0.173980 0.013565 0.057445 0.006371
0 0.654300 0.330075 0.008726 0.018558 0.006282
0 0.250215 0.193864 0.010309 0.041178 0.005810
0 0.256958 0.192344 0.007191 0.036334 0.005731
0 0.704617 0.344643 0.008398 0.026412 0.005556
0 0.197829 0.181760 0.014303 0.045782 0.004350
0 0.169552 0.159162 0.009807 0.057793 0.003908
0 0.179408 0.157078 0.010735 0.053302 0.003876
0 0.271563 0.173549 0.014415 0.034750 0.003567
0 0.237180 0.183673 0.012545 0.063245 0.003518
0 0.259712 0.187393 0.007284 0.039700 0.003354
0 0.416773 0.395101 0.053393 0.123459 0.002907
7 0.384705 0.254521 0.009061 0.021505 0.002516
0 0.247354 0.179712 0.009866 0.048979 0.002474
0 0.247022 0.198319 0.010163 0.040279 0.002254
0 0.222946 0.169818 0.008158 0.030135 0.002197
0 0.194911 0.157699 0.012975 0.066541 0.002023
0 0.597698 0.307050 0.012100 0.024082 0.001640
0 0.304243 0.210205 0.011483 0.039939 0.001636
5 0.876114 0.399731 0.016185 0.037663 0.001301
0 0.258793 0.194095 0.009625 0.039582 0.001262
0 0.232948 0.148038 0.010177 0.027327 0.001236
