2 0.586601 0.414134 0.071349 0.110893 0.943374
2 0.022681 0.409061 0.044838 0.060955 0.925682
2 0.134188 0.678428 0.024242 0.093032 0.881566
2 0.717090 0.297845 0.059271 0.085196 0.858506
2 0.891026 0.344932 0.059142 0.126359 0.394649
2 0.038839 0.700503 0.027892 0.115297 0.251045
2 0.993235 0.333500 0.012888 0.077090 0.218370
2 0.972397 0.732307 0.054551 0.148882 0.063111
2 0.891025 0.324243 0.058501 0.083943 0.054899
2 0.907740 0.460542 0.035254 0.065645 0.007178
2 0.907495 0.474704 0.035975 0.095593 0.001686
2 0.993712 0.317079 0.012037 0.043949 0.001456
2 0.005910 0.417758 0.011821 0.083340 0.001440
2 0.891431 0.384959 0.060171 0.204500 0.001116
