4 0.603906 0.823408 0.172395 0.305174 0.950532
6 0.941760 0.936711 0.114819 0.081540 0.941744
6 0.783480 0.890995 0.146056 0.101408 0.936792
0 0.203758 0.717896 0.018424 0.077957 0.862173
6 0.984217 0.964758 0.031393 0.070485 0.816046
0 0.272422 0.742685 0.026481 0.080196 0.808973
5 0.364018 0.822278 0.063989 0.097991 0.776861
5 0.380616 0.832533 0.030365 0.076503 0.693322
5 0.272719 0.758480 0.027296 0.050815 0.478470
5 0.216389 0.738884 0.013886 0.046188 0.049513
5 0.272250 0.743268 0.027654 0.081723 0.033660
6 0.997754 0.911600 0.004029 0.021506 0.019738
4 0.586048 0.689714 0.007618 0.013966 0.015906
5 0.280483 0.760651 0.016048 0.046286 0.013377
5 0.185289 0.725860 0.016249 0.039713 0.011104
8 0.668558 0.619065 0.038018 0.055798 0.008169
6 0.968905 0.890473 0.060585 0.077839 0.008051
5 0.376813 0.825152 0.038439 0.091844 0.005664
5 0.269512 0.760116 0.023439 0.045179 0.004893
6 0.999893 0.913092 0.000214 0.064400 0.004362
6 0.999946 0.898463 0.000109 0.089637 0.003618
9 0.999358 0.965074 0.001284 0.069852 0.003540
6 0.999703 0.940267 0.000594 0.119466 0.002918
6 0.999358 0.965074 0.001284 0.069852 0.002412
6 0.999863 0.924751 0.000274 0.083550 0.002140
5 0.214192 0.736130 0.014351 0.047629 0.001978
8 0.586048 0.689714 0.007618 0.013966 0.001907
6 0.603591 0.823426 0.170791 0.306374 0.001788
6 0.996816 0.895227 0.005733 0.055643 0.001785
6 0.992666 0.977067 0.014668 0.045866 0.001703
9 0.992666 0.977067 0.014668 0.045866 0.001576
4 0.588107 0.690270 0.010753 0.014716 0.001560
0 0.219236 0.674173 0.006928 0.022745 0.001560
5 0.204505 0.719221 0.019330 0.079080 0.001455
6 0.984703 0.949832 0.030558 0.100336 0.001373
