0 0.294359 0.556905 0.049748 0.177173 0.961433
0 0.403860 0.564243 0.031100 0.097471 0.945030
0 0.160256 0.551677 0.023537 0.084935 0.936914
0 0.783998 0.578417 0.018650 0.075734 0.897520
8 0.353069 0.407272 0.027302 0.387657 0.854404
4 0.009989 0.469861 0.014144 0.022440 0.828090
5 0.782344 0.597242 0.015186 0.038146 0.740757
4 0.009010 0.496684 0.015479 0.087465 0.010346
5 0.781052 0.595431 0.020730 0.035784 0.001511
9 0.000031 0.600020 0.000062 0.113258 0.001199
9 0.000098 0.583379 0.000195 0.101538 0.001086
