0 0.240688 0.468729 0.053727 0.170530 0.960886
8 0.534182 0.341261 0.056310 0.277891 0.955100
8 0.397064 0.373028 0.033610 0.095578 0.953171
8 0.334715 0.273060 0.089579 0.501954 0.950246
6 0.415782 0.459311 0.046385 0.068302 0.939363
0 0.581875 0.443756 0.019243 0.069758 0.898462
6 0.282531 0.480680 0.019392 0.023497 0.883552
0 0.341007 0.474567 0.025867 0.094896 0.855105
0 0.228870 0.477355 0.006392 0.024520 0.725589
0 0.268994 0.479674 0.010651 0.041197 0.614402
0 0.329976 0.474063 0.008695 0.024087 0.290709
0 0.317537 0.471922 0.009585 0.023498 0.289916
0 0.230583 0.476847 0.008302 0.023473 0.062138
0 0.341585 0.484517 0.023052 0.073409 0.059617
8 0.269744 0.400522 0.036630 0.217986 0.047753
6 0.269073 0.480712 0.011202 0.043069 0.018829
6 0.317726 0.472181 0.009474 0.022554 0.011928
8 0.268599 0.370529 0.036751 0.160087 0.009810
0 0.238637 0.417894 0.010137 0.019975 0.005901
0 0.242838 0.409008 0.006856 0.016909 0.004816
0 0.317526 0.480137 0.009520 0.040097 0.003681
0 0.252499 0.405429 0.017833 0.024411 0.003547
0 0.224483 0.477936 0.005959 0.022080 0.002431
5 0.402446 0.478460 0.015412 0.030443 0.002274
6 0.415437 0.476725 0.039120 0.034727 0.001401
6 0.329976 0.474063 0.008695 0.024087 0.001169
0 0.269833 0.484533 0.009246 0.044296 0.001014
