8 0.076759 0.317703 0.146793 0.460448 0.969471
6 0.174880 0.580238 0.072035 0.065095 0.930502
9 0.236460 0.604008 0.022804 0.053391 0.921195
6 0.268880 0.585867 0.039264 0.040690 0.900151
0 0.291907 0.593645 0.014301 0.053641 0.886683
8 0.297833 0.396597 0.078551 0.133406 0.645119
8 0.434290 0.534020 0.033215 0.110848 0.627109
0 0.317431 0.599103 0.010540 0.065073 0.549488
8 0.253910 0.509709 0.039050 0.116967 0.494197
8 0.168635 0.470540 0.051739 0.146445 0.387083
5 0.291676 0.604349 0.014924 0.035811 0.355739
5 0.317892 0.615413 0.011423 0.033780 0.297397
8 0.460817 0.547867 0.031255 0.081522 0.153687
8 0.297991 0.356216 0.077482 0.052404 0.029603
8 0.460573 0.532120 0.030788 0.051993 0.015621
8 0.298001 0.476445 0.079462 0.292481 0.010355
6 0.495951 0.635008 0.014095 0.017650 0.004306
0 0.291676 0.604349 0.014924 0.035811 0.004127
4 0.055461 0.379585 0.042449 0.077424 0.003402
8 0.460401 0.522139 0.030393 0.032033 0.002961
8 0.297849 0.373599 0.078409 0.087708 0.002893
8 0.253934 0.468811 0.039313 0.033145 0.001799
8 0.168780 0.430540 0.051138 0.066954 0.001235
9 0.000153 0.572469 0.000305 0.070654 0.001125
