3 0.185867 0.693788 0.136025 0.421475 0.953423
3 0.478203 0.609936 0.105654 0.244444 0.952292
3 0.422474 0.740836 0.139764 0.482541 0.945573
3 0.365881 0.590641 0.113801 0.223505 0.935524
3 0.027920 0.623688 0.055410 0.166297 0.934161
3 0.112215 0.618752 0.052548 0.153226 0.928873
3 0.309034 0.605205 0.029168 0.120117 0.909543
0 0.747584 0.501875 0.504831 0.975174 0.885597
3 0.756888 0.631518 0.043426 0.272335 0.873848
0 0.176658 0.524314 0.097848 0.309955 0.791864
3 0.136281 0.634050 0.060605 0.284389 0.609029
3 0.272961 0.605989 0.022449 0.117994 0.586840
0 0.237798 0.457722 0.198274 0.910065 0.504359
3 0.758137 0.562233 0.056389 0.085140 0.372651
0 0.160828 0.523712 0.067142 0.311172 0.212188
0 0.232176 0.358861 0.206264 0.649146 0.047230
3 0.123698 0.610683 0.072031 0.225512 0.031072
3 0.762876 0.558371 0.040811 0.078864 0.022240
3 0.149601 0.636583 0.070286 0.317644 0.005378
3 0.139055 0.597333 0.052173 0.208443 0.002406
3 0.000000 0.632090 0.000000 0.250321 0.001538
3 0.755351 0.575196 0.049673 0.063118 0.001295
3 0.000000 0.580466 0.000000 0.244221 0.001063
