4 0.372970 0.441706 0.056183 0.098708 0.962506
4 0.550179 0.167502 0.078379 0.217592 0.944335
5 0.161889 0.699411 0.040592 0.048282 0.919100
6 0.011391 0.775279 0.022781 0.144168 0.906957
5 0.189283 0.696821 0.031998 0.047246 0.898471
9 0.336193 0.677592 0.007591 0.021662 0.635642
9 0.345247 0.677479 0.008441 0.024935 0.599506
9 0.328771 0.676502 0.008386 0.020567 0.595515
9 0.000000 0.768280 0.000000 0.133558 0.097226
9 0.000000 0.755047 0.000000 0.095515 0.060283
9 0.322418 0.669994 0.008910 0.021499 0.041857
9 0.324424 0.675444 0.007946 0.021587 0.025475
9 0.346874 0.677064 0.008553 0.027687 0.019012
5 0.217796 0.679371 0.020229 0.033693 0.013409
9 0.000000 0.734545 0.000000 0.053379 0.012309
9 0.319963 0.664637 0.011825 0.015621 0.009641
6 0.000000 0.766887 0.000000 0.162506 0.008766
5 0.871413 0.738599 0.032746 0.063334 0.005154
2 0.274712 0.454925 0.009723 0.042620 0.003980
4 0.893397 0.664905 0.017575 0.031268 0.003908
9 0.000000 0.786393 0.000000 0.095235 0.002836
9 0.000053 0.752588 0.000107 0.112812 0.002070
4 0.373591 0.637965 0.057611 0.441174 0.001336
6 0.000000 0.755047 0.000000 0.095515 0.001142
8 0.274712 0.454925 0.009723 0.042620 0.001042
