6 0.498594 0.305419 0.302761 0.200241 0.959456
5 0.151633 0.447056 0.302452 0.398016 0.957147
6 0.250710 0.206454 0.056116 0.047058 0.893238
6 0.036280 0.210172 0.072559 0.132012 0.853380
4 0.377504 0.161142 0.018714 0.037157 0.831769
6 0.216614 0.210171 0.024440 0.041228 0.305912
0 0.217040 0.203724 0.022167 0.053054 0.253858
4 0.333561 0.187453 0.008854 0.014255 0.081569
5 0.216315 0.211394 0.023823 0.038727 0.017368
0 0.290956 0.209916 0.015729 0.041136 0.008852
0 0.216630 0.211540 0.023451 0.040085 0.003658
6 0.393936 0.214162 0.023663 0.023751 0.002340
6 0.026084 0.392844 0.051531 0.167336 0.002281
5 0.000000 0.343944 0.000000 0.140936 0.001659
6 0.040436 0.236780 0.080871 0.184008 0.001517
6 0.025486 0.374647 0.050150 0.236056 0.001465
5 0.000000 0.413187 0.000000 0.128823 0.001375
11 0.151368 0.447573 0.302018 0.396429 0.001244
9 0.000000 0.236136 0.000000 0.105702 0.001007
6 0.000000 0.396259 0.000000 0.212691 0.001005
