0 0.702020 0.820435 0.101713 0.356151 0.964379
0 0.800895 0.806646 0.114789 0.385261 0.963716
8 0.270286 0.753653 0.038431 0.197989 0.903627
0 0.211795 0.858519 0.014948 0.065389 0.896601
4 0.498935 0.533645 0.116810 0.219684 0.895232
6 0.008216 0.952990 0.016432 0.094021 0.884499
6 0.402407 0.803386 0.023386 0.018304 0.851989
0 0.367281 0.823104 0.013487 0.047484 0.828090
5 0.368964 0.834202 0.017052 0.033095 0.783426
4 0.322051 0.778649 0.015643 0.032435 0.776276
4 0.262325 0.781734 0.022283 0.047965 0.605355
4 0.463168 0.722325 0.025511 0.054673 0.529982
8 0.024246 0.683401 0.043442 0.453835 0.224511
0 0.331374 0.821611 0.006278 0.024615 0.088030
0 0.435837 0.797931 0.008385 0.030662 0.075938
6 0.303097 0.826451 0.019079 0.025319 0.043673
0 0.369449 0.823274 0.013923 0.042986 0.038927
0 0.317904 0.823690 0.007291 0.019359 0.016176
9 0.000173 0.933246 0.000347 0.090842 0.010022
8 0.270259 0.689271 0.037824 0.067836 0.009304
8 0.450339 0.739155 0.044264 0.160753 0.007995
9 0.000080 0.914239 0.000160 0.095385 0.007625
9 0.000000 0.956249 0.000000 0.087501 0.007019
6 0.316803 0.824088 0.007471 0.019073 0.006793
6 0.000540 0.933807 0.001079 0.132386 0.006724
0 0.352636 0.814113 0.005311 0.025865 0.006322
8 0.323048 0.782848 0.015607 0.043998 0.005558
6 0.413626 0.795802 0.010508 0.023259 0.004570
8 0.498590 0.533222 0.117860 0.220482 0.003751
6 0.000000 0.895314 0.000000 0.209372 0.003575
6 0.300482 0.828438 0.023338 0.027373 0.003261
9 0.000014 0.897987 0.000028 0.099670 0.003175
6 0.410081 0.800110 0.014006 0.021127 0.002952
9 0.000493 0.968731 0.000986 0.062538 0.002755
4 0.344281 0.012702 0.065200 0.025404 0.002691
8 0.328836 0.762216 0.022983 0.128068 0.001659
8 0.261740 0.802303 0.020270 0.087334 0.001438
0 0.369026 0.818653 0.011468 0.053029 0.001345
8 0.412186 0.299665 0.207335 0.582909 0.001252
6 0.004032 0.946849 0.008064 0.096474 0.001058
0 0.353387 0.817370 0.006428 0.026434 0.001047
5 0.211732 0.858422 0.013668 0.062925 0.001046
4 0.323048 0.782848 0.015607 0.043998 0.001021
