0 0.211537 0.819192 0.054817 0.220178 0.958679
0 0.599401 0.795326 0.037670 0.167000 0.949056
0 0.455060 0.805220 0.030306 0.153363 0.935673
0 0.393830 0.828098 0.050425 0.194222 0.933856
0 0.520655 0.799860 0.029448 0.150676 0.932677
0 0.408183 0.799085 0.033294 0.178751 0.927244
0 0.133314 0.830971 0.057061 0.248431 0.916437
6 0.658795 0.777400 0.068064 0.060595 0.900137
0 0.300480 0.808942 0.041001 0.207483 0.884792
0 0.260670 0.824384 0.017951 0.071875 0.884173
0 0.329177 0.827491 0.024484 0.066399 0.849995
6 0.105266 0.813946 0.022181 0.032231 0.795935
6 0.048921 0.808139 0.021107 0.022255 0.330201
6 0.370744 0.796064 0.017722 0.044603 0.128735
6 0.498188 0.787924 0.025842 0.051333 0.040088
7 0.738909 0.877370 0.028012 0.041098 0.039262
0 0.279852 0.837035 0.014668 0.043487 0.023930
6 0.370899 0.777601 0.017384 0.083703 0.009368
6 0.058946 0.811105 0.045884 0.030286 0.006159
6 0.052615 0.809634 0.030541 0.025707 0.005580
7 0.755204 0.772179 0.010201 0.032307 0.004899
0 0.467231 0.804250 0.008939 0.080321 0.003555
0 0.286189 0.837912 0.024938 0.042657 0.002958
0 0.131149 0.884198 0.053036 0.139804 0.002427
6 0.442785 0.788818 0.009982 0.034668 0.001680
9 0.442785 0.788818 0.009982 0.034668 0.001469
3 0.286723 0.837820 0.025091 0.042599 0.001335
0 0.275363 0.834851 0.015419 0.044205 0.001118
