0 0.159718 0.498971 0.086750 0.255484 0.958473
0 0.965551 0.421822 0.053508 0.215814 0.941701
9 0.307883 0.491953 0.038524 0.061745 0.919385
0 0.853281 0.420840 0.021203 0.108346 0.918063
6 0.558714 0.428804 0.043734 0.029511 0.810934
6 0.451289 0.438690 0.035835 0.022982 0.768667
6 0.934247 0.396116 0.059463 0.030700 0.703593
6 0.493903 0.439793 0.051249 0.034720 0.622115
0 0.995057 0.409172 0.009887 0.186981 0.564154
0 0.995022 0.376031 0.009912 0.119817 0.509920
6 0.484476 0.440606 0.032841 0.031271 0.329038
6 0.822166 0.410508 0.028349 0.022071 0.252154
0 0.995147 0.414963 0.009706 0.200334 0.071513
6 0.995161 0.413262 0.009678 0.195909 0.009628
6 0.504409 0.453653 0.072374 0.061012 0.006584
6 0.994921 0.373920 0.010159 0.115877 0.005340
0 0.991234 0.417654 0.017533 0.208300 0.003478
6 0.979632 0.377029 0.038760 0.046782 0.002295
2 0.995161 0.413262 0.009678 0.195909 0.001690
0 0.726407 0.415990 0.008517 0.015168 0.001298
6 0.509898 0.460083 0.061255 0.062763 0.001275
