6 0.219937 0.111884 0.192626 0.164819 0.951644
6 0.442098 0.083413 0.118789 0.106678 0.945323
5 0.382667 0.330900 0.243122 0.324123 0.939710
0 0.946278 0.129499 0.038750 0.157937 0.935675
6 0.316089 0.221277 0.370729 0.285111 0.934497
6 0.553969 0.136733 0.213682 0.189539 0.923684
5 0.672196 0.206710 0.170815 0.241622 0.914562
6 0.733905 0.087866 0.079992 0.082842 0.893980
5 0.123545 0.567926 0.244348 0.435886 0.861213
5 0.810435 0.151114 0.085599 0.102702 0.647709
6 0.804449 0.077034 0.052218 0.060188 0.200414
5 0.870172 0.138747 0.061830 0.101261 0.094526
5 0.730709 0.165510 0.162502 0.140607 0.048804
6 0.626442 0.079593 0.069294 0.073718 0.029597
4 0.944098 0.003850 0.009405 0.007699 0.027316
6 0.808002 0.088688 0.060176 0.079034 0.017190
5 0.557463 0.288724 0.170862 0.315966 0.011691
6 0.148705 0.402546 0.295429 0.413799 0.006723
5 0.756656 0.166858 0.110788 0.139509 0.004983
5 0.898588 0.127886 0.077658 0.133245 0.004173
5 0.035951 0.587688 0.070603 0.099305 0.003721
5 0.436322 0.315957 0.134867 0.351073 0.003546
5 0.706682 0.164855 0.216170 0.154244 0.003513
5 0.024971 0.589318 0.048947 0.097443 0.002665
5 0.000000 0.639037 0.000000 0.099291 0.002603
9 0.000000 0.286072 0.000000 0.093951 0.002386
9 0.000019 0.299142 0.000039 0.127553 0.002346
5 0.902842 0.143065 0.069388 0.103555 0.002074
5 0.878505 0.119643 0.066686 0.127703 0.002067
4 0.309377 0.010799 0.015678 0.016329 0.002024
11 0.671359 0.209827 0.174383 0.238135 0.001927
5 0.036121 0.562993 0.070299 0.145589 0.001866
9 0.000000 0.416203 0.000000 0.119452 0.001717
5 0.000000 0.653800 0.000000 0.108877 0.001548
6 0.175464 0.356295 0.350616 0.378531 0.001532
9 0.000000 0.269172 0.000000 0.063682 0.001501
8 0.944643 0.003718 0.009318 0.007437 0.001471
5 0.000000 0.269172 0.000000 0.063682 0.001471
11 0.123993 0.556917 0.244031 0.459515 0.001451
5 0.853543 0.139381 0.093902 0.102662 0.001364
6 0.671359 0.209827 0.174383 0.238135 0.001286
5 0.000000 0.600457 0.000000 0.078220 0.001268
0 0.452834 0.022893 0.010289 0.017137 0.001198
6 0.897515 0.129350 0.077655 0.129302 0.001151
5 0.014418 0.591848 0.027533 0.098436 0.001150
5 0.000000 0.286072 0.000000 0.093951 0.001119
5 0.000003 0.249216 0.000007 0.068334 0.001080
9 0.000022 0.210405 0.000044 0.102449 0.001061
5 0.000019 0.299142 0.000039 0.127553 0.001011
9 0.559437 0.295847 0.135699 0.319075 0.001001
