0 0.345073 0.518559 0.408506 0.962044 0.960115
6 0.272675 0.681323 0.050834 0.048596 0.872663
6 0.309109 0.680560 0.034200 0.042066 0.857095
6 0.468841 0.675681 0.042300 0.041678 0.824945
8 0.657501 0.073430 0.117659 0.082036 0.692126
6 0.509594 0.672957 0.050881 0.043186 0.617494
8 0.027303 0.136734 0.054532 0.064489 0.574606
8 0.592526 0.164154 0.092094 0.054933 0.525432
8 0.208429 0.042051 0.120582 0.082225 0.414485
8 0.238252 0.143698 0.085842 0.060522 0.358197
6 0.012830 0.695160 0.025659 0.041964 0.005159
0 0.998263 0.690597 0.003473 0.253551 0.001011
