2 0.448987 0.382726 0.060411 0.082589 0.952476
2 0.529339 0.551186 0.085603 0.183518 0.949735
0 0.099931 0.101565 0.042962 0.119308 0.774028
8 0.062802 0.316119 0.046121 0.074228 0.703956
0 0.305068 0.069342 0.031827 0.138685 0.487418
0 0.168364 0.040153 0.016701 0.056155 0.358157
4 0.273531 0.092228 0.013216 0.063389 0.162446
0 0.091166 0.098559 0.021105 0.115697 0.028569
0 0.107085 0.073409 0.028306 0.061124 0.016991
4 0.270270 0.092621 0.019444 0.061811 0.011692
0 0.106779 0.084897 0.029521 0.084870 0.005154
4 0.245452 0.018845 0.018086 0.029950 0.002582
4 0.158967 0.078147 0.010428 0.024256 0.001879
5 0.158948 0.078036 0.010606 0.024707 0.001689
0 0.524642 0.095020 0.007596 0.023100 0.001375
0 0.158948 0.078036 0.010606 0.024707 0.001119
