1 0.741052 0.396999 0.078899 0.132809 0.958240
2 0.092760 0.710950 0.024987 0.039418 0.904549
2 0.784819 0.396850 0.022668 0.050740 0.891136
2 0.285252 0.624076 0.026176 0.038458 0.884022
2 0.177863 0.664873 0.034398 0.050656 0.878970
2 0.870454 0.398746 0.023377 0.033558 0.800729
2 0.636357 0.473678 0.025494 0.048936 0.610761
2 0.486591 0.538106 0.018259 0.037834 0.022911
0 0.714662 0.390567 0.024043 0.046968 0.002163
2 0.996426 0.338671 0.007148 0.043135 0.002070
2 0.165792 0.647953 0.009378 0.017358 0.001336
2 0.999460 0.338011 0.001079 0.050171 0.001258
