6 0.484798 0.374895 0.304931 0.271254 0.967769
6 0.164247 0.449204 0.328334 0.442084 0.963767
5 0.334672 0.543576 0.317295 0.516586 0.962927
5 0.437370 0.510614 0.252833 0.404187 0.961156
6 0.701750 0.361042 0.177938 0.189517 0.955773
6 0.259594 0.268764 0.305060 0.211713 0.954986
6 0.820627 0.362479 0.107992 0.121615 0.951080
6 0.561012 0.267502 0.162454 0.178816 0.950425
6 0.924293 0.303449 0.090226 0.134220 0.946811
5 0.975302 0.361092 0.024025 0.058067 0.149186
3 0.924485 0.303652 0.089973 0.133921 0.003071
0 0.701265 0.360607 0.177628 0.190719 0.001601
3 0.701265 0.360607 0.177628 0.190719 0.001548
5 0.701265 0.360607 0.177628 0.190719 0.001321
