0 0.106629 0.540769 0.066435 0.203015 0.925216
5 0.129328 0.592491 0.129275 0.170842 0.836195
2 0.996488 0.437938 0.007015 0.047656 0.039126
8 0.179505 0.342741 0.050761 0.467263 0.017994
8 0.169137 0.365613 0.074375 0.510477 0.005784
5 0.996488 0.437938 0.007015 0.047656 0.003768
0 0.997530 0.437320 0.004939 0.050420 0.003736
4 0.996488 0.437938 0.007015 0.047656 0.002271
6 0.113593 0.566691 0.146705 0.188518 0.001509
3 0.996523 0.438359 0.006706 0.048665 0.001481
6 0.997530 0.437320 0.004939 0.050420 0.001228
3 0.997530 0.437320 0.004939 0.050420 0.001050
