0 0.657810 0.532413 0.241494 0.809919 0.961410
3 0.251379 0.617357 0.149994 0.233266 0.959488
6 0.558774 0.670936 0.048270 0.048634 0.904741
6 0.756070 0.671853 0.048368 0.045788 0.894169
6 0.798141 0.670579 0.056705 0.057008 0.889957
6 0.322725 0.674287 0.033294 0.042853 0.825199
8 0.951079 0.032239 0.097841 0.063592 0.583150
8 0.892528 0.131915 0.093987 0.051799 0.581479
6 0.720767 0.667405 0.038693 0.051900 0.385215
8 0.238615 0.076780 0.129671 0.070187 0.204440
8 0.320729 0.166844 0.091582 0.055421 0.163690
8 0.525280 0.154776 0.088606 0.049893 0.137127
8 0.498149 0.058585 0.107345 0.074692 0.030349
