8 0.402574 0.342989 0.056427 0.282259 0.960988
8 0.263525 0.402212 0.035606 0.163166 0.941177
6 0.198530 0.469965 0.045806 0.064522 0.924957
0 0.094698 0.479293 0.011235 0.043417 0.873425
6 0.116746 0.482273 0.016591 0.025701 0.836133
0 0.130333 0.485708 0.009706 0.030665 0.710453
6 0.151971 0.475083 0.014617 0.030328 0.137305
8 0.195358 0.265588 0.095968 0.505776 0.017045
6 0.103805 0.482540 0.007548 0.026056 0.008851
6 0.129062 0.483970 0.011687 0.031918 0.005351
0 0.102822 0.481863 0.006629 0.026644 0.002320
0 0.130120 0.482094 0.011389 0.035490 0.001758
0 0.152194 0.475516 0.013803 0.031054 0.001427
5 0.152396 0.475019 0.014296 0.029798 0.001294
0 0.116577 0.482496 0.016427 0.025972 0.001013
