0 0.736043 0.544464 0.068074 0.243888 0.949884
0 0.406962 0.595533 0.064510 0.118761 0.949375
0 0.560142 0.518693 0.062016 0.281813 0.926510
0 0.893277 0.554733 0.138338 0.561011 0.924521
5 0.300997 0.536678 0.041923 0.125238 0.916362
0 0.188492 0.551972 0.018506 0.066526 0.901658
0 0.389973 0.508380 0.011549 0.057750 0.883400
0 0.409619 0.507271 0.014238 0.063224 0.882049
0 0.421414 0.481423 0.013652 0.058707 0.880560
0 0.181449 0.476260 0.013775 0.055767 0.880384
5 0.059431 0.589739 0.016754 0.046769 0.879955
0 0.258940 0.469822 0.013863 0.059676 0.876314
5 0.020577 0.596861 0.023328 0.049329 0.874975
5 0.039235 0.593947 0.019512 0.046493 0.873050
0 0.232676 0.458938 0.011964 0.058387 0.865229
0 0.269958 0.456982 0.010363 0.051108 0.859983
5 0.077556 0.587322 0.016119 0.046937 0.859687
0 0.391154 0.432774 0.009629 0.047817 0.851359
0 0.983072 0.384493 0.015218 0.063853 0.844042
0 0.825178 0.421688 0.011710 0.066065 0.824579
5 0.006894 0.600511 0.013788 0.045615 0.821316
0 0.667226 0.465254 0.009690 0.044822 0.816222
0 0.364476 0.442965 0.012177 0.040605 0.806471
0 0.194603 0.500625 0.013570 0.035108 0.796894
0 0.994004 0.390706 0.011992 0.066621 0.772078
0 0.204925 0.548955 0.013463 0.066974 0.711207
0 0.659854 0.464699 0.008820 0.047533 0.588426
0 0.541488 0.444998 0.023451 0.137061 0.388233
0 0.220990 0.459947 0.010434 0.052246 0.234279
0 0.543933 0.481676 0.013256 0.060409 0.161614
0 0.198231 0.550142 0.007479 0.063714 0.036299
5 0.000000 0.606253 0.000000 0.034758 0.027914
0 0.250706 0.455365 0.007366 0.047306 0.019026
0 0.666317 0.440807 0.008773 0.032168 0.011599
5 0.000009 0.591023 0.000017 0.029855 0.008477
0 0.220240 0.451468 0.010176 0.036090 0.008159
0 0.399859 0.428091 0.009145 0.042781 0.007972
0 0.254442 0.468539 0.008574 0.055878 0.003641
0 0.401248 0.425691 0.008592 0.039327 0.003599
0 0.660734 0.461193 0.010157 0.056941 0.002744
5 0.000000 0.615325 0.000000 0.053239 0.001914
0 0.218952 0.456862 0.009488 0.037143 0.001436
0 0.653940 0.430058 0.007308 0.012310 0.001328
5 0.000992 0.598485 0.001983 0.040229 0.001180
0 0.006035 0.601121 0.012070 0.043675 0.001141
0 0.658156 0.463864 0.010567 0.050670 0.001104
