0 0.185021 0.540587 0.075774 0.291929 0.961941
0 0.439234 0.516065 0.079433 0.232230 0.958706
0 0.043304 0.555273 0.085790 0.314198 0.953320
0 0.594804 0.484963 0.061016 0.278126 0.948739
0 0.228379 0.551158 0.046507 0.147387 0.932445
0 0.066330 0.582854 0.012496 0.045906 0.854976
8 0.126101 0.401007 0.029682 0.043745 0.518623
5 0.228077 0.590594 0.051076 0.087587 0.320074
5 0.121130 0.557147 0.017398 0.023439 0.042791
5 0.066328 0.583980 0.012423 0.045547 0.031380
8 0.471653 0.360027 0.092286 0.532272 0.017083
3 0.228220 0.589605 0.051060 0.090098 0.010216
8 0.126959 0.503299 0.030244 0.247782 0.006564
