4 0.685857 0.368758 0.084305 0.144226 0.949774
6 0.248041 0.776078 0.248010 0.126933 0.938373
6 0.570366 0.794445 0.209738 0.153995 0.936954
0 0.801758 0.811641 0.031591 0.159266 0.935576
8 0.431286 0.668882 0.024234 0.290717 0.923823
0 0.846711 0.820575 0.025092 0.161346 0.922604
5 0.675871 0.937597 0.163827 0.124807 0.911421
5 0.952882 0.946362 0.092420 0.107276 0.873054
5 0.264602 0.942701 0.270624 0.114598 0.636669
5 0.121707 0.958340 0.243414 0.083320 0.401399
5 0.523733 0.929716 0.078094 0.140568 0.075907
4 0.859766 0.657055 0.018819 0.024109 0.063025
5 0.187170 0.959908 0.111537 0.080184 0.032992
5 0.579143 0.922421 0.204083 0.155158 0.021321
5 0.308682 0.942291 0.177309 0.115418 0.019201
6 0.993263 0.781620 0.013351 0.030738 0.014935
2 0.766802 0.975566 0.057061 0.048868 0.011682
5 0.444331 0.930313 0.239095 0.139374 0.010138
4 0.431216 0.669183 0.024411 0.291252 0.008703
5 0.392701 0.934201 0.342701 0.131598 0.007477
5 0.340329 0.942913 0.114336 0.114175 0.004409
5 0.563064 0.930285 0.154319 0.139430 0.002997
5 0.160096 0.959446 0.167430 0.081107 0.002097
6 0.991327 0.785513 0.017346 0.036139 0.001515
5 0.493832 0.929498 0.137867 0.141003 0.001116
