0 0.386829 0.518569 0.402391 0.961621 0.949173
6 0.272438 0.683462 0.051286 0.051538 0.906009
8 0.592417 0.165176 0.093121 0.057922 0.881546
6 0.469338 0.674757 0.043517 0.039588 0.879062
6 0.508984 0.674606 0.048360 0.045953 0.875736
8 0.238343 0.144131 0.085497 0.059980 0.873555
6 0.310084 0.680456 0.034866 0.042358 0.871125
8 0.027711 0.137408 0.055421 0.064662 0.871047
8 0.208912 0.042392 0.118945 0.080610 0.867016
8 0.658038 0.073376 0.116807 0.075048 0.713764
6 0.012576 0.695103 0.025023 0.041684 0.117656
