8 0.402201 0.342296 0.056818 0.281669 0.963991
6 0.532221 0.449378 0.118786 0.119185 0.955827
8 0.263396 0.403001 0.035331 0.162684 0.945965
6 0.240985 0.476523 0.044667 0.056762 0.927607
0 0.183733 0.453869 0.073812 0.268165 0.912814
6 0.210150 0.469189 0.028417 0.039972 0.903543
6 0.111022 0.483600 0.023938 0.025380 0.827920
0 0.132590 0.480515 0.017902 0.038883 0.805487
0 0.080519 0.481009 0.007758 0.032528 0.772296
6 0.152914 0.471410 0.016126 0.023610 0.593440
8 0.124037 0.368224 0.039903 0.173046 0.358234
6 0.132649 0.479451 0.018173 0.038333 0.218234
8 0.195656 0.166935 0.092470 0.308549 0.180869
