0 0.360418 0.728431 0.249734 0.537148 0.972530
6 0.327918 0.697308 0.047684 0.046886 0.893062
7 0.260642 0.560479 0.014719 0.027402 0.887806
8 0.025867 0.059506 0.051735 0.065576 0.483316
8 0.650002 0.183803 0.089138 0.040864 0.419837
6 0.491500 0.691943 0.034140 0.043103 0.327378
6 0.071237 0.708065 0.040870 0.044088 0.122624
6 0.525508 0.694116 0.046437 0.043104 0.114606
8 0.715658 0.088526 0.114155 0.062049 0.088762
8 0.272139 0.068948 0.109600 0.068623 0.056663
6 0.566931 0.691561 0.047471 0.044649 0.053833
8 0.072956 0.166209 0.110018 0.068870 0.034260
8 0.299586 0.172519 0.089330 0.052057 0.022162
