5 0.303063 0.749526 0.208469 0.387199 0.851898
6 0.025394 0.617135 0.050136 0.185242 0.845853
6 0.531532 0.648749 0.417957 0.354590 0.833797
5 0.422219 0.748328 0.283898 0.413790 0.756443
0 0.014884 0.809478 0.028929 0.268282 0.418799
6 0.257558 0.588569 0.247423 0.259987 0.336079
5 0.332825 0.755822 0.147439 0.409113 0.142258
6 0.372571 0.609044 0.476682 0.291065 0.120329
4 0.993443 0.420029 0.011704 0.086602 0.073340
6 0.397692 0.659279 0.653260 0.388915 0.022466
5 0.505964 0.738943 0.114864 0.393630 0.019305
5 0.927264 0.716896 0.144680 0.198833 0.015939
2 0.014804 0.809177 0.029199 0.268459 0.014470
0 0.024468 0.732313 0.047521 0.422966 0.013261
6 0.014646 0.805573 0.029136 0.275223 0.012351
6 0.403724 0.657510 0.400119 0.385370 0.011454
5 0.014572 0.808306 0.029144 0.270304 0.007651
9 0.000000 0.583633 0.000000 0.078641 0.006568
6 0.304920 0.699811 0.211586 0.293958 0.004972
5 0.823924 0.634715 0.219580 0.115640 0.004659
6 0.025722 0.651439 0.050837 0.587047 0.004232
11 0.372571 0.609044 0.476682 0.291065 0.002967
6 0.825107 0.630657 0.223028 0.123740 0.002191
9 0.000000 0.605787 0.000000 0.105015 0.001477
2 0.993443 0.420029 0.011704 0.086602 0.001322
11 0.304920 0.699811 0.211586 0.293958 0.001309
6 0.440337 0.661522 0.247009 0.345521 0.001088
