0 0.644327 0.539633 0.009484 0.053159 0.866482
0 0.537853 0.524561 0.010388 0.050649 0.852641
0 0.633458 0.543302 0.010828 0.057813 0.851417
0 0.146207 0.554771 0.009274 0.037043 0.850676
0 0.670581 0.532046 0.009551 0.055083 0.848371
0 0.460279 0.525214 0.010366 0.037939 0.833256
0 0.746172 0.498575 0.009526 0.043963 0.825849
0 0.263013 0.534744 0.007495 0.026984 0.823880
0 0.470267 0.529754 0.010553 0.041430 0.823274
0 0.427999 0.531715 0.007982 0.041806 0.817397
0 0.089539 0.545476 0.007910 0.028660 0.811911
0 0.555101 0.522584 0.009290 0.041605 0.811580
0 0.580755 0.541735 0.008735 0.056829 0.809972
0 0.073891 0.564911 0.010670 0.028734 0.806735
0 0.572700 0.536851 0.009789 0.049247 0.791125
0 0.506152 0.522935 0.008054 0.039319 0.786791
0 0.598439 0.526163 0.009775 0.045567 0.774758
0 0.604995 0.533285 0.008615 0.053509 0.773950
0 0.491986 0.537882 0.007897 0.053132 0.763989
0 0.135287 0.538491 0.007765 0.030391 0.763394
0 0.477966 0.519815 0.008527 0.033265 0.737595
0 0.417667 0.499840 0.006616 0.028380 0.730452
0 0.059392 0.546945 0.009407 0.034072 0.718175
0 0.095862 0.544663 0.007967 0.029399 0.710814
0 0.051606 0.549932 0.009214 0.032330 0.707413
0 0.655841 0.504288 0.006983 0.039993 0.685405
0 0.674624 0.484144 0.007666 0.023756 0.672361
0 0.722871 0.486930 0.007243 0.040090 0.669235
0 0.340108 0.509861 0.007822 0.027401 0.666298
0 0.387315 0.515659 0.006966 0.036840 0.650529
0 0.779993 0.469134 0.006582 0.018700 0.645215
0 0.589332 0.521059 0.007998 0.036700 0.637762
0 0.563074 0.517588 0.008906 0.030735 0.579269
0 0.483980 0.522894 0.008108 0.026215 0.574161
0 0.626158 0.525924 0.008418 0.039965 0.570517
0 0.681633 0.559623 0.011975 0.031054 0.531818
0 0.698783 0.470461 0.007818 0.028422 0.527004
0 0.618675 0.521435 0.007953 0.037278 0.429201
0 0.701138 0.470667 0.008090 0.029562 0.421563
0 0.666104 0.485144 0.006684 0.023300 0.395732
0 0.561179 0.521516 0.007981 0.038736 0.305717
0 0.036489 0.552140 0.007947 0.030612 0.303909
0 0.695359 0.470801 0.006900 0.026455 0.283343
0 0.356401 0.506623 0.007587 0.025907 0.275108
0 0.603210 0.531585 0.008953 0.052825 0.249451
0 0.495937 0.534877 0.006514 0.057088 0.210291
0 0.655012 0.499339 0.007635 0.041419 0.208693
0 0.683407 0.472198 0.006678 0.026795 0.166170
0 0.557090 0.521237 0.007507 0.038828 0.160704
0 0.604518 0.525890 0.008540 0.046364 0.147715
0 0.497117 0.523955 0.007312 0.040791 0.143554
0 0.325838 0.511325 0.006242 0.022160 0.129724
0 0.357919 0.505980 0.008243 0.027435 0.127719
0 0.606177 0.530342 0.008810 0.049431 0.126842
0 0.494200 0.530350 0.008254 0.051461 0.120808
0 0.107398 0.538978 0.009333 0.030730 0.120760
0 0.619989 0.522457 0.008466 0.039435 0.115037
0 0.564895 0.543184 0.008654 0.027829 0.103981
0 0.623576 0.525119 0.007652 0.039638 0.081287
0 0.621818 0.524257 0.007993 0.039158 0.079316
0 0.058336 0.549033 0.007931 0.032382 0.075997
0 0.471707 0.526202 0.010541 0.045472 0.068219
0 0.377849 0.507619 0.006566 0.022911 0.067228
0 0.590668 0.523863 0.009291 0.040571 0.063969
0 0.336606 0.510886 0.006605 0.026355 0.062504
0 0.553470 0.551839 0.010816 0.021813 0.060058
0 0.606948 0.516578 0.008605 0.030506 0.054806
0 0.467836 0.519873 0.008349 0.039670 0.038156
0 0.699903 0.468806 0.008555 0.031327 0.036330
0 0.226014 0.520500 0.006538 0.024262 0.033654
0 0.469442 0.523856 0.009308 0.052923 0.031691
0 0.376021 0.506179 0.006293 0.022931 0.030477
0 0.707931 0.473150 0.007210 0.033696 0.027464
0 0.553496 0.528262 0.009983 0.046343 0.026287
0 0.626678 0.536634 0.007595 0.054573 0.023632
0 0.705678 0.472283 0.007106 0.031579 0.023383
0 0.624320 0.531262 0.008414 0.046268 0.022692
0 0.693865 0.471460 0.007956 0.026870 0.020562
0 0.566765 0.522521 0.006939 0.031272 0.018632
0 0.583611 0.536011 0.007109 0.051727 0.018076
0 0.364214 0.507139 0.006763 0.024956 0.016917
0 0.096875 0.542349 0.008836 0.029058 0.015993
0 0.086719 0.546601 0.008184 0.026930 0.015508
0 0.079667 0.546957 0.008547 0.023741 0.012822
0 0.393559 0.505873 0.007796 0.020037 0.012820
0 0.482593 0.519470 0.008768 0.031141 0.012474
0 0.475641 0.522539 0.010524 0.051667 0.011236
0 0.076696 0.555029 0.010095 0.020880 0.008167
0 0.587179 0.521058 0.007233 0.035724 0.008105
0 0.392226 0.510312 0.006099 0.028478 0.007986
0 0.410069 0.500083 0.006103 0.028123 0.005111
0 0.759841 0.475882 0.004288 0.011628 0.005079
0 0.332966 0.510447 0.006538 0.026118 0.004332
0 0.374739 0.503935 0.007435 0.027898 0.003937
0 0.217814 0.531833 0.006474 0.020291 0.003902
0 0.084337 0.546769 0.006540 0.026264 0.002500
0 0.387038 0.509927 0.007626 0.032758 0.002472
0 0.333932 0.507013 0.007445 0.032715 0.002290
0 0.408670 0.500493 0.005727 0.027319 0.002131
0 0.549159 0.545379 0.009881 0.023540 0.001989
