0 0.653439 0.527525 0.256499 0.826372 0.966398
3 0.251072 0.617650 0.151171 0.236538 0.960028
8 0.237187 0.077189 0.132095 0.070505 0.946934
8 0.950576 0.033319 0.098848 0.065193 0.941652
8 0.497668 0.058249 0.108123 0.073851 0.941256
8 0.891186 0.131780 0.091991 0.050902 0.939421
8 0.525298 0.155350 0.082472 0.050736 0.935877
8 0.321003 0.165694 0.088755 0.057023 0.928747
6 0.559152 0.671151 0.048550 0.048658 0.915344
6 0.797480 0.671245 0.055054 0.055569 0.911645
6 0.756772 0.672010 0.048599 0.045385 0.903420
6 0.322962 0.674411 0.033345 0.042220 0.880368
6 0.719231 0.666478 0.040999 0.051749 0.836585
6 0.699461 0.670050 0.037059 0.042406 0.004719
8 0.983951 0.000000 0.032097 0.000000 0.001165
0 0.899612 0.766437 0.019519 0.047010 0.001114
