2 0.356177 0.559179 0.064098 0.120726 0.944082
2 0.498258 0.629979 0.048209 0.129721 0.941332
2 0.182882 0.626485 0.051159 0.107893 0.927563
2 0.707743 0.522810 0.037297 0.116643 0.927390
2 0.403952 0.534915 0.028603 0.138039 0.917329
2 0.545536 0.567714 0.032954 0.123558 0.916322
2 0.756173 0.483375 0.025651 0.082965 0.900390
2 0.516650 0.517435 0.046703 0.136468 0.893927
2 0.639729 0.499928 0.043717 0.071740 0.855920
2 0.756585 0.559127 0.025244 0.129961 0.854638
2 0.690028 0.551135 0.031670 0.038854 0.844958
3 0.892954 0.279239 0.091829 0.094751 0.816297
2 0.634652 0.597917 0.058181 0.133445 0.802730
2 0.544233 0.481535 0.040197 0.081937 0.761859
3 0.804979 0.274928 0.071468 0.084570 0.759366
2 0.182089 0.554690 0.044775 0.072283 0.730909
2 0.659479 0.570089 0.031643 0.147832 0.720059
2 0.637938 0.470479 0.017511 0.026740 0.719830
2 0.305145 0.588272 0.020562 0.114359 0.557979
3 0.505576 0.286708 0.025675 0.048761 0.550181
2 0.102963 0.597867 0.034141 0.082294 0.489378
2 0.304794 0.560806 0.021495 0.170145 0.157715
2 0.582567 0.518912 0.013199 0.055850 0.120941
2 0.576074 0.514278 0.025870 0.065853 0.118539
2 0.658775 0.543780 0.029327 0.095329 0.107388
2 0.576142 0.497467 0.025594 0.039414 0.098440
2 0.637490 0.473802 0.020455 0.030878 0.088254
2 0.573547 0.535439 0.028283 0.082831 0.062709
2 0.091407 0.646369 0.030778 0.108320 0.053764
2 0.574539 0.523892 0.026312 0.064594 0.048544
2 0.182613 0.578412 0.046434 0.122054 0.023112
2 0.400643 0.524909 0.021242 0.119112 0.021613
2 0.576380 0.487604 0.023614 0.049070 0.007057
2 0.641658 0.476574 0.023916 0.030902 0.006646
2 0.065951 0.646736 0.080760 0.108029 0.004261
2 0.176762 0.550381 0.034502 0.060960 0.003825
2 0.082485 0.648157 0.047671 0.108798 0.003062
2 0.103321 0.582800 0.032991 0.051454 0.002312
2 0.644847 0.482203 0.030984 0.038081 0.001219
