0 0.574043 0.529802 0.032839 0.185447 0.945381
0 0.533630 0.475027 0.036306 0.110199 0.870349
8 0.166424 0.430613 0.014037 0.162073 0.656013
8 0.166473 0.368730 0.013915 0.042434 0.558971
8 0.166427 0.396638 0.014117 0.097831 0.208192
6 0.930651 0.303185 0.138697 0.604766 0.066968
8 0.204795 0.453723 0.010124 0.115851 0.048812
0 0.930537 0.303040 0.138925 0.606079 0.010407
3 0.930520 0.303483 0.138816 0.606020 0.006965
8 0.219762 0.448695 0.009554 0.110570 0.005529
4 0.930537 0.303040 0.138925 0.606079 0.004508
2 0.930537 0.303040 0.138925 0.606079 0.003856
8 0.285685 0.438559 0.011093 0.117616 0.002968
8 0.206415 0.451665 0.008981 0.116918 0.002228
8 0.221427 0.452625 0.010136 0.119595 0.001851
9 0.700712 0.568569 0.032050 0.082407 0.001423
4 0.145604 0.483961 0.006281 0.010542 0.001128
