0 0.451961 0.535293 0.244173 0.906922 0.963401
8 0.238249 0.143296 0.086501 0.060567 0.816998
8 0.027403 0.137505 0.054547 0.065790 0.756657
6 0.310549 0.679749 0.035689 0.042915 0.741751
6 0.337455 0.677669 0.029432 0.043390 0.705756
6 0.273714 0.682278 0.049849 0.048541 0.704640
8 0.208525 0.041644 0.116553 0.076089 0.641296
6 0.360853 0.676973 0.030304 0.040691 0.638470
6 0.519001 0.672713 0.035299 0.038942 0.379591
8 0.657960 0.072747 0.113791 0.082162 0.362340
6 0.380076 0.676944 0.022716 0.033255 0.006568
8 0.593085 0.163765 0.089923 0.054080 0.006486
6 0.374045 0.676730 0.029363 0.034252 0.003033
6 0.375601 0.679890 0.021765 0.032448 0.001153
6 0.012348 0.694934 0.024602 0.043809 0.001144
