0 0.515592 0.269684 0.038889 0.132051 0.928440
0 0.458475 0.268633 0.024551 0.066283 0.922382
1 0.453802 0.291697 0.163741 0.107537 0.907572
0 0.747493 0.467959 0.031020 0.087299 0.902621
0 0.424987 0.243808 0.026449 0.061050 0.883050
1 0.752294 0.498750 0.119533 0.081065 0.867199
1 0.495869 0.320434 0.078066 0.050941 0.669230
0 0.427603 0.258801 0.022201 0.044695 0.183475
0 0.428490 0.264432 0.020436 0.034162 0.054224
0 0.879397 0.412946 0.005853 0.010993 0.015972
0 0.883081 0.414531 0.006436 0.011148 0.004062
0 0.788915 0.350126 0.006933 0.010121 0.002309
0 0.754636 0.472362 0.045423 0.089860 0.001565
0 0.873533 0.407118 0.005632 0.011098 0.001417
1 0.433299 0.270797 0.123361 0.064449 0.001310
