1 0.640587 0.519106 0.150526 0.039993 0.903593
0 0.595056 0.480921 0.024540 0.070303 0.886510
0 0.623169 0.493199 0.034073 0.090867 0.835292
0 0.229509 0.410156 0.005709 0.013979 0.734816
0 0.185895 0.415136 0.004744 0.018288 0.388353
0 0.254348 0.398049 0.006681 0.029069 0.304988
1 0.623152 0.508607 0.128302 0.034909 0.172469
0 0.339801 0.391131 0.004690 0.014463 0.147145
1 0.608297 0.522600 0.100212 0.032791 0.126692
1 0.611740 0.509638 0.102473 0.043644 0.106885
1 0.596275 0.507620 0.078378 0.022390 0.098777
0 0.359421 0.390746 0.005699 0.018076 0.096211
1 0.600905 0.504579 0.084830 0.024053 0.073695
0 0.322968 0.395745 0.005697 0.013185 0.070506
1 0.608215 0.525970 0.083952 0.028156 0.056996
0 0.609813 0.492744 0.065560 0.064953 0.044137
0 0.221708 0.416505 0.004632 0.009480 0.041301
0 0.229822 0.408066 0.006176 0.017738 0.032501
0 0.185984 0.418608 0.005209 0.020581 0.029834
0 0.184935 0.413983 0.004209 0.019447 0.029698
0 0.239932 0.415930 0.005525 0.009956 0.024995
0 0.518035 0.376803 0.006308 0.012601 0.024722
0 0.255828 0.424852 0.006395 0.012016 0.023266
0 0.516343 0.377680 0.005442 0.014057 0.022874
0 0.263422 0.412268 0.006155 0.016663 0.019382
0 0.612091 0.501005 0.082021 0.039346 0.017840
0 0.516293 0.375195 0.005277 0.010987 0.015786
0 0.284754 0.433783 0.006551 0.013517 0.013325
0 0.229392 0.413069 0.011390 0.011392 0.012144
0 0.601571 0.507518 0.094120 0.044820 0.011555
0 0.182623 0.418200 0.004661 0.015301 0.011447
0 0.320813 0.397695 0.007246 0.013907 0.010100
0 0.259734 0.410038 0.004416 0.013432 0.009868
0 0.315466 0.431302 0.007200 0.012593 0.007800
0 0.263939 0.414104 0.005822 0.015338 0.006380
0 0.616250 0.493388 0.048338 0.088118 0.005966
0 0.260835 0.415053 0.005103 0.012088 0.005594
0 0.247594 0.429926 0.005043 0.013227 0.005303
0 0.604071 0.506788 0.083171 0.028727 0.005210
0 0.358397 0.394094 0.005832 0.018905 0.005197
0 0.233332 0.411886 0.004792 0.013240 0.004617
0 0.443988 0.392079 0.007442 0.014272 0.004324
0 0.359649 0.395493 0.005810 0.023694 0.004073
1 0.582142 0.506601 0.050039 0.018864 0.004021
0 0.322733 0.398570 0.006021 0.018351 0.003484
1 0.669779 0.520039 0.093327 0.039576 0.003359
0 0.359828 0.387198 0.005713 0.018495 0.003255
0 0.218066 0.416575 0.005984 0.010937 0.002964
0 0.641302 0.494139 0.012636 0.041490 0.002218
0 0.392201 0.389907 0.005968 0.017313 0.002192
0 0.393973 0.395400 0.006068 0.018699 0.002004
0 0.229551 0.416129 0.006185 0.016768 0.001870
1 0.584219 0.503382 0.053466 0.024209 0.001425
1 0.618953 0.508360 0.072993 0.033423 0.001336
0 0.325253 0.395792 0.007663 0.013988 0.001308
0 0.171493 0.424430 0.004855 0.013919 0.001190
0 0.394489 0.390330 0.006703 0.018102 0.001151
0 0.187617 0.415999 0.006518 0.018483 0.001145
0 0.220135 0.419091 0.006025 0.011986 0.001071
0 0.221678 0.421933 0.004766 0.014769 0.001006
