2 0.788356 0.639541 0.056488 0.100746 0.926601
2 0.558004 0.649932 0.049100 0.084476 0.918370
2 0.871127 0.673179 0.036597 0.075910 0.889620
2 0.504189 0.649161 0.036864 0.084980 0.846641
2 0.357675 0.629094 0.021420 0.084279 0.842380
2 0.844338 0.679333 0.022401 0.062457 0.832597
2 0.917886 0.685827 0.044564 0.085886 0.824023
2 0.386132 0.634719 0.025108 0.072128 0.689408
2 0.388458 0.640156 0.020596 0.060120 0.626535
2 0.521512 0.660711 0.046303 0.066331 0.475364
2 0.383850 0.627638 0.029685 0.087665 0.474589
8 0.781630 0.221572 0.039421 0.338528 0.310603
2 0.853086 0.669805 0.013320 0.072284 0.005930
0 0.402248 0.190306 0.010404 0.040470 0.005125
2 0.529220 0.659032 0.034950 0.061991 0.001863
2 0.368915 0.383526 0.029753 0.130704 0.001387
2 0.847234 0.673019 0.019502 0.071803 0.001068
