0 0.660899 0.488270 0.039748 0.083434 0.885040
0 0.680087 0.475046 0.027471 0.065093 0.859968
1 0.666479 0.517197 0.096342 0.052057 0.793032
1 0.661594 0.510422 0.104937 0.040193 0.570868
0 0.266407 0.388069 0.005180 0.012219 0.509771
1 0.655375 0.526450 0.073392 0.033599 0.402749
0 0.500032 0.378912 0.007900 0.017702 0.140870
1 0.685031 0.509193 0.060645 0.030630 0.138332
0 0.279526 0.393155 0.005686 0.011773 0.137368
0 0.322343 0.409435 0.013906 0.025633 0.131278
0 0.308926 0.408711 0.007208 0.024298 0.130599
0 0.248069 0.392203 0.006197 0.020186 0.127805
0 0.281164 0.398847 0.005546 0.016468 0.103529
0 0.191388 0.428271 0.006728 0.013560 0.103352
0 0.310332 0.409988 0.009210 0.025700 0.099542
0 0.572074 0.366611 0.005977 0.017680 0.097487
0 0.447876 0.369459 0.006463 0.012670 0.084396
1 0.651150 0.505372 0.086014 0.023913 0.081985
0 0.379834 0.377237 0.005284 0.011382 0.045506
0 0.326189 0.410266 0.011245 0.023389 0.042805
1 0.631073 0.506180 0.046465 0.026199 0.030441
1 0.676879 0.509165 0.076114 0.035150 0.029305
1 0.625603 0.504754 0.036025 0.023670 0.028153
0 0.571435 0.363573 0.006021 0.016726 0.027129
0 0.570054 0.358068 0.005437 0.015327 0.020815
0 0.448389 0.369525 0.007498 0.017599 0.015816
0 0.318798 0.412336 0.010171 0.023622 0.014036
0 0.416028 0.368848 0.005341 0.015664 0.012667
0 0.192425 0.425347 0.006740 0.015278 0.011564
0 0.325194 0.410134 0.014600 0.025908 0.010018
0 0.248386 0.389390 0.006749 0.020873 0.008956
0 0.711466 0.354852 0.005207 0.021305 0.007205
0 0.449864 0.371373 0.007709 0.013762 0.005534
1 0.691378 0.504110 0.047357 0.027042 0.003148
0 0.573327 0.367015 0.008045 0.021800 0.003101
0 0.675568 0.472910 0.017911 0.061297 0.003055
0 0.314684 0.386404 0.005398 0.013666 0.002995
9 0.342437 0.411586 0.011717 0.018104 0.002929
0 0.157618 0.409607 0.006193 0.013091 0.002854
0 0.416431 0.365963 0.005506 0.014434 0.002556
0 0.266789 0.394961 0.006012 0.018345 0.002204
1 0.111887 0.446819 0.065307 0.032601 0.002147
0 0.447876 0.364878 0.007442 0.014658 0.002053
0 0.190449 0.424596 0.007902 0.019959 0.001995
0 0.666423 0.506989 0.052066 0.043966 0.001758
1 0.158297 0.434354 0.080283 0.037695 0.001538
1 0.321906 0.411566 0.015940 0.026487 0.001430
0 0.631049 0.356548 0.005384 0.017175 0.001403
0 0.327195 0.412267 0.020539 0.024913 0.001389
1 0.017235 0.456537 0.032785 0.018817 0.001363
0 0.043511 0.441712 0.006988 0.015359 0.001284
0 0.245213 0.396371 0.005555 0.015903 0.001222
1 0.341048 0.419344 0.082766 0.029687 0.001131
0 0.498527 0.384935 0.012124 0.052594 0.001114
0 0.630293 0.350277 0.006409 0.015385 0.001032
1 0.680780 0.504020 0.066278 0.028946 0.001013
