6 0.355140 0.539574 0.176113 0.200135 0.948628
6 0.634827 0.590527 0.108924 0.126983 0.946437
0 0.346202 0.471357 0.062888 0.140790 0.934476
6 0.808019 0.650823 0.137625 0.135865 0.930908
6 0.531090 0.566753 0.100151 0.095757 0.928067
0 0.807748 0.601218 0.061612 0.115577 0.909284
6 0.958714 0.656718 0.082035 0.109904 0.907529
0 0.951542 0.617683 0.042091 0.061786 0.861198
0 0.606619 0.484786 0.015511 0.044444 0.854600
6 0.879990 0.646899 0.083714 0.081820 0.850316
0 0.873030 0.600017 0.031225 0.083536 0.819900
6 0.459258 0.501123 0.118539 0.091964 0.802002
0 0.854148 0.593933 0.015974 0.038314 0.779068
0 0.873075 0.585474 0.030283 0.054221 0.670692
0 0.547876 0.497323 0.021333 0.047971 0.580221
0 0.630614 0.521183 0.050032 0.074627 0.424942
0 0.591839 0.486001 0.012610 0.028690 0.371999
6 0.589101 0.524337 0.038230 0.066670 0.225323
6 0.630319 0.522231 0.051182 0.073132 0.107267
0 0.528312 0.488785 0.053878 0.086261 0.084447
0 0.527527 0.485764 0.031531 0.084769 0.054727
0 0.528927 0.468852 0.026201 0.051173 0.054063
6 0.589633 0.514739 0.037118 0.046938 0.019456
6 0.765332 0.583907 0.031779 0.053224 0.017497
0 0.530887 0.499280 0.059743 0.058325 0.013047
0 0.544837 0.498944 0.028054 0.053898 0.012633
0 0.621019 0.509452 0.029109 0.057061 0.007181
0 0.622148 0.500882 0.016621 0.042561 0.005127
6 0.950627 0.617143 0.045400 0.061601 0.003893
6 0.411944 0.462376 0.077314 0.062640 0.003282
0 0.603962 0.501059 0.016904 0.048661 0.002150
0 0.855261 0.599315 0.018971 0.045483 0.001916
0 0.877996 0.603488 0.037319 0.080603 0.001465
