0 0.386726 0.692026 0.219011 0.609462 0.977426
0 0.659269 0.566814 0.030111 0.122288 0.927054
0 0.759622 0.576375 0.020262 0.136914 0.915194
0 0.814206 0.536147 0.030945 0.062608 0.912734
5 0.137291 0.505894 0.024736 0.043371 0.899024
5 0.243420 0.521200 0.026359 0.036962 0.897565
0 0.795476 0.531063 0.022864 0.072928 0.894289
0 0.777348 0.535845 0.021865 0.077957 0.890515
0 0.018274 0.427109 0.025714 0.062711 0.888427
5 0.176401 0.517702 0.031203 0.043505 0.856540
0 0.302295 0.526197 0.022928 0.046572 0.840323
5 0.203522 0.522459 0.026415 0.039599 0.667929
5 0.208523 0.521686 0.022250 0.040027 0.365375
0 0.830109 0.533523 0.013432 0.047907 0.353610
0 0.208927 0.521369 0.022489 0.040105 0.003525
0 0.066320 0.439957 0.019764 0.055382 0.002338
5 0.195605 0.521514 0.036582 0.041138 0.001913
6 0.243499 0.521303 0.026680 0.037170 0.001481
