0 0.825203 0.385521 0.054704 0.144105 0.938857
0 0.851434 0.414172 0.035024 0.139578 0.873062
0 0.760020 0.459068 0.051378 0.231970 0.860796
2 0.479798 0.685160 0.104371 0.221153 0.853127
0 0.763930 0.336632 0.039123 0.156861 0.812589
0 0.877627 0.418273 0.058564 0.146566 0.810628
0 0.583675 0.324417 0.040377 0.218310 0.173640
0 0.564929 0.223085 0.013033 0.052347 0.085252
0 0.546116 0.283434 0.030844 0.133379 0.074554
4 0.094219 0.142565 0.012773 0.029966 0.071230
0 0.664618 0.359150 0.040611 0.151737 0.043876
0 0.546749 0.309867 0.032270 0.188370 0.005558
0 0.764074 0.414384 0.055592 0.314097 0.003254
9 0.368278 0.192105 0.027121 0.048231 0.002280
0 0.791887 0.363155 0.023532 0.144356 0.001992
