2 0.566769 0.629408 0.048910 0.126362 0.956441
0 0.926469 0.373053 0.041389 0.193951 0.951557
9 0.869073 0.377690 0.044454 0.109072 0.942801
0 0.831093 0.360846 0.033865 0.168153 0.940269
0 0.678189 0.338966 0.032227 0.131044 0.938821
0 0.971345 0.413467 0.031688 0.133908 0.928557
0 0.779867 0.345497 0.043630 0.176268 0.927018
0 0.712045 0.336606 0.031369 0.157279 0.926242
0 0.760082 0.363955 0.028250 0.121928 0.923155
0 0.523777 0.310254 0.026155 0.123432 0.919485
0 0.613295 0.325273 0.034421 0.132977 0.914025
0 0.574876 0.324279 0.027623 0.121376 0.911837
0 0.877621 0.282754 0.022451 0.081225 0.910204
0 0.895720 0.304662 0.017780 0.075481 0.897127
8 0.350582 0.187558 0.018081 0.056768 0.890797
0 0.623885 0.271061 0.015669 0.053915 0.876485
0 0.638247 0.334020 0.024533 0.124551 0.852981
0 0.994706 0.383406 0.010358 0.198170 0.809367
0 0.641811 0.275145 0.018990 0.055548 0.774157
0 0.512008 0.332534 0.019906 0.068330 0.619921
0 0.995669 0.331503 0.007991 0.090333 0.111630
0 0.995509 0.371191 0.008455 0.168908 0.042002
0 0.994550 0.411283 0.010718 0.139221 0.027936
0 0.788672 0.377070 0.024255 0.112492 0.016690
0 0.994814 0.320764 0.009434 0.070165 0.009814
0 0.994782 0.342021 0.009568 0.111755 0.002551
0 0.255334 0.936661 0.045891 0.038463 0.001961
0 0.999983 0.322283 0.000034 0.070724 0.001468
9 0.999900 0.406608 0.000200 0.156545 0.001309
0 0.869042 0.377533 0.044270 0.108871 0.001290
0 0.976414 0.382739 0.038264 0.199073 0.001133
