0 0.926927 0.327277 0.055599 0.178654 0.951285
2 0.635403 0.624512 0.048707 0.107033 0.944435
0 0.843083 0.338385 0.028669 0.132290 0.934658
0 0.729180 0.336606 0.028382 0.118854 0.933391
0 0.970479 0.340306 0.034629 0.168697 0.924457
0 0.874067 0.331345 0.031123 0.158984 0.918292
0 0.679476 0.326539 0.026175 0.123136 0.917212
0 0.761884 0.332360 0.028468 0.129045 0.908650
0 0.665446 0.352116 0.023144 0.070247 0.905177
8 0.501569 0.227183 0.017697 0.056979 0.901080
0 0.799224 0.335129 0.029298 0.130894 0.645339
0 0.902266 0.277045 0.016957 0.078430 0.050262
