2 0.301000 0.719525 0.152083 0.268205 0.974415
2 0.665130 0.570756 0.148263 0.230501 0.962648
0 0.958609 0.150894 0.063295 0.270657 0.945548
0 0.705183 0.070627 0.038126 0.141253 0.933799
0 0.810000 0.108208 0.031596 0.190507 0.931156
0 0.876743 0.186181 0.036876 0.148643 0.930143
0 0.730867 0.094543 0.032116 0.127821 0.925334
0 0.774152 0.087980 0.043815 0.175960 0.842958
0 0.916312 0.141373 0.046426 0.273270 0.825794
9 0.527511 0.013970 0.046154 0.027887 0.782718
0 0.925995 0.139645 0.064617 0.278107 0.438692
0 0.989313 0.170476 0.021374 0.340952 0.249457
0 0.989428 0.242279 0.021065 0.198414 0.028711
0 0.988856 0.182039 0.022289 0.322188 0.010913
0 0.641900 0.012351 0.015498 0.023353 0.007786
0 0.989343 0.280798 0.021183 0.119753 0.007780
9 0.535119 0.013516 0.029944 0.027031 0.001625
0 0.525562 0.013745 0.049228 0.027491 0.001388
6 0.525562 0.013745 0.049228 0.027491 0.001360
9 1.000000 0.125919 0.000000 0.114162 0.001071
