0 0.462878 0.689177 0.150874 0.617126 0.959073
0 0.373639 0.709141 0.072956 0.180839 0.949917
0 0.287637 0.570461 0.039407 0.109550 0.913373
0 0.045764 0.574973 0.086979 0.310849 0.897920
0 0.595468 0.459219 0.015918 0.065155 0.875390
0 0.749299 0.581530 0.038338 0.110960 0.847943
0 0.218875 0.575496 0.039292 0.126487 0.821607
0 0.060830 0.576372 0.057392 0.315514 0.800587
0 0.250444 0.575525 0.030054 0.126739 0.642014
0 0.988531 0.456908 0.022690 0.135046 0.363329
0 0.024713 0.572927 0.046736 0.302142 0.094336
3 0.229491 0.617638 0.032002 0.050450 0.081759
0 0.655275 0.581497 0.038769 0.114197 0.033502
0 0.267118 0.570176 0.027771 0.121580 0.031861
0 0.267398 0.543646 0.027534 0.069540 0.009901
0 0.014491 0.573173 0.026855 0.284503 0.001855
0 0.009634 0.555158 0.017461 0.247086 0.001286
3 0.220083 0.608704 0.038489 0.068222 0.001114
