6 0.548133 0.552087 0.122326 0.129268 0.942764
6 0.708887 0.613340 0.127281 0.142329 0.942698
6 0.977200 0.632525 0.044760 0.087624 0.941609
6 0.836485 0.597457 0.112022 0.112981 0.929688
0 0.577089 0.499559 0.044786 0.100644 0.917093
0 0.794516 0.520142 0.021535 0.046155 0.877893
6 0.774951 0.565586 0.042678 0.070262 0.873306
0 0.833861 0.562542 0.039929 0.085595 0.767698
6 0.591901 0.517254 0.073647 0.078509 0.336252
0 0.773591 0.522929 0.014095 0.026092 0.278979
6 0.560381 0.517639 0.138287 0.077995 0.277014
2 0.988076 0.754102 0.023563 0.102627 0.013215
0 0.840929 0.565345 0.057909 0.083055 0.007135
6 0.988076 0.754102 0.023563 0.102627 0.001645
6 0.776542 0.556739 0.041075 0.053258 0.001474
6 0.606241 0.517222 0.045322 0.079256 0.001084
6 0.987810 0.724906 0.024137 0.161756 0.001008
