2 0.671349 0.684826 0.048498 0.136871 0.940545
2 0.550711 0.592863 0.038147 0.084893 0.935754
2 0.518929 0.573040 0.040674 0.126657 0.930062
2 0.291493 0.500536 0.025480 0.138691 0.922014
2 0.351012 0.592068 0.033749 0.149433 0.920888
2 0.642001 0.648645 0.041215 0.127940 0.907820
2 0.460207 0.576211 0.056529 0.139305 0.906609
2 0.357257 0.509118 0.023399 0.097157 0.877286
2 0.338848 0.494912 0.028330 0.113390 0.850322
2 0.485147 0.404218 0.030296 0.054671 0.821921
2 0.386776 0.415780 0.010826 0.063020 0.754220
2 0.490318 0.523522 0.041108 0.120320 0.718575
2 0.429368 0.410667 0.015723 0.078758 0.644552
2 0.433647 0.498759 0.015448 0.064943 0.239942
2 0.507576 0.402436 0.022713 0.073623 0.210237
2 0.427509 0.498325 0.020449 0.081366 0.194473
2 0.507292 0.384215 0.021713 0.036352 0.092976
2 0.490594 0.498226 0.040557 0.067676 0.057873
2 0.660285 0.617018 0.014938 0.042367 0.055665
2 0.430292 0.492878 0.023643 0.090851 0.041420
2 0.334542 0.404877 0.019191 0.051668 0.038974
2 0.509370 0.411852 0.026134 0.092095 0.013717
2 0.485645 0.383892 0.016319 0.028418 0.009003
2 0.290154 0.519179 0.022270 0.101299 0.005505
2 0.480230 0.463302 0.025131 0.069109 0.002290
2 0.479998 0.453827 0.024140 0.048622 0.001794
2 0.510854 0.423666 0.026275 0.075160 0.001033
