5 0.617472 0.555365 0.079026 0.105468 0.948417
0 0.096107 0.522122 0.020552 0.096831 0.921005
0 0.141297 0.528160 0.019606 0.093642 0.914348
0 0.282412 0.532511 0.019247 0.095293 0.906507
0 0.568405 0.556967 0.018212 0.070760 0.898978
0 0.115673 0.521820 0.017603 0.049641 0.880217
0 0.271390 0.554065 0.009725 0.043046 0.139109
3 0.038908 0.607628 0.075138 0.032734 0.015630
0 0.922647 0.578515 0.010563 0.034433 0.004385
0 0.141867 0.510661 0.016178 0.058693 0.003660
0 0.865339 0.578962 0.009026 0.028235 0.001524
