0 0.477979 0.571934 0.082842 0.179513 0.955683
0 0.359770 0.515620 0.060236 0.152962 0.953771
0 0.424092 0.463746 0.029623 0.157383 0.927577
0 0.446684 0.430928 0.022414 0.104361 0.919972
0 0.378768 0.467595 0.028946 0.154824 0.908394
0 0.684429 0.375656 0.010013 0.021435 0.862215
0 0.125647 0.500742 0.010851 0.058862 0.860743
0 0.399809 0.437276 0.015095 0.085915 0.860191
0 0.104991 0.502079 0.010955 0.061728 0.857575
0 0.011816 0.643211 0.023632 0.115859 0.843684
0 0.115186 0.502485 0.010059 0.059680 0.836722
5 0.401912 0.470622 0.023486 0.038674 0.824532
0 0.513462 0.424862 0.016645 0.064000 0.812378
0 0.002831 0.530564 0.005583 0.066002 0.462548
0 0.411738 0.421962 0.012280 0.098711 0.303578
0 0.002348 0.518550 0.004697 0.091791 0.107423
0 0.003797 0.520640 0.007037 0.086751 0.026158
0 0.005565 0.610809 0.010909 0.040936 0.009587
0 0.448767 0.452010 0.018653 0.060745 0.008458
0 0.400080 0.471067 0.020126 0.038803 0.008016
0 0.411777 0.425708 0.015882 0.113148 0.004970
0 0.635724 0.416172 0.005887 0.023923 0.003217
0 0.409197 0.431533 0.017799 0.100016 0.002243
0 0.576129 0.421355 0.006906 0.022123 0.001929
0 0.516022 0.423764 0.014465 0.063343 0.001824
5 0.517852 0.428023 0.011853 0.057146 0.001573
0 0.004448 0.645584 0.008896 0.117578 0.001151
0 0.371563 0.440934 0.011782 0.087814 0.001013
