2 0.449409 0.616080 0.059194 0.091376 0.955700
0 0.901452 0.439108 0.033483 0.177751 0.945411
0 0.844052 0.428826 0.041987 0.174375 0.943461
0 0.980652 0.452104 0.038639 0.196578 0.936638
0 0.624630 0.409327 0.026615 0.115111 0.928729
0 0.810774 0.444037 0.028123 0.124918 0.928596
0 0.570441 0.394234 0.028876 0.118495 0.923909
0 0.660636 0.409414 0.031621 0.125945 0.917265
0 0.769167 0.415693 0.030892 0.159826 0.898625
9 0.929519 0.459240 0.032551 0.099742 0.898163
8 0.400979 0.273747 0.017981 0.056497 0.891733
0 0.734979 0.425981 0.026275 0.123590 0.875404
0 0.693678 0.412057 0.024646 0.130717 0.868095
0 0.940284 0.417494 0.037426 0.175686 0.722199
0 0.782294 0.411029 0.021630 0.153104 0.679550
9 0.903962 0.469033 0.038747 0.101491 0.369619
0 0.776473 0.412489 0.032968 0.154053 0.019621
9 0.923182 0.455039 0.041436 0.085210 0.011850
9 0.915211 0.455974 0.056582 0.080930 0.011112
9 0.902332 0.452890 0.035405 0.125347 0.004433
0 0.742299 0.429206 0.031392 0.123348 0.003956
0 0.749059 0.435918 0.027105 0.110743 0.002305
0 0.934267 0.425381 0.036010 0.167786 0.001543
0 0.782531 0.385363 0.020127 0.105406 0.001271
9 0.903136 0.470265 0.036145 0.074493 0.001170
0 0.945207 0.416526 0.024765 0.169404 0.001068
