6 0.273931 0.452233 0.088188 0.082359 0.959831
6 0.880759 0.603677 0.095389 0.101147 0.952306
6 0.663850 0.567878 0.103874 0.138814 0.944013
6 0.972154 0.627699 0.055692 0.103076 0.941549
6 0.467565 0.489663 0.054669 0.073344 0.936287
6 0.795842 0.575764 0.093547 0.097206 0.908158
0 0.987032 0.592036 0.025937 0.075621 0.905609
6 0.518026 0.500413 0.059620 0.074061 0.884863
0 0.479301 0.440265 0.018233 0.042335 0.884192
0 0.870305 0.542616 0.023870 0.042747 0.882063
0 0.890221 0.555995 0.016622 0.038585 0.881086
0 0.670350 0.510863 0.032306 0.079411 0.855132
0 0.801455 0.517033 0.017646 0.041294 0.834124
6 0.718846 0.550463 0.073338 0.081472 0.826121
0 0.565156 0.526333 0.053196 0.097341 0.823817
6 0.547323 0.581335 0.114797 0.203740 0.776273
0 0.465609 0.444394 0.013000 0.024677 0.744592
6 0.604756 0.495351 0.032839 0.050269 0.743927
0 0.527966 0.472182 0.027850 0.070485 0.707815
0 0.644802 0.527459 0.022553 0.065252 0.621584
0 0.565847 0.455354 0.012637 0.034820 0.611933
0 0.575635 0.455570 0.017690 0.032900 0.414818
6 0.769049 0.537035 0.031073 0.044426 0.161897
4 0.173716 0.378642 0.030584 0.033979 0.085585
6 0.586666 0.495038 0.070074 0.049403 0.044348
0 0.570678 0.455162 0.018151 0.035395 0.016702
6 0.645249 0.525470 0.023742 0.062921 0.003942
0 0.574272 0.456746 0.025505 0.035313 0.002104
0 0.801526 0.523926 0.019987 0.054543 0.001488
