10 0.509862 0.151014 0.102314 0.094950 0.930052
6 0.501993 0.678705 0.085654 0.068167 0.918117
6 0.838387 0.662337 0.053556 0.057271 0.876760
8 0.511297 0.454234 0.041434 0.305907 0.875472
4 0.163757 0.673225 0.025780 0.049329 0.874763
8 0.761406 0.498902 0.028622 0.180716 0.747410
10 0.418974 0.692715 0.069714 0.055346 0.080754
0 0.881779 0.661649 0.013988 0.039542 0.043456
0 0.978194 0.666290 0.014892 0.037786 0.006108
8 0.753339 0.505721 0.030812 0.197193 0.003273
0 0.885903 0.656281 0.021780 0.046641 0.001648
10 0.838688 0.662910 0.052021 0.055615 0.001258
