10 0.792399 0.559770 0.161429 0.102766 0.941898
10 0.491062 0.146810 0.129872 0.109942 0.935618
6 0.837911 0.658155 0.053157 0.053960 0.906820
6 0.503476 0.679850 0.084493 0.066263 0.902380
8 0.760615 0.503278 0.032875 0.206216 0.889810
8 0.512029 0.450017 0.039836 0.313458 0.887694
10 0.325861 0.591722 0.059808 0.047689 0.885552
4 0.163963 0.675084 0.024994 0.045952 0.849435
0 0.888752 0.652937 0.020113 0.044316 0.036113
10 0.418106 0.692813 0.067931 0.055103 0.016122
6 0.888244 0.654606 0.020281 0.045918 0.004118
0 0.959869 0.654833 0.015439 0.052268 0.003907
8 0.750983 0.510089 0.034729 0.226005 0.003158
0 0.837175 0.132975 0.031895 0.089334 0.001015
