0 0.854326 0.317455 0.129356 0.477017 0.968714
0 0.448184 0.314380 0.041692 0.213845 0.961260
9 0.096456 0.399242 0.043181 0.100001 0.938518
0 0.692899 0.275024 0.029169 0.132681 0.935942
0 0.790482 0.273317 0.030726 0.192145 0.922243
0 0.395832 0.308823 0.011559 0.046471 0.878131
0 0.300093 0.357255 0.084636 0.168539 0.813863
8 0.163107 0.254865 0.016738 0.122552 0.148303
8 0.163291 0.297761 0.017936 0.214397 0.034336
0 0.383938 0.303808 0.016287 0.051537 0.027090
6 0.759711 0.313179 0.072307 0.113659 0.009943
8 0.068762 0.221573 0.033474 0.205809 0.006803
8 0.069690 0.276810 0.034373 0.317885 0.002496
4 0.096550 0.399084 0.042967 0.099663 0.001107
