2 0.504381 0.664869 0.118389 0.335024 0.964829
0 0.955280 0.394813 0.051830 0.343459 0.948114
4 0.811306 0.314348 0.018022 0.063788 0.931104
0 0.859921 0.314455 0.030637 0.216913 0.922726
0 0.889894 0.392761 0.028719 0.160581 0.915735
0 0.920377 0.379614 0.052766 0.306236 0.913197
4 0.859216 0.348273 0.020296 0.075785 0.905687
4 0.828369 0.327088 0.016757 0.072880 0.904279
0 0.832749 0.309203 0.021270 0.184289 0.896257
0 0.982092 0.452890 0.035816 0.487093 0.887206
0 0.979788 0.403878 0.040423 0.381208 0.008020
4 0.905503 0.376702 0.017034 0.078301 0.003480
4 0.904399 0.385984 0.014955 0.064572 0.003222
8 0.832525 0.311161 0.019739 0.188619 0.001461
0 0.932506 0.245861 0.030087 0.104367 0.001425
