2 0.363314 0.424132 0.037638 0.170270 0.960677
2 0.950380 0.404864 0.042382 0.069178 0.941985
2 0.380637 0.252360 0.012805 0.048820 0.899508
2 0.719317 0.334763 0.024092 0.056481 0.888270
2 0.413328 0.262840 0.012690 0.036214 0.870078
2 0.296841 0.240654 0.033962 0.062896 0.862972
2 0.061478 0.585161 0.121406 0.278968 0.838577
2 0.319052 0.248298 0.017328 0.057706 0.824131
2 0.820979 0.355252 0.025928 0.064616 0.346862
2 0.336651 0.257587 0.028265 0.050999 0.026729
2 0.334129 0.263090 0.023353 0.039079 0.003201
