0 0.182469 0.069906 0.037084 0.088214 0.941865
2 0.461221 0.573343 0.053303 0.099571 0.928158
0 0.145808 0.071209 0.042630 0.096552 0.928058
0 0.647161 0.017340 0.021739 0.030852 0.890209
0 0.424783 0.045613 0.021100 0.042106 0.880723
0 0.026615 0.133708 0.016722 0.032957 0.234063
0 0.569775 0.027677 0.008306 0.016000 0.015808
0 0.707666 0.007283 0.007296 0.013675 0.012792
0 0.659114 0.018600 0.009418 0.022693 0.012654
0 0.026435 0.125230 0.017613 0.049963 0.001814
0 0.568353 0.027330 0.008942 0.017157 0.001373
