3 0.935980 0.763602 0.128041 0.472796 0.971416
3 0.711319 0.712829 0.128248 0.396290 0.969578
3 0.886083 0.617636 0.124520 0.230571 0.947922
0 0.700905 0.538500 0.099070 0.340115 0.947749
3 0.045580 0.615991 0.090105 0.760611 0.939677
0 0.421587 0.498504 0.340105 0.981453 0.938270
3 0.976186 0.628269 0.046871 0.247556 0.938024
3 0.641204 0.640285 0.044131 0.145479 0.937851
3 0.824452 0.633630 0.033180 0.128232 0.924658
3 0.787836 0.637222 0.022412 0.120565 0.888639
3 0.052502 0.618243 0.075594 0.419033 0.874322
3 0.569149 0.639914 0.050925 0.149756 0.829561
3 0.909502 0.620309 0.075573 0.237602 0.027850
3 0.658858 0.642710 0.080381 0.227666 0.009055
3 0.674525 0.675858 0.079527 0.317220 0.006901
3 0.044121 0.604683 0.088006 0.519454 0.005367
0 0.940555 0.513013 0.117641 0.973974 0.003757
0 0.259749 0.509839 0.503204 0.973977 0.001625
3 0.055377 0.538822 0.070055 0.246669 0.001106
3 0.000000 0.527422 0.000000 0.499109 0.001063
