2 0.695127 0.836413 0.039620 0.111222 0.951608
2 0.453466 0.754746 0.041671 0.110314 0.944017
2 0.608155 0.817864 0.045276 0.100823 0.941726
2 0.491086 0.768697 0.036380 0.093986 0.937843
2 0.522360 0.662758 0.026097 0.083653 0.934849
2 0.492909 0.648806 0.022975 0.090445 0.909848
2 0.583770 0.664507 0.014510 0.068394 0.883449
2 0.431404 0.598545 0.016689 0.051811 0.861992
2 0.568275 0.659226 0.012236 0.057940 0.848307
2 0.400954 0.606948 0.016891 0.058725 0.828994
2 0.546581 0.706959 0.015858 0.057549 0.820763
2 0.529171 0.610312 0.026090 0.073258 0.719294
2 0.442221 0.585394 0.014585 0.058992 0.598688
2 0.202032 0.527408 0.017291 0.036180 0.413601
2 0.384899 0.582081 0.016928 0.072600 0.220931
2 0.359372 0.579077 0.015853 0.075551 0.061351
2 0.544929 0.618534 0.014734 0.062946 0.033775
2 0.623563 0.643460 0.024408 0.044929 0.007525
2 0.527914 0.601445 0.022927 0.056506 0.002268
8 0.153333 0.359644 0.009152 0.032568 0.001998
2 0.153333 0.359644 0.009152 0.032568 0.001963
0 0.583800 0.664627 0.014626 0.068007 0.001204
