2 0.542636 0.673368 0.072479 0.141337 0.963190
0 0.800535 0.290630 0.039667 0.190870 0.947472
0 0.965580 0.339646 0.055077 0.240354 0.944231
9 0.628797 0.308366 0.044971 0.100261 0.936001
0 0.777947 0.295672 0.033424 0.168595 0.933979
0 0.545414 0.289827 0.031591 0.136756 0.931988
0 0.662240 0.285641 0.045650 0.200020 0.930272
0 0.876170 0.307962 0.055780 0.216483 0.925826
0 0.702419 0.253655 0.021913 0.140247 0.914300
0 0.416797 0.248157 0.018150 0.100439 0.907499
0 0.903771 0.320566 0.053637 0.227746 0.899330
8 0.111657 0.125518 0.019866 0.064898 0.894608
0 0.471028 0.244878 0.019111 0.083683 0.874953
0 0.568869 0.292270 0.025113 0.140395 0.851190
0 0.957106 0.251074 0.027406 0.109935 0.489385
0 0.702652 0.228975 0.020815 0.091589 0.332450
0 0.935042 0.251716 0.022049 0.101793 0.223205
0 0.884775 0.312427 0.037385 0.215505 0.107875
0 0.571214 0.305477 0.021087 0.115172 0.031694
0 0.471098 0.232201 0.014848 0.056989 0.030520
9 0.635256 0.306507 0.028374 0.094372 0.012503
0 0.934764 0.272782 0.022515 0.146387 0.008114
