2 0.599514 0.827798 0.042712 0.098830 0.947062
2 0.697178 0.849814 0.039078 0.111596 0.946288
2 0.452008 0.769762 0.041683 0.110821 0.945887
2 0.497529 0.788125 0.045514 0.095876 0.939844
2 0.466095 0.634927 0.026868 0.074000 0.901232
2 0.356663 0.616183 0.023062 0.068196 0.837858
2 0.535015 0.629068 0.030574 0.064296 0.833951
2 0.395736 0.636013 0.016347 0.057623 0.830391
2 0.437837 0.603907 0.019249 0.065582 0.809842
2 0.546247 0.652942 0.024379 0.036472 0.779461
2 0.416416 0.615885 0.012016 0.054050 0.768188
2 0.580411 0.654918 0.031269 0.092739 0.641082
2 0.359750 0.572453 0.015390 0.034698 0.424251
2 0.584654 0.674094 0.032874 0.071769 0.298980
2 0.543629 0.707355 0.029424 0.066072 0.188498
2 0.640539 0.647688 0.037010 0.052788 0.037154
2 0.429865 0.612224 0.010386 0.050761 0.013999
2 0.381070 0.600071 0.019325 0.074528 0.010160
2 0.373766 0.604669 0.026890 0.090884 0.008982
2 0.368200 0.605541 0.040899 0.087041 0.008347
2 0.580477 0.633526 0.030453 0.047525 0.006782
