4 0.477455 0.400419 0.107886 0.444861 0.964867
0 0.549837 0.869838 0.038015 0.150720 0.935237
5 0.364253 0.761644 0.018400 0.050788 0.831723
0 0.329777 0.803662 0.040572 0.142683 0.825050
0 0.457545 0.837320 0.043304 0.146902 0.793374
0 0.439676 0.838811 0.027884 0.137593 0.781095
5 0.299681 0.739687 0.025752 0.041398 0.531965
0 0.335153 0.774387 0.032864 0.082049 0.325946
0 0.271646 0.726677 0.034263 0.075631 0.226423
5 0.271048 0.727147 0.035187 0.074657 0.154349
5 0.384102 0.770287 0.013716 0.023884 0.096059
5 0.410088 0.790681 0.013857 0.030297 0.058385
5 0.269115 0.726182 0.025896 0.070542 0.017424
0 0.440146 0.816871 0.026019 0.093218 0.006962
0 0.565933 0.829855 0.009447 0.067698 0.004320
9 0.270917 0.727055 0.035122 0.075074 0.001021
