0 0.565552 0.472443 0.017675 0.051666 0.843235
0 0.554731 0.490197 0.045127 0.081500 0.831206
1 0.552910 0.527866 0.054974 0.041394 0.791429
1 0.554757 0.507280 0.097136 0.031039 0.548307
1 0.543254 0.502375 0.074604 0.021850 0.239483
1 0.555110 0.521382 0.097227 0.060058 0.193045
0 0.406305 0.375517 0.007314 0.016132 0.123277
1 0.520908 0.503183 0.029979 0.022113 0.111882
0 0.220779 0.382033 0.006555 0.013970 0.073019
0 0.219830 0.379529 0.005757 0.012219 0.050609
0 0.547496 0.489702 0.030723 0.081198 0.046478
0 0.477248 0.362435 0.006191 0.021238 0.042509
1 0.561839 0.514291 0.081615 0.034624 0.040352
1 0.563988 0.508642 0.079152 0.025829 0.031845
1 0.575840 0.508846 0.054477 0.024766 0.017905
0 0.282933 0.369845 0.005633 0.011963 0.014982
0 0.353496 0.370827 0.005844 0.013490 0.013125
0 0.554135 0.478341 0.044311 0.056319 0.012058
0 0.552763 0.505441 0.042604 0.049030 0.008753
1 0.560333 0.507202 0.060300 0.033288 0.008212
0 0.479312 0.362085 0.007251 0.023112 0.007155
8 0.520559 0.503376 0.029014 0.022160 0.004721
1 0.558375 0.518221 0.061252 0.043571 0.003793
0 0.550607 0.509159 0.059340 0.037824 0.003097
0 0.356261 0.374252 0.005169 0.017162 0.003012
0 0.616180 0.358096 0.007145 0.019949 0.002804
6 0.520559 0.503376 0.029014 0.022160 0.002694
1 0.542397 0.524384 0.079690 0.037823 0.002312
1 0.552143 0.533401 0.057837 0.026972 0.001963
1 0.235400 0.410947 0.100385 0.021245 0.001750
0 0.536404 0.350948 0.006251 0.013838 0.001684
0 0.282602 0.374374 0.005643 0.015867 0.001489
1 0.068577 0.424564 0.036197 0.017271 0.001339
1 0.555755 0.493487 0.051228 0.068109 0.001127
