2 0.420737 0.866447 0.145104 0.259687 0.971334
2 0.789888 0.910613 0.216011 0.178773 0.963739
2 0.791166 0.682496 0.035291 0.154723 0.926654
1 0.314602 0.799722 0.629204 0.326898 0.906446
1 0.187755 0.498226 0.067980 0.046127 0.477468
0 0.176999 0.500376 0.009507 0.024249 0.295584
0 0.172329 0.502344 0.007635 0.024404 0.265586
0 0.175028 0.502014 0.010014 0.024906 0.159894
0 0.181285 0.500210 0.007877 0.024200 0.090332
6 0.186970 0.497543 0.067701 0.047252 0.022369
0 0.170817 0.504878 0.006680 0.029045 0.006559
0 0.203631 0.534400 0.036774 0.116890 0.003041
1 0.203631 0.534400 0.036774 0.116890 0.002824
0 0.201980 0.501225 0.014717 0.030893 0.001391
