0 0.429092 0.799564 0.080036 0.181771 0.965570
0 0.088571 0.718870 0.031182 0.129478 0.907545
5 0.248276 0.815210 0.117643 0.249556 0.055690
0 0.070483 0.713029 0.019349 0.114267 0.028957
0 0.075598 0.714392 0.017887 0.116742 0.018839
6 0.248312 0.814922 0.118251 0.246404 0.017222
3 0.247968 0.814766 0.118034 0.249238 0.015634
4 0.319028 0.471636 0.062226 0.133281 0.009609
2 0.318899 0.471501 0.062053 0.133469 0.002670
0 0.069628 0.712853 0.027828 0.113924 0.001847
0 0.078056 0.746435 0.017765 0.056221 0.001197
0 0.318899 0.471501 0.062053 0.133469 0.001145
