0 0.435951 0.504129 0.292352 0.988159 0.973500
3 0.186151 0.694869 0.133291 0.428307 0.961662
3 0.715303 0.636709 0.126286 0.267196 0.961461
3 0.874016 0.653389 0.124926 0.294872 0.958239
0 0.193121 0.514235 0.093407 0.335062 0.949908
3 0.027341 0.624278 0.053821 0.167290 0.948024
3 0.114622 0.621640 0.055372 0.157616 0.934324
3 0.594862 0.621046 0.046612 0.252790 0.920786
3 0.886619 0.766051 0.190443 0.467897 0.753368
3 0.991344 0.702311 0.016863 0.179714 0.574306
0 0.984423 0.612999 0.031154 0.352063 0.179097
9 0.991498 0.702055 0.016342 0.178779 0.016976
3 0.577792 0.700605 0.088307 0.371484 0.010726
3 0.133244 0.628441 0.074228 0.299335 0.003087
3 0.150964 0.631931 0.084076 0.289500 0.002632
3 0.592864 0.655914 0.056761 0.280600 0.001540
0 0.886690 0.765941 0.193405 0.468117 0.001018
