0 0.356201 0.364368 0.347406 0.621247 0.938815
0 0.121915 0.334943 0.018457 0.083985 0.891820
0 0.137916 0.337982 0.017802 0.076003 0.835860
0 0.828082 0.429033 0.015400 0.034806 0.714800
0 0.846585 0.427823 0.016625 0.041195 0.478521
0 0.830642 0.429913 0.012226 0.033585 0.393770
6 0.673324 0.733569 0.270497 0.529264 0.211927
5 0.673365 0.748137 0.271581 0.499236 0.072617
6 0.676564 0.831324 0.264096 0.334179 0.032265
5 0.676564 0.831324 0.264096 0.334179 0.015633
0 0.141576 0.328217 0.015273 0.079414 0.007376
0 0.848215 0.436900 0.019934 0.058521 0.007341
11 0.673324 0.733569 0.270497 0.529264 0.003255
5 0.755087 0.846860 0.107597 0.302522 0.001412
0 0.850316 0.443400 0.023948 0.047047 0.001295
3 0.676564 0.831324 0.264096 0.334179 0.001235
2 0.672954 0.733813 0.268985 0.529953 0.001070
