0 0.020107 0.698140 0.040140 0.313463 0.946939
0 0.074136 0.691167 0.064806 0.293120 0.941160
0 0.421452 0.706454 0.035965 0.178246 0.938424
0 0.636377 0.655305 0.032517 0.169254 0.937514
0 0.466128 0.725204 0.062440 0.198818 0.936991
4 0.823942 0.745942 0.035636 0.041008 0.915148
4 0.273842 0.634509 0.014138 0.032950 0.856264
0 0.116531 0.599914 0.027630 0.111794 0.409101
6 0.096303 0.762915 0.088036 0.226790 0.086243
3 0.096309 0.761061 0.088568 0.227884 0.073997
0 0.096260 0.761141 0.089534 0.231276 0.016311
0 0.093766 0.704146 0.087045 0.343331 0.003549
4 0.319763 0.490501 0.051764 0.031675 0.003414
