2 0.350026 0.577532 0.084890 0.109724 0.955642
2 0.762829 0.440378 0.040798 0.045263 0.935312
0 0.256419 0.445115 0.012731 0.052653 0.883129
0 0.303064 0.438223 0.013826 0.062539 0.882033
0 0.191885 0.439340 0.013741 0.060514 0.868176
0 0.149872 0.433947 0.015323 0.040211 0.868068
0 0.108242 0.458029 0.015387 0.063525 0.866571
0 0.229278 0.448623 0.012777 0.063006 0.857241
0 0.204360 0.449040 0.010982 0.044819 0.796265
0 0.098751 0.471765 0.011975 0.035357 0.763232
0 0.170282 0.429092 0.013803 0.032792 0.744267
0 0.217970 0.452621 0.009407 0.039540 0.729706
0 0.295673 0.453586 0.009117 0.031286 0.522432
0 0.241448 0.439006 0.007868 0.038295 0.209161
0 0.317840 0.426571 0.012158 0.046099 0.142875
0 0.160483 0.429121 0.008978 0.028017 0.135898
0 0.135328 0.441278 0.010145 0.024075 0.101929
0 0.219791 0.451186 0.010078 0.045198 0.036426
0 0.308586 0.439204 0.007392 0.057252 0.032364
0 0.170881 0.447914 0.016199 0.074920 0.022566
0 0.110748 0.449137 0.009111 0.051234 0.019349
0 0.133694 0.432280 0.011728 0.033811 0.016772
0 0.112107 0.432026 0.008423 0.018671 0.014242
0 0.240442 0.437040 0.010641 0.042218 0.011898
0 0.106824 0.455593 0.011625 0.058763 0.010338
0 0.225478 0.448006 0.009959 0.056273 0.008830
0 0.225298 0.453577 0.012173 0.045542 0.008127
0 0.132481 0.429336 0.011026 0.032225 0.006590
4 0.747637 0.361627 0.009047 0.017165 0.004711
0 0.100969 0.467786 0.009398 0.046718 0.002742
0 0.194829 0.453574 0.010274 0.039877 0.002184
0 0.134952 0.436389 0.012423 0.030279 0.001271
0 0.305513 0.438127 0.011873 0.060686 0.001145
0 0.187703 0.455802 0.008272 0.027274 0.001134
