2 0.414148 0.532718 0.043839 0.063729 0.936948
2 0.367250 0.527667 0.034334 0.063386 0.925157
0 0.334749 0.263449 0.009422 0.034279 0.786024
0 0.323794 0.264254 0.008433 0.034007 0.353048
0 0.357092 0.265009 0.007434 0.016286 0.018841
0 0.991248 0.184147 0.012585 0.032614 0.013911
0 0.365926 0.257603 0.008235 0.029552 0.001420
10 0.588738 0.894339 0.021000 0.023780 0.001387
2 0.334749 0.263449 0.009422 0.034279 0.001116
2 0.323388 0.265368 0.009239 0.033961 0.001080
0 0.994577 0.182813 0.009561 0.042050 0.001014
