2 0.617808 0.519640 0.063740 0.207760 0.964828
4 0.664411 0.803158 0.107302 0.294656 0.961539
2 0.695970 0.327905 0.048507 0.069412 0.946955
2 0.510232 0.396744 0.055816 0.119270 0.939417
2 0.652847 0.222157 0.028928 0.077663 0.933101
0 0.247845 0.177887 0.015528 0.078031 0.487578
0 0.297384 0.202034 0.008481 0.035910 0.098470
0 0.291033 0.201383 0.009210 0.039931 0.043397
0 0.298888 0.201227 0.009921 0.036842 0.015964
1 0.216756 0.220950 0.034172 0.020237 0.008620
0 0.303302 0.202069 0.009548 0.034638 0.008598
8 0.248110 0.177662 0.015145 0.077349 0.001788
