2 0.641165 0.798964 0.152179 0.243607 0.959045
0 0.963607 0.284240 0.071054 0.317017 0.944626
9 0.578539 0.136173 0.056330 0.113477 0.943103
0 0.922865 0.347108 0.044163 0.136583 0.936247
0 0.512075 0.088390 0.044692 0.171870 0.934758
0 0.471901 0.077382 0.032458 0.153500 0.924893
0 0.315094 0.036243 0.018783 0.072485 0.888235
0 0.352677 0.047989 0.027581 0.095978 0.878663
0 0.429874 0.067427 0.037791 0.132068 0.873486
0 0.396540 0.051397 0.032489 0.097606 0.858727
0 0.346151 0.046521 0.040393 0.093041 0.009633
0 0.498724 0.129150 0.022469 0.091355 0.005995
0 0.496581 0.125575 0.018081 0.078438 0.005624
2 0.662748 0.927931 0.107417 0.144138 0.003239
0 0.283219 0.028948 0.018150 0.057196 0.002212
