1 0.516954 0.416277 0.201432 0.084295 0.939979
4 0.389753 0.325701 0.021484 0.026883 0.909879
1 0.892248 0.456806 0.058091 0.020739 0.723813
1 0.873221 0.445798 0.065396 0.021311 0.623750
2 0.627466 0.501694 0.051532 0.056971 0.123780
1 0.869714 0.441967 0.061123 0.027855 0.098593
1 0.882237 0.451888 0.063492 0.022893 0.078332
1 0.895990 0.453712 0.051491 0.015392 0.048655
0 0.010407 0.257605 0.018543 0.091233 0.028235
1 0.881991 0.449448 0.077695 0.026299 0.011704
2 0.901014 0.444832 0.009397 0.016590 0.008095
0 0.901014 0.444832 0.009397 0.016590 0.003428
0 0.884061 0.446262 0.029334 0.019263 0.001771
1 0.880153 0.439129 0.073237 0.042448 0.001703
2 0.915965 0.399743 0.017823 0.024769 0.001276
0 0.890304 0.442355 0.013908 0.017123 0.001185
