6 0.793950 0.795751 0.411621 0.408497 0.970668
6 0.294595 0.723936 0.153466 0.157701 0.960526
8 0.271215 0.504465 0.067417 0.311138 0.948726
8 0.103602 0.603931 0.047175 0.227795 0.946179
6 0.148334 0.697799 0.064428 0.063310 0.934855
8 0.018871 0.631052 0.031810 0.146265 0.915308
6 0.043419 0.705191 0.043354 0.046417 0.908956
4 0.638915 0.626521 0.027030 0.172406 0.906808
6 0.203445 0.696743 0.078748 0.075662 0.894428
8 0.043034 0.118666 0.086067 0.060022 0.882036
6 0.018772 0.708307 0.018660 0.027523 0.718137
6 0.075568 0.707347 0.050880 0.037632 0.600426
8 0.004515 0.663749 0.008830 0.024027 0.005868
6 0.934458 0.656892 0.130267 0.293362 0.001991
8 0.006558 0.680695 0.011738 0.061835 0.001913
8 0.638864 0.627977 0.027089 0.175429 0.001834
6 0.010886 0.666695 0.019777 0.105160 0.001632
8 0.010886 0.666695 0.019777 0.105160 0.001589
6 0.009560 0.688238 0.019121 0.076344 0.001375
6 0.187013 0.716953 0.046338 0.037610 0.001002
