6 0.732213 0.741686 0.394240 0.259575 0.964762
6 0.268905 0.713851 0.156037 0.156828 0.961701
8 0.251621 0.490909 0.064848 0.314663 0.945512
6 0.178433 0.681172 0.079503 0.074928 0.940093
6 0.120682 0.682348 0.068522 0.063296 0.934268
8 0.078072 0.580850 0.045508 0.229479 0.927201
4 0.617256 0.625302 0.027184 0.160823 0.921296
6 0.018935 0.681537 0.037870 0.046420 0.887509
8 0.034348 0.081222 0.067821 0.044804 0.841404
0 0.372303 0.680788 0.018300 0.073568 0.825429
6 0.041752 0.686864 0.063893 0.038878 0.658705
4 0.643640 0.640092 0.017473 0.022711 0.043546
10 0.032716 0.081087 0.065432 0.046211 0.013266
4 0.748416 0.610742 0.050758 0.039121 0.006467
6 0.160981 0.702219 0.046025 0.032654 0.002344
6 0.160736 0.693465 0.045827 0.052032 0.002029
8 0.617136 0.625366 0.026630 0.159691 0.001303
