0 0.824979 0.644799 0.176264 0.707292 0.964560
0 0.659700 0.706038 0.131216 0.583720 0.961326
8 0.908726 0.377032 0.062008 0.425789 0.940708
0 0.706557 0.593324 0.033626 0.143987 0.934171
8 0.946464 0.483226 0.032790 0.142268 0.888091
8 0.870363 0.411596 0.028739 0.140138 0.878769
6 0.932047 0.541459 0.023528 0.026540 0.851303
4 0.903837 0.493988 0.022585 0.018914 0.563163
8 0.909341 0.493588 0.023303 0.094039 0.177449
4 0.906780 0.494257 0.023697 0.023524 0.027520
6 0.967765 0.532373 0.014023 0.029164 0.003014
6 0.905206 0.493506 0.024874 0.017893 0.001891
4 0.904861 0.498007 0.027631 0.029417 0.001595
6 0.971936 0.533329 0.015688 0.035865 0.001370
