5 0.902617 0.387691 0.108380 0.394180 0.974475
5 0.314849 0.437046 0.118049 0.280501 0.969386
5 0.713278 0.400453 0.113815 0.359422 0.967625
5 0.547160 0.433642 0.089720 0.332474 0.956770
5 0.245163 0.438647 0.076662 0.254098 0.955274
6 0.556156 0.236353 0.311814 0.188744 0.949450
11 0.194070 0.367496 0.184894 0.223985 0.687499
9 0.243078 0.398040 0.078375 0.189520 0.304710
9 0.218682 0.395249 0.129836 0.191650 0.169944
9 0.191552 0.372857 0.181322 0.217502 0.039006
5 0.158309 0.365651 0.113042 0.201637 0.008100
0 0.135147 0.348408 0.059799 0.212835 0.003236
6 0.194219 0.366378 0.183029 0.215937 0.003165
5 0.192366 0.371494 0.181145 0.219920 0.001914
