5 0.609382 0.575466 0.115586 0.292588 0.968180
5 0.756415 0.575371 0.106172 0.334111 0.967795
5 0.476585 0.578305 0.098065 0.278470 0.966392
5 0.312191 0.570440 0.076682 0.227473 0.960845
5 0.264478 0.560755 0.062065 0.204320 0.949773
4 0.322282 0.160373 0.050933 0.123888 0.926120
4 0.081018 0.267254 0.035906 0.074479 0.924977
4 0.037322 0.279748 0.034960 0.055973 0.919904
4 0.109976 0.273699 0.022191 0.055678 0.902207
9 0.289225 0.523050 0.088013 0.152980 0.872455
4 0.168875 0.345906 0.014548 0.021039 0.798813
