0 0.283429 0.447328 0.156056 0.702996 0.970659
0 0.395452 0.410829 0.113060 0.526001 0.964401
0 0.519719 0.450105 0.066368 0.155726 0.950887
6 0.096254 0.391983 0.075723 0.073552 0.931668
6 0.047996 0.433820 0.055365 0.079768 0.927664
6 0.121108 0.425520 0.053308 0.068936 0.915785
6 0.195604 0.379614 0.042881 0.058488 0.905889
0 0.452883 0.457822 0.061868 0.135218 0.880803
4 0.536759 0.347884 0.024462 0.049734 0.879122
0 0.473511 0.340446 0.020577 0.034310 0.852118
6 0.850989 0.287202 0.040551 0.036207 0.125262
0 0.196523 0.347787 0.014507 0.023921 0.050764
6 0.010560 0.412131 0.017246 0.065282 0.046779
6 0.029254 0.414789 0.035071 0.058969 0.005371
