0 0.657167 0.558454 0.063625 0.154469 0.953343
0 0.448447 0.571327 0.051329 0.140553 0.951519
0 0.566684 0.566078 0.048306 0.116111 0.935759
6 0.250049 0.476399 0.072771 0.064390 0.933976
0 0.592935 0.567363 0.049851 0.123502 0.933132
6 0.126288 0.534084 0.059666 0.077309 0.926964
8 0.392835 0.309597 0.080729 0.595344 0.925254
6 0.422250 0.456409 0.073821 0.052620 0.922679
6 0.201836 0.511010 0.053250 0.072531 0.922469
4 0.673617 0.457523 0.026328 0.051561 0.904358
4 0.529831 0.580464 0.031076 0.056299 0.903909
6 0.349176 0.465276 0.054447 0.058247 0.902412
6 0.269679 0.508977 0.048529 0.059578 0.898553
6 0.041659 0.493080 0.064736 0.048868 0.898417
6 0.051121 0.530095 0.056007 0.059669 0.895382
4 0.543828 0.516894 0.028673 0.037511 0.895172
0 0.467954 0.474290 0.017286 0.062450 0.874458
6 0.149004 0.491417 0.055623 0.059318 0.870515
0 0.611842 0.447477 0.018513 0.034691 0.840140
8 0.158486 0.497129 0.033975 0.198666 0.837615
6 0.186835 0.494132 0.039119 0.053238 0.776168
0 0.586750 0.453242 0.015625 0.028555 0.761540
6 0.488819 0.510174 0.039312 0.072211 0.673092
0 0.343658 0.435944 0.011112 0.017298 0.477961
6 0.192622 0.500151 0.045578 0.059256 0.023085
0 0.639626 0.444433 0.011194 0.024168 0.018647
0 0.590526 0.454036 0.015086 0.029871 0.013440
6 0.010597 0.504239 0.021194 0.033204 0.010315
6 0.058527 0.488504 0.030921 0.035229 0.009280
6 0.074889 0.467698 0.024431 0.029730 0.006883
6 0.348760 0.443620 0.020756 0.019519 0.005323
6 0.353606 0.449792 0.033753 0.028434 0.003474
6 0.029408 0.493612 0.040054 0.047408 0.003198
0 0.349913 0.433506 0.011861 0.021575 0.002645
6 0.702285 0.429653 0.037172 0.031563 0.002347
0 0.488829 0.510530 0.039368 0.072035 0.001837
0 0.566497 0.444053 0.008184 0.022109 0.001739
0 0.496971 0.466184 0.012212 0.034478 0.001670
6 0.349556 0.456575 0.051057 0.040941 0.001196
