3 0.251675 0.617804 0.152259 0.238037 0.965811
0 0.669564 0.534996 0.349530 0.819055 0.954832
8 0.891550 0.133004 0.095757 0.044743 0.936291
8 0.525508 0.153790 0.089057 0.047825 0.929098
6 0.799129 0.669666 0.053400 0.048320 0.928813
8 0.497654 0.057134 0.109569 0.066656 0.928013
6 0.559598 0.671899 0.048103 0.054991 0.920718
8 0.238604 0.075695 0.126666 0.070779 0.920542
8 0.949227 0.029808 0.101546 0.059137 0.919934
6 0.756386 0.671558 0.050045 0.051759 0.914689
8 0.321429 0.167131 0.091671 0.056460 0.910722
6 0.322271 0.673144 0.034227 0.049579 0.880174
0 0.663162 0.236573 0.337985 0.220259 0.001931
