2 0.770748 0.673337 0.064736 0.098046 0.954722
2 0.969562 0.629780 0.060794 0.078415 0.941243
1 0.593989 0.532109 0.091592 0.170644 0.935954
2 0.448264 0.626632 0.039279 0.059197 0.921179
2 0.799095 0.574798 0.028067 0.051698 0.897028
2 0.606000 0.602777 0.039522 0.056824 0.896267
2 0.752198 0.566327 0.031634 0.049533 0.886837
2 0.862557 0.443554 0.018236 0.026230 0.879992
0 0.613138 0.511941 0.030942 0.064298 0.878659
0 0.573526 0.526015 0.028149 0.059708 0.877708
2 0.661722 0.482334 0.017390 0.021575 0.875634
4 0.138184 0.579672 0.021481 0.035325 0.863924
2 0.659629 0.574805 0.027861 0.056767 0.852778
2 0.699109 0.563320 0.020926 0.040479 0.830938
2 0.525553 0.569051 0.030311 0.051146 0.823416
2 0.680420 0.553704 0.024541 0.048734 0.807042
2 0.713887 0.542254 0.028379 0.046327 0.773442
2 0.688239 0.582104 0.018734 0.052658 0.703932
2 0.218118 0.625194 0.014376 0.021377 0.658226
2 0.239793 0.620211 0.020728 0.024495 0.655323
2 0.507562 0.584586 0.017810 0.038652 0.346645
2 0.206881 0.624497 0.017188 0.019644 0.320026
2 0.667734 0.544602 0.018832 0.040621 0.244524
2 0.210282 0.625431 0.024406 0.021012 0.224829
2 0.481894 0.580588 0.023372 0.040447 0.118057
2 0.500403 0.590654 0.023647 0.040931 0.086241
2 0.486784 0.597732 0.033493 0.058950 0.072447
2 0.693879 0.564345 0.027074 0.039111 0.033496
2 0.510394 0.585297 0.020532 0.043952 0.024084
2 0.670045 0.549458 0.019132 0.048593 0.020124
2 0.684780 0.565780 0.025117 0.054530 0.013803
2 0.716243 0.556341 0.028802 0.031659 0.011113
2 0.686537 0.556888 0.031575 0.048129 0.010958
2 0.495867 0.596887 0.018923 0.055262 0.007294
2 0.715014 0.562464 0.031162 0.024079 0.005144
0 0.808188 0.357159 0.006764 0.021187 0.003259
2 0.512015 0.600087 0.024218 0.045664 0.003254
2 0.485136 0.584005 0.031618 0.044493 0.002451
9 0.780123 0.357102 0.011794 0.019925 0.001936
