0 0.448605 0.596726 0.150616 0.305050 0.962755
6 0.532150 0.687823 0.098002 0.064176 0.946622
8 0.234330 0.131971 0.096679 0.050850 0.933713
6 0.406018 0.745384 0.086278 0.062988 0.933175
8 0.209038 0.033111 0.124779 0.064121 0.931218
8 0.591091 0.147869 0.084269 0.044234 0.917160
8 0.654151 0.055281 0.112814 0.054846 0.913234
6 0.270459 0.668476 0.048382 0.051381 0.910317
6 0.380583 0.662912 0.031167 0.039427 0.902613
6 0.015708 0.682344 0.031167 0.048024 0.877917
6 0.331041 0.663162 0.030839 0.043234 0.874399
8 0.028451 0.122858 0.056901 0.046978 0.870416
6 0.357217 0.661057 0.032755 0.045699 0.656453
