0 0.575280 0.538138 0.172926 0.697362 0.964067
3 0.177124 0.626324 0.151553 0.239212 0.959893
8 0.497970 0.057406 0.108466 0.064553 0.949172
8 0.525688 0.155669 0.080314 0.043321 0.947343
8 0.238846 0.075684 0.129094 0.066838 0.941389
8 0.952782 0.027636 0.094436 0.055271 0.937422
6 0.797514 0.673556 0.054716 0.053643 0.928044
8 0.321686 0.165772 0.096235 0.050957 0.922858
8 0.892287 0.131555 0.107275 0.044857 0.918275
6 0.322930 0.673543 0.034566 0.042085 0.913916
6 0.644577 0.669922 0.030333 0.045356 0.912441
6 0.620626 0.669031 0.028189 0.044045 0.907825
6 0.756397 0.672518 0.049260 0.041877 0.900548
6 0.721985 0.666693 0.037665 0.048603 0.893987
6 0.672102 0.667946 0.032848 0.043063 0.883153
6 0.693189 0.667293 0.033077 0.041399 0.033297
6 0.688027 0.667713 0.025467 0.040971 0.001270
