2 0.723417 0.435922 0.051861 0.168305 0.953938
2 0.974746 0.416448 0.050091 0.140939 0.944641
2 0.611083 0.431632 0.037151 0.095785 0.924212
2 0.653054 0.427023 0.022216 0.152900 0.919781
2 0.690065 0.428881 0.019156 0.096333 0.897880
2 0.371080 0.431507 0.019035 0.081992 0.889438
2 0.918020 0.571887 0.058237 0.169032 0.848769
2 0.240448 0.349311 0.022169 0.082836 0.730905
2 0.653158 0.446325 0.020646 0.110385 0.688969
2 0.917974 0.545061 0.057750 0.114556 0.659367
2 0.988533 0.450909 0.022289 0.068119 0.649949
4 0.125973 0.129060 0.018769 0.043302 0.166690
2 0.403502 0.435891 0.031285 0.118615 0.069461
2 0.991431 0.478045 0.016129 0.144199 0.009090
2 0.990422 0.460291 0.017690 0.090730 0.008202
2 0.889681 0.481613 0.005193 0.057921 0.007116
2 0.526823 0.423896 0.022825 0.105279 0.006123
2 0.989660 0.482427 0.020679 0.132312 0.005515
2 0.402782 0.410434 0.030882 0.067918 0.004579
2 0.998062 0.448611 0.003876 0.072817 0.003265
2 0.984616 0.452020 0.029248 0.072667 0.002795
2 0.999250 0.436970 0.001500 0.051731 0.002291
