3 0.177343 0.624444 0.149150 0.234125 0.967332
0 0.607119 0.524179 0.254749 0.931514 0.964147
8 0.497653 0.058535 0.108130 0.076680 0.945369
8 0.525563 0.155411 0.093368 0.050168 0.944162
8 0.238084 0.075124 0.129923 0.070309 0.937843
8 0.891834 0.132023 0.093571 0.051203 0.934777
8 0.950147 0.034472 0.099707 0.067083 0.932885
8 0.320196 0.165948 0.088958 0.056408 0.926310
6 0.798119 0.670165 0.051790 0.057349 0.925316
6 0.756833 0.671495 0.050597 0.047339 0.921428
6 0.722442 0.667033 0.036349 0.049832 0.904999
6 0.323264 0.674221 0.034412 0.043303 0.898597
6 0.551438 0.669530 0.033429 0.047461 0.789903
