2 0.687522 0.620737 0.316762 0.344263 0.952344
2 0.040217 0.432298 0.031988 0.055320 0.877938
2 0.325682 0.349782 0.025615 0.030673 0.811456
2 0.291888 0.350936 0.028371 0.044470 0.320638
2 0.326510 0.370378 0.020156 0.021961 0.192056
0 0.113728 0.175876 0.019590 0.056034 0.158473
2 0.091202 0.375229 0.015482 0.020575 0.039870
2 0.127181 0.391331 0.008229 0.017431 0.033876
2 0.204994 0.440512 0.020052 0.029972 0.012896
9 0.571862 0.274084 0.020224 0.043932 0.007121
2 0.044252 0.539930 0.028184 0.035004 0.004597
0 0.040154 0.432281 0.031913 0.055264 0.003753
2 0.348239 0.325953 0.011987 0.020419 0.003314
2 0.326563 0.375041 0.021987 0.031689 0.001126
