0 0.315733 0.537510 0.365608 0.895165 0.967061
8 0.209148 0.044219 0.118312 0.083537 0.949578
8 0.026874 0.142294 0.053748 0.072798 0.941360
8 0.237145 0.149511 0.087750 0.070664 0.938835
8 0.593546 0.165956 0.089284 0.073454 0.936385
8 0.656766 0.074484 0.115529 0.066009 0.927922
6 0.509993 0.673393 0.050318 0.046662 0.906519
6 0.406301 0.674842 0.043902 0.041033 0.889655
6 0.471029 0.675357 0.048066 0.046847 0.867715
6 0.015811 0.695374 0.031013 0.046091 0.017408
6 0.435323 0.670929 0.033009 0.042312 0.008543
10 0.580073 0.990855 0.018401 0.014580 0.006611
10 0.579786 0.993159 0.022577 0.013682 0.002420
6 0.386666 0.000039 0.062866 0.000077 0.001835
6 0.396548 0.000000 0.060199 0.000000 0.001292
8 0.000000 0.094013 0.000000 0.188026 0.001270
6 0.342599 0.000313 0.080640 0.000627 0.001114
3 0.999367 0.742615 0.001265 0.174860 0.001090
