0 0.534029 0.715977 0.323263 0.563555 0.968810
8 0.299044 0.172743 0.089989 0.051450 0.945858
8 0.272213 0.068104 0.117706 0.070372 0.945053
8 0.072477 0.163007 0.109200 0.061449 0.931219
8 0.650511 0.184173 0.088775 0.042141 0.925678
6 0.330181 0.696961 0.048258 0.055366 0.914746
8 0.025724 0.059593 0.051447 0.062759 0.910579
6 0.071882 0.708278 0.041073 0.045707 0.910548
8 0.716556 0.089187 0.114960 0.059324 0.909673
6 0.441012 0.695244 0.031304 0.042615 0.885116
6 0.492073 0.689073 0.037675 0.045040 0.872992
6 0.414282 0.693799 0.030717 0.045236 0.870766
6 0.368113 0.695454 0.032490 0.043546 0.866292
6 0.466784 0.693372 0.032285 0.040854 0.859473
7 0.425592 0.625830 0.030085 0.037561 0.858434
6 0.392565 0.693915 0.028363 0.044180 0.851388
8 0.001086 0.059478 0.002171 0.100906 0.001333
6 0.447485 0.694902 0.040873 0.041105 0.001074
