0 0.618218 0.713778 0.316774 0.569315 0.974756
8 0.272615 0.072469 0.117564 0.074443 0.943225
0 0.390436 0.670795 0.178725 0.469800 0.935671
8 0.299443 0.177393 0.090274 0.052841 0.934489
8 0.026335 0.064450 0.052670 0.062137 0.930276
8 0.073217 0.167500 0.110807 0.066258 0.919411
8 0.650400 0.188285 0.089945 0.042472 0.917384
6 0.072107 0.711330 0.040144 0.043965 0.906262
8 0.716545 0.093575 0.110721 0.059111 0.899452
6 0.525496 0.698273 0.050620 0.044231 0.896320
6 0.563307 0.694314 0.045543 0.044966 0.889999
6 0.329036 0.702111 0.045852 0.047298 0.881519
7 0.320987 0.497653 0.021505 0.031820 0.881123
6 0.464455 0.695985 0.034992 0.044085 0.878205
6 0.495761 0.696002 0.031426 0.046051 0.010452
