0 0.363300 0.709043 0.175366 0.574256 0.972698
8 0.271830 0.069323 0.110176 0.068668 0.954828
8 0.299409 0.172408 0.087818 0.050568 0.948086
8 0.650135 0.184313 0.085618 0.037031 0.939414
8 0.715863 0.088536 0.115783 0.064106 0.939339
8 0.073370 0.162116 0.106671 0.055219 0.936822
8 0.026512 0.059309 0.052894 0.071163 0.925427
6 0.566096 0.691760 0.047497 0.047525 0.924447
6 0.525613 0.694642 0.046786 0.042742 0.904643
6 0.072597 0.708956 0.039529 0.043911 0.899225
6 0.442990 0.695119 0.031414 0.037806 0.894006
7 0.330459 0.658830 0.027276 0.040760 0.886486
6 0.491188 0.691055 0.033525 0.048196 0.880323
6 0.468108 0.695074 0.033187 0.038635 0.463808
7 0.471952 0.575008 0.006814 0.013979 0.001774
