0 0.529298 0.703853 0.215200 0.586068 0.964174
8 0.271725 0.068382 0.118174 0.072456 0.944647
8 0.299176 0.174207 0.089963 0.053832 0.941725
8 0.072827 0.164199 0.110498 0.066547 0.930442
8 0.650041 0.184343 0.089532 0.042976 0.926730
8 0.026158 0.060360 0.052316 0.062037 0.921342
6 0.330141 0.697931 0.047943 0.054284 0.918503
6 0.071655 0.707895 0.039446 0.044745 0.906455
8 0.716855 0.089385 0.110007 0.057056 0.896286
6 0.368680 0.696143 0.032093 0.044059 0.876893
7 0.449603 0.620190 0.019163 0.037623 0.871677
6 0.393522 0.694679 0.026786 0.044314 0.870178
6 0.415387 0.695890 0.034931 0.046258 0.852585
6 0.382157 0.000000 0.071787 0.000000 0.001291
6 0.423517 0.000095 0.083192 0.000190 0.001174
