0 0.365607 0.717158 0.271054 0.559697 0.974143
8 0.271719 0.068905 0.117476 0.072707 0.948061
8 0.298901 0.173779 0.088968 0.053101 0.945579
8 0.649985 0.184461 0.088664 0.042021 0.936496
8 0.073125 0.163895 0.110066 0.064230 0.932475
8 0.025737 0.059913 0.051474 0.062676 0.922175
6 0.565885 0.691265 0.045316 0.047792 0.921608
6 0.321818 0.698152 0.038635 0.047894 0.914752
8 0.716544 0.089914 0.112341 0.059340 0.912175
6 0.072081 0.707989 0.040589 0.044001 0.906965
6 0.524825 0.694576 0.049415 0.041091 0.906858
7 0.253155 0.651842 0.022128 0.038098 0.570192
6 0.491341 0.688494 0.033388 0.044690 0.222542
6 0.381900 0.000000 0.069772 0.000000 0.001002
