6 0.370983 0.884775 0.171786 0.161039 0.940962
8 0.206369 0.033503 0.115460 0.065796 0.926916
6 0.269708 0.666238 0.050444 0.049232 0.912626
8 0.589863 0.147723 0.088824 0.049263 0.905672
8 0.233227 0.131236 0.086346 0.057712 0.901827
0 0.506450 0.518464 0.198484 0.955358 0.897592
8 0.653716 0.056102 0.109587 0.065098 0.887550
6 0.381903 0.662100 0.032909 0.041448 0.884173
6 0.355795 0.659940 0.032955 0.043735 0.870517
6 0.618512 0.936592 0.155275 0.126816 0.863957
6 0.408292 0.659835 0.031656 0.042595 0.835753
6 0.014153 0.682132 0.028113 0.047511 0.833124
8 0.026432 0.125342 0.052453 0.052469 0.781635
6 0.308096 0.664065 0.032535 0.041421 0.754857
6 0.435627 0.655892 0.033628 0.039228 0.691453
6 0.388317 0.744994 0.034311 0.037285 0.036973
6 0.338915 0.661035 0.023133 0.042562 0.002937
3 0.619126 0.936119 0.155603 0.127762 0.001276
