0 0.209115 0.614607 0.156014 0.291283 0.961330
8 0.210730 0.045534 0.118117 0.069745 0.953417
8 0.239125 0.148366 0.094317 0.055830 0.939606
8 0.658330 0.072756 0.104806 0.053393 0.939529
6 0.133944 0.728703 0.081014 0.064279 0.935916
8 0.031508 0.137789 0.063015 0.046310 0.931959
6 0.275227 0.682871 0.042759 0.048523 0.928747
8 0.594400 0.164251 0.085128 0.046042 0.919802
6 0.470864 0.677061 0.046190 0.040643 0.903821
6 0.437325 0.672507 0.030578 0.044130 0.894280
6 0.385312 0.677704 0.029415 0.038126 0.890660
6 0.014474 0.694493 0.028491 0.045763 0.886412
6 0.332904 0.677783 0.027828 0.041119 0.886095
6 0.410482 0.675209 0.029577 0.041287 0.875258
6 0.358397 0.677330 0.031193 0.042461 0.485166
6 0.310499 0.680023 0.028180 0.038429 0.286671
8 0.000000 0.056561 0.000000 0.113122 0.014864
8 0.000000 0.040265 0.000000 0.080530 0.008211
8 0.000000 0.074299 0.000000 0.119919 0.007895
8 0.000000 0.090131 0.000000 0.066710 0.003503
8 0.000000 0.096151 0.000000 0.130096 0.002621
8 0.000018 0.062545 0.000037 0.058893 0.001643
8 0.001503 0.051952 0.003007 0.103904 0.001328
8 0.000790 0.067000 0.001579 0.134000 0.001164
6 0.378486 0.000311 0.049839 0.000621 0.001139
