0 0.342277 0.517414 0.207423 0.721798 0.966471
6 0.177290 0.779878 0.125564 0.092317 0.951215
6 0.470954 0.851369 0.122758 0.099834 0.951088
8 0.234231 0.133176 0.087389 0.045426 0.927845
6 0.269897 0.667006 0.047596 0.051206 0.924873
8 0.205646 0.029354 0.112621 0.056657 0.920013
8 0.655319 0.056144 0.095761 0.061929 0.905930
6 0.329859 0.661490 0.029686 0.042024 0.901920
8 0.591289 0.147095 0.077507 0.037331 0.895340
8 0.021058 0.125545 0.041832 0.056490 0.867126
6 0.308265 0.663738 0.030890 0.040201 0.833683
6 0.012734 0.679389 0.025251 0.043009 0.798973
6 0.438091 0.659484 0.029919 0.045026 0.011529
