0 0.539395 0.702258 0.263515 0.317571 0.964830
6 0.386902 0.838049 0.116829 0.091019 0.949687
6 0.490644 0.796519 0.106422 0.092643 0.946940
8 0.207255 0.033364 0.116064 0.065811 0.940976
6 0.269918 0.666415 0.050516 0.052186 0.930194
8 0.654389 0.055725 0.107489 0.053292 0.927228
8 0.235158 0.132078 0.093116 0.053493 0.925645
8 0.591118 0.147845 0.087838 0.046725 0.917595
6 0.434690 0.660346 0.036756 0.048154 0.903751
8 0.030171 0.122725 0.060342 0.042967 0.898819
6 0.382830 0.662043 0.032207 0.039384 0.898226
6 0.355352 0.660726 0.032654 0.047154 0.890611
6 0.330819 0.662692 0.030034 0.041506 0.881430
6 0.012968 0.680879 0.025919 0.044887 0.866986
6 0.407417 0.659690 0.028320 0.044889 0.855458
6 0.308131 0.665469 0.031419 0.038935 0.016608
8 0.000000 0.071826 0.000000 0.138761 0.001168
