0 0.511008 0.625174 0.124291 0.256939 0.956758
6 0.486648 0.736248 0.096247 0.077425 0.946992
8 0.234797 0.131211 0.095635 0.051007 0.935077
6 0.270308 0.665968 0.051081 0.050620 0.933025
8 0.208004 0.032839 0.121557 0.065021 0.931695
8 0.654396 0.055346 0.109663 0.053192 0.923207
8 0.591247 0.147126 0.086155 0.045700 0.917142
6 0.421680 0.714065 0.060288 0.056830 0.916947
6 0.434703 0.659765 0.038015 0.044511 0.899554
6 0.408129 0.660034 0.026527 0.042093 0.896048
6 0.330158 0.662379 0.029185 0.041915 0.894383
6 0.384027 0.662466 0.032957 0.036086 0.890118
8 0.029079 0.122085 0.058118 0.044509 0.879874
6 0.013676 0.681691 0.027185 0.049230 0.877273
6 0.355975 0.660814 0.031738 0.045910 0.845162
8 0.000000 0.073436 0.000000 0.146871 0.001215
