0 0.318667 0.526672 0.111464 0.581490 0.965296
6 0.276384 0.791402 0.104687 0.076982 0.945751
6 0.417029 0.714691 0.078546 0.064809 0.936172
6 0.268286 0.668370 0.046077 0.050352 0.926325
8 0.207801 0.032967 0.123067 0.064232 0.925047
8 0.234424 0.132703 0.097122 0.055186 0.922314
8 0.591005 0.148173 0.087915 0.045882 0.908425
6 0.356257 0.659298 0.033460 0.044786 0.907980
8 0.654068 0.055192 0.110456 0.053075 0.906841
8 0.030135 0.123390 0.060242 0.044101 0.871601
6 0.014127 0.682374 0.027990 0.047977 0.862376
6 0.405355 0.659206 0.033447 0.041760 0.767964
6 0.433556 0.658337 0.033989 0.047134 0.672460
6 0.336235 0.660083 0.024131 0.040838 0.012787
6 0.419908 0.658691 0.063786 0.047722 0.011708
0 0.453900 0.512738 0.095229 0.582594 0.001291
8 0.000000 0.090769 0.000000 0.132152 0.001234
8 0.000000 0.073022 0.000000 0.146043 0.001146
8 0.000000 0.079268 0.000000 0.070780 0.001069
