8 0.327619 0.107076 0.101566 0.073775 0.943855
0 0.522291 0.564712 0.196496 0.870575 0.940634
3 0.068105 0.699209 0.135030 0.262570 0.936746
8 0.356471 0.209943 0.079230 0.048396 0.934866
8 0.141878 0.212657 0.082874 0.053925 0.927976
8 0.705869 0.201477 0.080903 0.054692 0.924540
8 0.051810 0.111278 0.100205 0.076546 0.923892
6 0.391491 0.728482 0.042789 0.044940 0.918745
6 0.426054 0.723781 0.023872 0.034406 0.897732
8 0.743792 0.106146 0.027409 0.068894 0.891128
6 0.624788 0.719847 0.049911 0.041137 0.889797
6 0.142182 0.740653 0.031058 0.031792 0.874965
6 0.595374 0.720516 0.026858 0.035164 0.044568
6 0.462973 0.998654 0.072460 0.002692 0.001473
5 0.426218 0.723594 0.023859 0.034646 0.001147
