0 0.465747 0.475231 0.392803 0.945198 0.962114
3 0.105868 0.598452 0.175091 0.252424 0.951373
8 0.183037 0.122584 0.095335 0.055738 0.947985
8 0.395125 0.118913 0.082588 0.045358 0.941379
8 0.367545 0.026506 0.100126 0.050566 0.939927
8 0.097369 0.030746 0.129261 0.060593 0.939597
8 0.751959 0.107637 0.070116 0.057698 0.916387
6 0.192584 0.650121 0.030662 0.033799 0.908137
6 0.666044 0.632572 0.051305 0.032572 0.906179
6 0.635324 0.632608 0.042630 0.031513 0.884697
8 0.803451 0.013401 0.061348 0.026802 0.863270
8 0.737105 0.107359 0.037805 0.057065 0.005479
7 0.682627 0.450743 0.040551 0.048145 0.001917
0 0.469292 0.705114 0.387765 0.462866 0.001026
