0 0.441419 0.456853 0.246672 0.847501 0.958245
3 0.105502 0.597889 0.172906 0.252667 0.953334
8 0.394032 0.119584 0.080685 0.047047 0.945130
8 0.183235 0.123200 0.095863 0.056006 0.941240
8 0.098002 0.030473 0.128575 0.059682 0.927034
8 0.371366 0.025848 0.090162 0.049963 0.925426
6 0.666386 0.632136 0.050836 0.032702 0.900972
8 0.751556 0.108498 0.069792 0.058493 0.898811
6 0.192869 0.650562 0.030395 0.033729 0.896197
6 0.634908 0.632746 0.042864 0.031126 0.893747
8 0.803292 0.013282 0.060263 0.026327 0.844649
8 0.736497 0.107572 0.037033 0.056729 0.021901
6 0.643309 0.632442 0.026688 0.031620 0.004233
