2 0.951319 0.613432 0.041614 0.077868 0.932331
2 0.806191 0.633460 0.052187 0.080799 0.928199
8 0.857845 0.164579 0.050433 0.318742 0.927992
2 0.887744 0.603413 0.038358 0.074383 0.910473
2 0.452349 0.555011 0.029531 0.054134 0.885920
2 0.425771 0.573288 0.021749 0.087593 0.862684
2 0.597489 0.592100 0.028363 0.081211 0.849796
2 0.919888 0.614437 0.026265 0.070735 0.828039
2 0.640505 0.594191 0.033569 0.068282 0.796733
2 0.614744 0.588717 0.028998 0.070620 0.744245
2 0.620284 0.600368 0.046927 0.083357 0.590113
2 0.761933 0.580883 0.053098 0.099442 0.044191
2 0.626050 0.586173 0.022737 0.061462 0.003032
2 0.636073 0.590989 0.040264 0.077267 0.002630
