2 0.579737 0.341452 0.135041 0.247232 0.967772
2 0.866226 0.614534 0.258041 0.502522 0.964012
2 0.194543 0.207923 0.032899 0.065442 0.918995
2 0.381585 0.180829 0.029527 0.070280 0.863401
2 0.338585 0.191170 0.019390 0.057763 0.861737
2 0.356578 0.184410 0.028228 0.071979 0.860434
2 0.716028 0.144608 0.026337 0.072294 0.761542
2 0.748381 0.156566 0.014328 0.053442 0.405781
2 0.457128 0.174453 0.018243 0.049672 0.045987
2 0.415874 0.177844 0.023586 0.054599 0.007802
5 0.618678 0.883701 0.034888 0.129831 0.001153
