2 0.450427 0.367378 0.036842 0.066289 0.927683
9 0.216381 0.242378 0.010003 0.034160 0.394442
0 0.228497 0.222976 0.004840 0.016279 0.263987
0 0.221836 0.222595 0.005852 0.014576 0.160060
0 0.229434 0.222806 0.005256 0.016480 0.022986
0 0.220740 0.224934 0.006292 0.014588 0.014548
2 0.784267 0.509840 0.009670 0.013618 0.003094
9 0.220740 0.224934 0.006292 0.014588 0.002460
0 0.209289 0.220338 0.006807 0.017708 0.002207
0 0.219520 0.227363 0.007151 0.014419 0.001834
8 0.041315 0.979023 0.082629 0.041955 0.001359
