2 0.883628 0.376859 0.094749 0.120288 0.956944
2 0.768883 0.315066 0.084756 0.095144 0.944983
0 0.810472 0.048640 0.029202 0.089981 0.927480
8 0.951719 0.110196 0.019119 0.037446 0.896899
8 0.746382 0.076972 0.010606 0.022757 0.874028
8 0.641198 0.063718 0.011282 0.029377 0.865184
2 0.419597 0.447485 0.105767 0.250235 0.757844
0 0.501640 0.051250 0.019142 0.065845 0.617784
9 0.766547 0.030867 0.032270 0.051764 0.591804
0 0.738028 0.036033 0.019381 0.064405 0.493721
0 0.986879 0.063706 0.026241 0.123157 0.470085
0 0.759625 0.030452 0.017729 0.053436 0.276869
0 0.742689 0.033458 0.028287 0.060398 0.254805
8 0.850361 0.103868 0.008127 0.015265 0.156426
0 0.768883 0.031197 0.027176 0.051366 0.119422
0 0.755513 0.030336 0.013987 0.053931 0.095402
9 0.771181 0.031195 0.023002 0.050632 0.028486
0 0.753089 0.034729 0.047394 0.062922 0.021698
8 0.849873 0.098670 0.008817 0.012730 0.021464
2 0.641282 0.063777 0.011005 0.029172 0.014627
0 0.991209 0.064719 0.017536 0.123676 0.007430
9 0.757850 0.031400 0.049868 0.054619 0.006452
8 0.851011 0.109446 0.009473 0.021201 0.003162
2 0.850361 0.103868 0.008127 0.015265 0.002218
0 0.737810 0.030100 0.028181 0.057356 0.001392
2 0.849873 0.098670 0.008817 0.012730 0.001260
