2 0.347688 0.718613 0.046043 0.088935 0.936861
0 0.316610 0.266779 0.044928 0.172189 0.896614
2 0.509016 0.521962 0.020866 0.050018 0.892071
4 0.741765 0.186701 0.015889 0.039333 0.863225
0 0.203288 0.196056 0.012930 0.042514 0.858638
4 0.730585 0.183186 0.014499 0.034286 0.857530
2 0.693891 0.246179 0.012094 0.016938 0.856409
2 0.453306 0.324158 0.010814 0.020456 0.839094
2 0.379262 0.256453 0.112166 0.297651 0.783486
0 0.379066 0.257201 0.112193 0.297997 0.318556
2 0.178862 0.367137 0.012724 0.020158 0.270989
2 0.317870 0.266686 0.047337 0.172890 0.033207
0 0.422883 0.283603 0.016330 0.062421 0.020481
2 0.451645 0.326830 0.013595 0.025025 0.012877
2 0.439878 0.323387 0.010832 0.020255 0.011793
2 0.447496 0.325537 0.014990 0.021341 0.001963
2 0.308279 0.240983 0.027871 0.108102 0.001466
8 0.453154 0.324027 0.010231 0.020185 0.001194
4 0.755498 0.117304 0.354932 0.234609 0.001160
2 0.524640 0.312206 0.042479 0.035953 0.001038
