2 0.316557 0.691328 0.049580 0.110458 0.942963
2 0.410524 0.917185 0.033965 0.093729 0.937272
2 0.968302 0.797042 0.036205 0.068083 0.925156
2 0.819220 0.715673 0.040598 0.071782 0.921899
2 0.966968 0.521014 0.021671 0.034236 0.898362
2 0.523554 0.114301 0.018098 0.031549 0.898254
2 0.834107 0.081262 0.016929 0.027775 0.891437
2 0.579820 0.450446 0.023844 0.046110 0.888676
2 0.885556 0.670048 0.024261 0.055932 0.886341
2 0.950555 0.556819 0.020875 0.041846 0.873535
2 0.746282 0.436297 0.019750 0.042305 0.872342
