0 0.308286 0.297751 0.040381 0.175401 0.946976
2 0.454727 0.654114 0.048844 0.086520 0.939571
2 0.078772 0.887519 0.034541 0.093257 0.912571
2 0.630443 0.487898 0.037193 0.048860 0.907900
2 0.526665 0.358180 0.009489 0.020587 0.891439
2 0.457701 0.287661 0.046679 0.295915 0.889742
2 0.509793 0.355794 0.007721 0.019149 0.868708
2 0.746516 0.288743 0.010600 0.018320 0.864543
4 0.795644 0.231261 0.015975 0.039026 0.855400
4 0.785007 0.227097 0.014597 0.033049 0.850153
2 0.256968 0.380739 0.010395 0.025055 0.616611
0 0.230689 0.226014 0.012974 0.037359 0.209832
0 0.457639 0.287129 0.046557 0.297581 0.119834
2 0.499948 0.359258 0.009610 0.014670 0.045227
8 0.509892 0.356004 0.007531 0.019350 0.010080
2 0.575383 0.348632 0.042799 0.034802 0.005778
2 0.506951 0.356639 0.013022 0.019595 0.002166
6 0.457701 0.287661 0.046679 0.295915 0.001333
2 0.058471 0.314761 0.014014 0.021524 0.001255
