0 0.048909 0.529906 0.077094 0.269891 0.952820
0 0.236887 0.512154 0.050651 0.249852 0.937487
8 0.667763 0.315960 0.051604 0.253338 0.934175
0 0.189640 0.490171 0.049678 0.207098 0.933491
0 0.283327 0.504815 0.041022 0.206857 0.932362
0 0.370692 0.475680 0.039023 0.200575 0.929946
0 0.410588 0.500224 0.049330 0.213201 0.929512
0 0.334498 0.481596 0.030045 0.174864 0.920228
0 0.633652 0.474237 0.027457 0.152714 0.919777
0 0.541473 0.478067 0.024890 0.169958 0.913848
0 0.017803 0.485535 0.035493 0.231471 0.910212
0 0.471271 0.492958 0.031982 0.161601 0.906740
8 0.432373 0.218632 0.077040 0.375566 0.906167
0 0.609219 0.451325 0.019896 0.112945 0.865823
0 0.313451 0.471070 0.024922 0.152115 0.862078
0 0.580431 0.457385 0.018577 0.112624 0.846499
0 0.879365 0.460212 0.020151 0.109918 0.842433
0 0.516649 0.450650 0.017217 0.102510 0.841764
4 0.743094 0.372576 0.014755 0.011983 0.832198
0 0.422783 0.446622 0.018034 0.096582 0.831199
0 0.450836 0.452889 0.020593 0.101523 0.825480
0 0.654576 0.438133 0.013744 0.076114 0.814193
0 0.487423 0.438431 0.017325 0.078274 0.778685
0 0.937484 0.421927 0.016395 0.027410 0.765380
0 0.170146 0.439214 0.014189 0.118736 0.763321
4 0.689632 0.363150 0.013784 0.021357 0.711621
0 0.550263 0.453651 0.011666 0.108330 0.710838
0 0.435350 0.446548 0.017914 0.099030 0.706407
0 0.871243 0.414909 0.006987 0.025060 0.649941
0 0.253829 0.405552 0.022781 0.066356 0.629444
0 0.880854 0.417152 0.011111 0.024641 0.475574
0 0.573175 0.453063 0.011782 0.106713 0.416795
0 0.838755 0.470138 0.019644 0.095313 0.397450
0 0.473471 0.403163 0.009443 0.027238 0.378942
0 0.878783 0.415480 0.013029 0.025342 0.318636
0 0.498651 0.409718 0.009296 0.040228 0.310843
0 0.456386 0.400677 0.007856 0.020493 0.174361
0 0.496993 0.406754 0.008229 0.034737 0.121611
0 0.507146 0.415630 0.006941 0.041366 0.079283
2 0.506208 0.979677 0.081077 0.040003 0.060669
0 0.880240 0.420091 0.014550 0.029922 0.051769
0 0.589153 0.447131 0.014644 0.098235 0.046422
0 0.576427 0.454271 0.018448 0.110635 0.034420
0 0.592492 0.444457 0.011172 0.089183 0.031699
0 0.295780 0.410901 0.016465 0.062247 0.024266
0 0.875254 0.417908 0.009492 0.025207 0.022200
0 0.507973 0.428966 0.006514 0.070130 0.017366
0 0.455109 0.399928 0.007939 0.022026 0.016160
0 0.233981 0.395084 0.008600 0.024519 0.013260
0 0.404551 0.440859 0.024848 0.091450 0.012058
0 0.555287 0.400018 0.006618 0.019108 0.008656
0 0.500882 0.414196 0.006820 0.043949 0.008450
0 0.588066 0.403253 0.007438 0.025145 0.007430
0 0.502017 0.416117 0.007079 0.047683 0.006983
0 0.645330 0.424334 0.008197 0.052296 0.006927
8 0.506456 0.980323 0.080516 0.038670 0.006173
0 0.905746 0.422565 0.010244 0.032042 0.005150
0 0.642748 0.415615 0.007704 0.034152 0.005073
0 0.418945 0.413070 0.008760 0.042298 0.005048
0 0.431580 0.412493 0.008907 0.040105 0.004441
0 0.834187 0.427722 0.015205 0.023547 0.003691
0 0.508273 0.440927 0.006309 0.092268 0.003253
0 0.416709 0.400647 0.005615 0.024973 0.002945
0 0.834661 0.430025 0.011857 0.026731 0.002825
0 0.934531 0.419921 0.015771 0.031348 0.002580
0 0.509425 0.410719 0.007211 0.038043 0.002536
0 0.550654 0.398396 0.008053 0.022637 0.002358
0 0.586418 0.402122 0.008070 0.025368 0.002311
0 0.561983 0.428125 0.012457 0.059446 0.002263
0 0.517369 0.401386 0.007065 0.023184 0.002132
0 0.651736 0.440373 0.014595 0.083674 0.002078
0 0.582750 0.404847 0.010645 0.026562 0.001861
0 0.000000 0.483396 0.000000 0.224446 0.001708
0 0.207677 0.417472 0.013736 0.068718 0.001575
0 0.480418 0.404749 0.006322 0.019424 0.001422
0 0.927331 0.422619 0.013893 0.025020 0.001392
0 0.929488 0.421282 0.017170 0.028115 0.001301
0 0.466829 0.409454 0.005531 0.017844 0.001260
0 0.579681 0.400274 0.006255 0.022643 0.001234
0 0.591486 0.412456 0.009509 0.036630 0.001145
0 0.562746 0.441109 0.013444 0.086011 0.001049
