8 0.648040 0.426330 0.051441 0.245121 0.944586
0 0.348895 0.578049 0.039886 0.190890 0.944284
0 0.402936 0.585181 0.041651 0.183338 0.933604
0 0.161827 0.583448 0.037962 0.190327 0.931256
0 0.234052 0.576712 0.044065 0.191183 0.928851
0 0.315059 0.560754 0.025035 0.142661 0.919863
0 0.083770 0.565959 0.043791 0.218463 0.910637
8 0.415801 0.326408 0.073436 0.368207 0.904935
0 0.018742 0.623414 0.037034 0.267636 0.896541
0 0.566276 0.560552 0.018980 0.124354 0.891428
0 0.436201 0.568046 0.023052 0.142065 0.884266
0 0.668852 0.549066 0.021098 0.090417 0.884193
0 0.520872 0.562427 0.018745 0.117351 0.878076
0 0.029092 0.584373 0.055634 0.214449 0.875336
4 0.722725 0.482638 0.014265 0.011360 0.865318
0 0.415458 0.551823 0.019900 0.109616 0.853894
0 0.540992 0.552000 0.014025 0.093068 0.853153
0 0.605102 0.542181 0.015368 0.093424 0.846499
0 0.736441 0.550418 0.016150 0.095395 0.838174
0 0.486147 0.554266 0.015539 0.099152 0.836335
0 0.614820 0.550453 0.015001 0.089252 0.833531
4 0.670796 0.474633 0.012403 0.020439 0.777450
0 0.469284 0.566549 0.015445 0.117318 0.765800
0 0.496414 0.547337 0.010635 0.082001 0.727062
0 0.857091 0.526458 0.014054 0.028321 0.661691
0 0.694524 0.532035 0.008338 0.047382 0.484356
0 0.380562 0.532697 0.013314 0.062197 0.480239
0 0.505667 0.528127 0.006327 0.045856 0.416757
0 0.461021 0.553802 0.010360 0.089942 0.400598
0 0.946675 0.556664 0.026486 0.132184 0.327092
0 0.514936 0.512056 0.007858 0.032772 0.240757
0 0.552597 0.521418 0.009970 0.048244 0.234308
4 0.729386 0.505926 0.009478 0.021904 0.197089
0 0.504398 0.529760 0.006418 0.046939 0.145970
0 0.493452 0.520317 0.007638 0.029730 0.137293
0 0.477131 0.555883 0.011358 0.101204 0.128663
0 0.550728 0.524482 0.010305 0.051256 0.110253
0 0.514690 0.518174 0.008342 0.044651 0.109397
0 0.572827 0.520474 0.008564 0.041064 0.092853
0 0.493899 0.541342 0.008456 0.070857 0.089827
0 0.463010 0.556350 0.011689 0.097471 0.081516
0 0.531421 0.515148 0.008502 0.032861 0.078520
0 0.494733 0.529777 0.008403 0.046864 0.057288
0 0.476468 0.538149 0.009729 0.063192 0.054678
0 0.551303 0.517560 0.007958 0.041889 0.053283
0 0.553910 0.526545 0.009303 0.052485 0.043861
0 0.498116 0.538704 0.010305 0.069261 0.038487
0 0.555890 0.527223 0.007034 0.057946 0.036315
0 0.571689 0.528431 0.011848 0.057001 0.036094
0 0.489396 0.552181 0.013200 0.095031 0.031995
0 0.493681 0.525630 0.008005 0.038489 0.026711
0 0.729386 0.505926 0.009478 0.021904 0.020837
0 0.507112 0.535271 0.006941 0.061389 0.017367
0 0.550896 0.526608 0.007522 0.050931 0.015897
0 0.244194 0.578742 0.024026 0.163825 0.015690
0 0.460182 0.541714 0.009118 0.065838 0.013607
0 0.476561 0.522618 0.008205 0.035796 0.012743
0 0.491912 0.517409 0.006766 0.028427 0.012121
0 0.512333 0.521588 0.008702 0.041640 0.010622
0 0.514718 0.526314 0.009463 0.058451 0.009442
0 0.476346 0.514899 0.007671 0.023456 0.008807
0 0.505624 0.540431 0.007378 0.074339 0.007735
4 0.889965 0.464238 0.016315 0.044512 0.006299
0 0.515684 0.515770 0.009709 0.036955 0.005785
0 0.574367 0.516194 0.008241 0.032494 0.005387
0 0.974846 0.628678 0.050232 0.300993 0.003846
0 0.486230 0.519706 0.008772 0.035585 0.003095
0 0.445918 0.521549 0.005476 0.040191 0.002639
0 0.860815 0.526014 0.010697 0.022376 0.002614
0 0.494841 0.517657 0.008032 0.027997 0.002378
0 0.486188 0.527460 0.010112 0.045603 0.002316
0 0.501414 0.543079 0.007033 0.073890 0.002173
0 0.573348 0.509093 0.009933 0.035119 0.002157
0 0.887344 0.533912 0.008189 0.017397 0.002111
0 0.379847 0.539303 0.015587 0.076729 0.001622
0 0.446511 0.527299 0.005037 0.047556 0.001574
0 0.520499 0.509472 0.007130 0.024607 0.001484
0 0.696982 0.529913 0.010345 0.050902 0.001366
0 0.532241 0.511640 0.007914 0.036612 0.001253
0 0.499782 0.545398 0.009994 0.088495 0.001022
