0 0.704038 0.498969 0.060268 0.263883 0.952494
0 0.041499 0.564750 0.081733 0.317752 0.951243
0 0.528838 0.480975 0.056300 0.226212 0.943930
0 0.337215 0.491305 0.058710 0.223549 0.940392
0 0.200057 0.565147 0.057879 0.269103 0.931291
0 0.139119 0.532526 0.057242 0.243082 0.924879
8 0.784673 0.201539 0.076873 0.390859 0.922633
0 0.395481 0.521183 0.059991 0.244423 0.921187
0 0.840888 0.467644 0.036529 0.184700 0.920652
0 0.466511 0.479764 0.036959 0.193642 0.917670
0 0.659634 0.464193 0.032088 0.157187 0.917357
0 0.239159 0.466268 0.028128 0.195193 0.914608
0 0.754473 0.466368 0.034116 0.188515 0.914289
0 0.554587 0.429783 0.029558 0.130406 0.911494
0 0.899578 0.437458 0.029147 0.139402 0.906476
0 0.110658 0.530587 0.077605 0.290176 0.903486
0 0.940981 0.438307 0.028515 0.149852 0.896728
0 0.869018 0.446231 0.022514 0.141092 0.891081
0 0.917314 0.432620 0.022283 0.129173 0.875544
0 0.776694 0.454629 0.029103 0.159698 0.863119
0 0.372218 0.436496 0.017750 0.133099 0.861523
0 0.814108 0.445033 0.024776 0.148579 0.827256
0 0.791573 0.447214 0.020682 0.139622 0.800514
0 0.064468 0.510172 0.041687 0.219745 0.741335
0 0.205028 0.429691 0.010557 0.059575 0.637002
0 0.978243 0.416621 0.021928 0.115304 0.449131
0 0.122025 0.465515 0.026837 0.108911 0.429977
0 0.959791 0.412264 0.017907 0.102973 0.245815
0 0.667491 0.409876 0.017557 0.077051 0.180042
0 0.994126 0.432071 0.010736 0.123320 0.169375
0 0.136461 0.444760 0.032570 0.136233 0.142204
0 0.119378 0.401070 0.010440 0.042996 0.055204
0 0.493522 0.437220 0.026193 0.107740 0.038975
0 0.225347 0.531484 0.046229 0.206171 0.032520
0 0.192741 0.416801 0.013515 0.040551 0.019440
0 0.372207 0.411725 0.017309 0.084204 0.018674
0 0.120754 0.403447 0.012873 0.056838 0.017022
0 0.227178 0.577670 0.039192 0.110788 0.012091
0 0.126920 0.517159 0.035676 0.220807 0.010759
0 0.133950 0.420470 0.022821 0.089757 0.009036
0 0.227711 0.555378 0.043895 0.151426 0.008025
0 0.122038 0.425382 0.015407 0.101736 0.007405
0 0.127669 0.426479 0.018137 0.102310 0.005909
0 0.000000 0.561192 0.000000 0.315648 0.004224
0 0.927692 0.405073 0.010928 0.078806 0.003566
0 0.208498 0.432042 0.015546 0.061775 0.003509
0 0.000000 0.454459 0.000000 0.127001 0.003344
0 0.000000 0.494119 0.000000 0.188195 0.003218
0 0.000000 0.636426 0.000000 0.257946 0.002467
0 0.909915 0.403921 0.008937 0.070744 0.001893
0 0.716284 0.455564 0.031517 0.122277 0.001722
0 0.737563 0.430235 0.018762 0.081391 0.001368
0 0.006165 0.501464 0.010726 0.173182 0.001105
0 0.841912 0.376200 0.006075 0.022274 0.001039
0 0.128267 0.419959 0.014198 0.089243 0.001033
