0 0.693570 0.614458 0.082260 0.299852 0.961822
0 0.282539 0.674092 0.086683 0.284416 0.957216
0 0.773232 0.602576 0.053379 0.235394 0.953605
0 0.567722 0.621852 0.064654 0.236745 0.950927
0 0.194777 0.639033 0.052652 0.187393 0.946403
0 0.361614 0.614657 0.037626 0.161141 0.944567
0 0.456434 0.609312 0.048616 0.218909 0.939098
0 0.519445 0.599695 0.057668 0.191256 0.932471
0 0.097319 0.658637 0.042382 0.212935 0.923755
4 0.556174 0.374673 0.029654 0.056189 0.923530
0 0.162635 0.636171 0.029993 0.149230 0.921440
0 0.428641 0.619401 0.038202 0.200113 0.914955
8 0.199497 0.339517 0.094477 0.669199 0.911638
0 0.121218 0.645698 0.034213 0.204993 0.896062
9 0.382369 0.619975 0.064650 0.091780 0.895633
0 0.013483 0.635676 0.025195 0.137271 0.874543
0 0.047482 0.625300 0.021864 0.111701 0.867785
5 0.856960 0.562344 0.091890 0.112172 0.835195
0 0.075927 0.628572 0.028931 0.149192 0.602035
0 0.072436 0.605715 0.020700 0.103828 0.035970
0 0.073265 0.622988 0.022584 0.131976 0.030592
4 0.249019 0.525409 0.016795 0.036856 0.021412
0 0.047178 0.602752 0.020999 0.065311 0.017915
9 0.364132 0.627977 0.035041 0.096586 0.003833
0 0.000000 0.628688 0.000000 0.133758 0.003205
0 0.000000 0.688968 0.000000 0.258245 0.001605
0 0.009063 0.632556 0.016800 0.134864 0.001049
