0 0.565242 0.573454 0.065593 0.231679 0.950902
0 0.902314 0.524564 0.067122 0.292243 0.950795
0 0.508901 0.602965 0.060767 0.257006 0.949452
0 0.393566 0.617933 0.061546 0.231563 0.948725
0 0.331394 0.603744 0.044567 0.187004 0.945126
8 0.231228 0.328194 0.079391 0.644778 0.925553
0 0.479242 0.589778 0.037309 0.243429 0.924259
0 0.039790 0.643820 0.042616 0.181765 0.921144
0 0.849928 0.536976 0.061713 0.242307 0.920624
0 0.093091 0.624001 0.037075 0.149262 0.918499
0 0.813756 0.528014 0.035626 0.243246 0.915070
4 0.578779 0.338508 0.029730 0.056702 0.913063
9 0.415292 0.592712 0.061945 0.092188 0.904364
4 0.275897 0.508919 0.019873 0.043107 0.903476
0 0.054006 0.626237 0.028610 0.153055 0.844643
0 0.975471 0.515974 0.047599 0.233107 0.415507
0 0.006627 0.637877 0.012217 0.120898 0.240846
0 0.289627 0.553359 0.005787 0.019262 0.176521
0 0.007515 0.674664 0.013899 0.201204 0.091954
5 0.907636 0.523465 0.052544 0.075561 0.039560
0 0.000329 0.626987 0.000658 0.101347 0.002353
0 0.000059 0.615114 0.000119 0.071641 0.001711
0 0.000000 0.671160 0.000000 0.204485 0.001532
5 0.902637 0.525907 0.067111 0.294851 0.001505
