9 0.796773 0.376493 0.061515 0.096469 0.955817
0 0.532805 0.397693 0.044282 0.154810 0.940711
8 0.149634 0.292713 0.083800 0.262446 0.939596
0 0.306515 0.403453 0.019541 0.101551 0.905343
0 0.339748 0.401013 0.021914 0.101367 0.903805
0 0.380325 0.403674 0.026966 0.129118 0.891646
4 0.655974 0.288360 0.022200 0.042646 0.880080
0 0.237351 0.410560 0.017694 0.089695 0.876189
8 0.073740 0.320497 0.044545 0.125101 0.865970
0 0.201279 0.403903 0.014790 0.073046 0.857274
4 0.989475 0.101158 0.021051 0.069970 0.842429
0 0.217749 0.403973 0.012207 0.070943 0.820149
8 0.054735 0.350087 0.032400 0.083033 0.804595
0 0.144495 0.407377 0.009938 0.052537 0.798108
0 0.122692 0.409489 0.010784 0.057691 0.792212
0 0.096559 0.416295 0.010047 0.053638 0.782027
4 0.081009 0.377207 0.006962 0.013878 0.739303
0 0.064840 0.415917 0.009972 0.046362 0.734617
0 0.013983 0.417074 0.009671 0.026598 0.721925
0 0.074492 0.419049 0.010072 0.049422 0.713848
0 0.029811 0.412101 0.007828 0.030262 0.663855
0 0.102264 0.413932 0.007914 0.049156 0.633630
8 0.049082 0.359781 0.021277 0.065979 0.623378
0 0.132684 0.408893 0.009323 0.047690 0.527867
4 0.067453 0.384524 0.009023 0.011398 0.451268
0 0.057717 0.412351 0.007227 0.032121 0.424029
0 0.038800 0.410941 0.007356 0.027428 0.404090
0 0.056438 0.412503 0.006753 0.030654 0.357509
0 0.367196 0.389799 0.018146 0.104381 0.335529
0 0.049502 0.411356 0.007509 0.028096 0.326549
0 0.100133 0.415699 0.007994 0.054531 0.307287
8 0.045930 0.370071 0.018568 0.045290 0.297054
0 0.027962 0.413606 0.008276 0.030458 0.245757
0 0.046943 0.410384 0.006790 0.024928 0.242031
0 0.366011 0.385442 0.014077 0.092975 0.186463
0 0.084850 0.404495 0.003913 0.029634 0.159651
0 0.044387 0.410291 0.006647 0.025797 0.156832
0 0.054684 0.411877 0.006626 0.028456 0.147615
0 0.024104 0.413501 0.006717 0.025705 0.086172
0 0.039581 0.413438 0.007244 0.032030 0.084078
8 0.044302 0.376965 0.017627 0.046143 0.080838
0 0.078483 0.409948 0.008341 0.034034 0.067690
0 0.062353 0.411744 0.009404 0.036777 0.062911
0 0.079399 0.416986 0.006623 0.049086 0.051113
0 0.047803 0.413999 0.007558 0.030656 0.035737
8 0.050062 0.365406 0.015985 0.056914 0.028591
0 0.021738 0.415858 0.006730 0.031128 0.027806
0 0.031693 0.413078 0.007903 0.032881 0.020659
0 0.126000 0.410307 0.012378 0.056026 0.019529
0 0.364895 0.375262 0.012123 0.074421 0.016973
0 0.071609 0.417452 0.009227 0.049223 0.016129
0 0.053887 0.408143 0.006996 0.028710 0.014171
0 0.009045 0.418316 0.008078 0.020686 0.012289
0 0.076517 0.415744 0.010616 0.046233 0.008034
0 0.370005 0.397599 0.016211 0.113492 0.007967
4 0.002420 0.373306 0.004840 0.014064 0.007198
0 0.315167 0.391281 0.012264 0.071917 0.005934
0 0.015697 0.414524 0.010298 0.031173 0.005068
0 0.094716 0.414895 0.009404 0.051637 0.004306
0 0.045145 0.407579 0.007998 0.027537 0.003928
4 0.667121 0.335802 0.006625 0.019061 0.003288
4 0.058185 0.366677 0.028620 0.052096 0.002752
0 0.104858 0.387998 0.007079 0.016026 0.002213
0 0.034865 0.409635 0.009121 0.031373 0.001768
0 0.106390 0.409197 0.008238 0.039745 0.001729
0 0.202955 0.427278 0.011270 0.028918 0.001677
8 0.058185 0.366677 0.028620 0.052096 0.001430
0 0.316532 0.375108 0.008075 0.038433 0.001359
0 0.003218 0.377441 0.006437 0.054900 0.001110
6 0.067453 0.384524 0.009023 0.011398 0.001035
