0 0.418431 0.926257 0.025282 0.141104 0.939749
0 0.046277 0.934804 0.029019 0.130392 0.938113
0 0.251977 0.906702 0.024340 0.125406 0.918101
0 0.322067 0.920292 0.027571 0.152310 0.906564
0 0.708681 0.896399 0.032945 0.080838 0.904076
0 0.105385 0.900589 0.028242 0.058614 0.891658
0 0.662500 0.953281 0.026669 0.089867 0.833366
0 0.009044 0.878817 0.018011 0.087511 0.706363
0 0.304705 0.924189 0.023535 0.142546 0.634168
0 0.037096 0.880311 0.013688 0.052093 0.503640
5 0.178878 0.891506 0.012738 0.036008 0.479110
5 0.080741 0.888255 0.018180 0.042767 0.421262
0 0.646157 0.879202 0.017829 0.048844 0.352484
0 0.609372 0.894315 0.018418 0.048958 0.262215
0 0.661427 0.895727 0.023993 0.090813 0.211397
0 0.624555 0.887545 0.018580 0.082988 0.138970
0 0.080548 0.888161 0.017200 0.042170 0.095289
0 0.111678 0.868075 0.010822 0.038354 0.028641
0 0.179071 0.892010 0.013250 0.036630 0.022141
5 0.076947 0.888642 0.025901 0.041671 0.017372
0 0.009502 0.911124 0.019005 0.155161 0.016473
0 0.159018 0.882052 0.009320 0.023063 0.009648
0 0.053656 0.922844 0.045340 0.107994 0.008299
0 0.156435 0.883068 0.009904 0.024502 0.007639
5 0.132070 0.895683 0.015478 0.027314 0.007012
0 0.127451 0.877745 0.007092 0.015520 0.006415
5 0.105278 0.901426 0.028332 0.056192 0.004899
8 0.074751 0.886894 0.029445 0.042138 0.004221
5 0.123230 0.897898 0.014189 0.026172 0.002906
5 0.136749 0.891880 0.010041 0.021763 0.002374
0 0.639742 0.924212 0.032235 0.144828 0.002000
5 0.207456 0.894290 0.017615 0.031027 0.001710
5 0.138982 0.889519 0.011856 0.020373 0.001638
6 0.074751 0.886894 0.029445 0.042138 0.001607
5 0.143509 0.890717 0.013547 0.025232 0.001434
5 0.164526 0.892281 0.012208 0.034246 0.001331
5 0.166187 0.891074 0.009682 0.032540 0.001329
5 0.158870 0.893068 0.021123 0.037102 0.001137
5 0.134734 0.896214 0.012976 0.027606 0.001092
0 0.661450 0.918524 0.026146 0.131158 0.001014
