0 0.168415 0.059220 0.031116 0.118440 0.928307
0 0.655286 0.155778 0.031336 0.166344 0.908940
5 0.538507 0.059386 0.029883 0.068110 0.906601
0 0.418285 0.039382 0.017204 0.074730 0.885845
0 0.375408 0.039512 0.034132 0.079023 0.858208
0 0.193585 0.063622 0.031678 0.127244 0.848547
0 0.630695 0.065922 0.014938 0.057245 0.824396
0 0.061536 0.016594 0.010198 0.033189 0.065403
0 0.246256 0.031058 0.018630 0.056002 0.028540
0 0.308042 0.033742 0.013849 0.062750 0.026882
5 0.418207 0.038949 0.017654 0.075354 0.013640
5 0.710821 0.071390 0.024439 0.045892 0.012039
0 0.223219 0.020924 0.021505 0.038715 0.006008
0 0.716054 0.055939 0.013081 0.047798 0.004764
0 0.711718 0.062484 0.020778 0.061363 0.003666
5 0.451928 0.053206 0.023997 0.062980 0.003492
0 0.388029 0.025168 0.012140 0.048444 0.002722
0 0.081050 0.009333 0.008474 0.018529 0.001782
0 0.204697 0.016791 0.009388 0.032837 0.001566
9 0.538225 0.058978 0.030270 0.067331 0.001486
5 0.222745 0.020889 0.022355 0.038139 0.001388
11 0.538225 0.058978 0.030270 0.067331 0.001248
5 0.245873 0.031179 0.018154 0.056333 0.001079
