0 0.557749 0.617998 0.049966 0.214319 0.960893
8 0.369297 0.451482 0.054260 0.288481 0.956583
0 0.671769 0.629919 0.053150 0.237420 0.951874
0 0.519935 0.609867 0.046734 0.203854 0.948957
0 0.805383 0.626138 0.036014 0.178163 0.939951
0 0.619227 0.624806 0.040467 0.222974 0.931528
0 0.603000 0.617031 0.033256 0.209086 0.927063
9 0.773786 0.665395 0.049179 0.127633 0.890444
0 0.138130 0.511688 0.011330 0.025823 0.886205
0 0.504936 0.571967 0.018304 0.089094 0.884919
0 0.775682 0.572671 0.014216 0.064669 0.792552
0 0.695005 0.628125 0.025491 0.198891 0.718642
0 0.355425 0.554190 0.009945 0.063558 0.674790
0 0.760074 0.627075 0.020443 0.194741 0.551727
0 0.760993 0.569900 0.016789 0.072226 0.231344
8 0.443328 0.569523 0.010744 0.044033 0.124229
0 0.354077 0.554411 0.014043 0.065785 0.023567
0 0.760942 0.585848 0.017032 0.107760 0.018702
0 0.351514 0.554452 0.014401 0.065563 0.008730
0 0.355429 0.569552 0.009337 0.034098 0.006748
3 0.349314 0.586380 0.009362 0.022760 0.002446
