0 0.568932 0.485339 0.189383 0.970677 0.906322
0 0.466648 0.139335 0.013388 0.057312 0.833520
0 0.166607 0.183042 0.016960 0.047663 0.746377
5 0.144134 0.203919 0.019736 0.065521 0.685758
5 0.671921 0.659008 0.356606 0.657048 0.604421
0 0.336606 0.172916 0.010289 0.055719 0.554543
0 0.344427 0.172680 0.010105 0.052529 0.385395
0 0.342299 0.173022 0.012571 0.052935 0.142559
3 0.770066 0.660344 0.247062 0.605236 0.136926
5 0.342433 0.172383 0.012755 0.053032 0.106474
5 0.139188 0.201826 0.030064 0.068365 0.031130
0 0.334682 0.173715 0.011449 0.054632 0.031097
0 0.144604 0.206259 0.018528 0.062006 0.025365
3 0.670543 0.670265 0.340166 0.622839 0.011025
5 0.131797 0.198058 0.045908 0.074341 0.006408
5 0.335496 0.172910 0.011571 0.055824 0.005137
5 0.454240 0.157906 0.013315 0.031235 0.004332
0 0.617972 0.507479 0.108314 0.376975 0.003222
0 0.175609 0.151883 0.013986 0.067197 0.002654
0 0.689953 0.459412 0.398436 0.918823 0.002622
5 0.466539 0.140337 0.014052 0.058417 0.002261
9 0.986383 0.344541 0.026761 0.112631 0.002201
5 0.862785 0.721949 0.271262 0.523438 0.001468
0 0.755593 0.414693 0.238973 0.829386 0.001298
