2 0.618189 0.397753 0.031382 0.133169 0.940287
2 0.573876 0.419458 0.057815 0.113945 0.930440
2 0.760216 0.491628 0.045690 0.148273 0.924014
2 0.643064 0.346080 0.021405 0.049266 0.913387
2 0.484811 0.377624 0.017042 0.100838 0.896529
2 0.569802 0.235885 0.021295 0.053550 0.896243
2 0.595309 0.234556 0.023040 0.050343 0.889150
2 0.040786 0.375239 0.047377 0.117649 0.882975
2 0.521668 0.383566 0.016877 0.086866 0.878468
2 0.712083 0.434819 0.035855 0.063192 0.868478
2 0.650612 0.424778 0.050671 0.121461 0.853384
2 0.674690 0.353267 0.021977 0.039095 0.851352
2 0.703988 0.366151 0.041350 0.069187 0.848778
2 0.698458 0.444420 0.035496 0.100470 0.839906
2 0.784534 0.471476 0.023966 0.111623 0.831293
2 0.668777 0.418194 0.024698 0.110531 0.827544
2 0.579292 0.361828 0.037393 0.038287 0.824836
2 0.590561 0.348853 0.018107 0.073827 0.822286
2 0.762148 0.385975 0.049524 0.084551 0.811768
2 0.750874 0.358468 0.036621 0.035250 0.740979
2 0.548126 0.401342 0.032529 0.109959 0.611783
2 0.548255 0.384289 0.032674 0.083782 0.602096
2 0.546115 0.346923 0.013363 0.026857 0.537153
2 0.555408 0.379374 0.023127 0.090214 0.454476
2 0.680691 0.425231 0.036026 0.085629 0.422131
2 0.552405 0.411703 0.026311 0.090865 0.413531
2 0.491625 0.624165 0.022366 0.047229 0.307569
2 0.590689 0.336710 0.017933 0.048879 0.294855
2 0.762389 0.360064 0.024895 0.037720 0.158960
2 0.546429 0.355175 0.014139 0.044483 0.090599
2 0.556029 0.367945 0.021752 0.067031 0.087100
2 0.551360 0.389447 0.029024 0.105660 0.081566
2 0.693533 0.338129 0.016864 0.027760 0.080265
2 0.697818 0.363008 0.026898 0.073495 0.063875
2 0.695746 0.347905 0.019962 0.044732 0.020281
2 0.576911 0.404328 0.047489 0.088267 0.019903
2 0.703858 0.176690 0.014186 0.038018 0.006645
2 0.316272 0.604278 0.012331 0.027151 0.006603
2 0.549506 0.351088 0.024648 0.033597 0.005509
2 0.556586 0.361735 0.019901 0.050042 0.004048
0 0.040747 0.375061 0.047072 0.117705 0.003106
2 0.673212 0.400506 0.027182 0.122493 0.002913
2 0.578744 0.388519 0.038082 0.064459 0.002832
2 0.579716 0.378426 0.037845 0.060629 0.002786
2 0.567536 0.367167 0.019429 0.055717 0.002115
2 0.756187 0.402581 0.038550 0.051436 0.001885
2 0.775169 0.362422 0.021553 0.041039 0.001878
2 0.365107 0.719674 0.012473 0.055795 0.001714
2 0.552809 0.353865 0.024214 0.039156 0.001673
2 0.784032 0.442513 0.024320 0.053589 0.001651
2 0.693393 0.361590 0.018204 0.067843 0.001475
2 0.702409 0.432334 0.043913 0.072434 0.001290
2 0.760313 0.450675 0.043803 0.068126 0.001092
