1 0.307431 0.521702 0.274468 0.213174 0.959765
2 0.172424 0.821999 0.045022 0.110344 0.942173
0 0.323384 0.515952 0.041280 0.087541 0.941759
2 0.110402 0.715041 0.042613 0.107175 0.941308
0 0.233578 0.507759 0.038476 0.085756 0.922521
0 0.360703 0.503772 0.031965 0.081280 0.917433
2 0.946673 0.551850 0.022313 0.057802 0.874055
2 0.046194 0.509814 0.030159 0.022020 0.824659
0 0.266213 0.501033 0.016860 0.029442 0.811206
2 0.844928 0.500295 0.011114 0.027301 0.756692
2 0.470064 0.652886 0.049586 0.053206 0.737964
2 0.394665 0.634056 0.049362 0.040094 0.215428
2 0.470748 0.640892 0.048215 0.078678 0.190149
2 0.467509 0.618826 0.035020 0.040316 0.137264
3 0.285403 0.505787 0.040596 0.020334 0.101808
2 0.443185 0.506971 0.022980 0.020170 0.034492
1 0.470220 0.646820 0.048796 0.063401 0.024295
2 0.266255 0.500330 0.016513 0.029396 0.015512
2 0.442789 0.497408 0.023696 0.038729 0.010205
2 0.470612 0.624619 0.045040 0.052457 0.006736
2 0.046341 0.495721 0.016184 0.035796 0.003512
3 0.200952 0.538633 0.063415 0.048378 0.002203
9 0.266290 0.500318 0.016624 0.029073 0.001953
2 0.194172 0.402451 0.006133 0.009911 0.001804
2 0.286315 0.403217 0.006683 0.011638 0.001776
4 0.946583 0.551944 0.022510 0.057523 0.001267
