1 0.528229 0.372133 0.126115 0.137030 0.955456
2 0.434382 0.680095 0.062039 0.087958 0.954217
2 0.510250 0.678168 0.082103 0.085264 0.951540
2 0.353577 0.665563 0.062189 0.063316 0.939491
2 0.113755 0.569677 0.036531 0.055569 0.930984
2 0.693399 0.401277 0.028613 0.033792 0.901795
2 0.766044 0.385198 0.025080 0.031365 0.901720
0 0.492537 0.373155 0.028853 0.049376 0.899956
2 0.383964 0.414941 0.026581 0.035989 0.898012
2 0.412864 0.414332 0.022091 0.034317 0.866073
2 0.427279 0.422385 0.017446 0.039678 0.859887
1 0.154634 0.401604 0.080481 0.039317 0.843088
0 0.522473 0.358755 0.024163 0.049781 0.802251
0 0.540640 0.300630 0.009698 0.019853 0.745569
1 0.346779 0.394875 0.031440 0.018573 0.698450
0 0.536576 0.368993 0.017207 0.046103 0.544692
0 0.542471 0.299958 0.011735 0.020294 0.160160
2 0.085335 0.588208 0.030457 0.041685 0.062636
0 0.384795 0.381679 0.011010 0.017909 0.052263
0 0.541045 0.298224 0.011358 0.024345 0.051007
0 0.384780 0.378935 0.009325 0.016546 0.048816
0 0.541112 0.303740 0.010933 0.019219 0.046652
0 0.489539 0.361067 0.020118 0.028157 0.016651
0 0.525701 0.306334 0.008208 0.017131 0.014865
0 0.523511 0.304176 0.007730 0.018711 0.011982
2 0.659321 0.330806 0.013125 0.025647 0.006206
2 0.384780 0.378935 0.009325 0.016546 0.005166
4 0.087372 0.368437 0.013780 0.015698 0.003811
2 0.778269 0.333730 0.007482 0.013088 0.003734
2 0.384795 0.381679 0.011010 0.017909 0.003607
3 0.569342 0.384342 0.042924 0.031282 0.003367
1 0.355870 0.394954 0.038339 0.015287 0.002593
0 0.495717 0.312299 0.008121 0.016328 0.002235
0 0.756905 0.314956 0.007013 0.013883 0.002207
1 0.331893 0.393686 0.028606 0.018063 0.002013
0 0.530624 0.363761 0.024508 0.058237 0.001762
1 0.342344 0.392877 0.041858 0.021991 0.001711
2 0.757328 0.334872 0.009692 0.011814 0.001428
0 0.489509 0.311860 0.005541 0.017786 0.001412
3 0.486783 0.399015 0.043772 0.038212 0.001219
0 0.496502 0.293629 0.009953 0.038146 0.001218
0 0.281495 0.346580 0.015101 0.023474 0.001071
1 0.263549 0.391970 0.012045 0.014294 0.001065
0 0.486815 0.293110 0.009040 0.026011 0.001023
2 0.659973 0.348103 0.013668 0.015750 0.001005
