1 0.937936 0.503232 0.124129 0.166778 0.970041
1 0.619649 0.423335 0.099349 0.083767 0.946080
3 0.907734 0.529247 0.063468 0.056768 0.925377
2 0.597336 0.512685 0.027506 0.042068 0.922211
1 0.705362 0.480849 0.147196 0.141240 0.893856
0 0.739329 0.471771 0.026233 0.047915 0.856615
0 0.688404 0.471490 0.018513 0.063464 0.833910
3 0.633236 0.432313 0.025901 0.017860 0.812861
0 0.674574 0.479224 0.017321 0.048700 0.811393
9 0.632932 0.320063 0.008820 0.013333 0.784004
2 0.700600 0.444610 0.012954 0.029049 0.758215
2 0.803298 0.446324 0.015772 0.027781 0.756090
3 0.736075 0.502871 0.083636 0.038605 0.751322
2 0.890517 0.421630 0.011466 0.013949 0.749125
2 0.875960 0.440603 0.012520 0.024648 0.747713
0 0.607703 0.419326 0.014404 0.023952 0.741096
2 0.849904 0.418367 0.011945 0.013909 0.733768
1 0.089536 0.536530 0.076595 0.018897 0.724602
0 0.704199 0.482034 0.020657 0.039398 0.717920
2 0.717463 0.450992 0.010928 0.022215 0.716279
2 0.777967 0.411753 0.012218 0.013060 0.705141
2 0.728041 0.402110 0.009147 0.013250 0.702915
2 0.792378 0.444082 0.011003 0.025762 0.686888
1 0.107779 0.536018 0.060207 0.020607 0.681072
2 0.795475 0.410893 0.007979 0.015122 0.639865
2 0.835865 0.413906 0.008119 0.013412 0.623709
2 0.873848 0.412203 0.009534 0.014834 0.599430
1 0.108912 0.532435 0.059388 0.018043 0.534794
2 0.702146 0.449050 0.015893 0.031888 0.511381
2 0.520706 0.398755 0.007513 0.010748 0.498467
2 0.684693 0.435310 0.008662 0.016508 0.482151
2 0.731613 0.450553 0.009856 0.019759 0.440735
2 0.810886 0.387994 0.008239 0.010168 0.356978
9 0.632401 0.317932 0.009594 0.017688 0.302767
2 0.798335 0.444946 0.022875 0.028308 0.276006
2 0.715357 0.385225 0.006920 0.014004 0.229718
1 0.118496 0.531490 0.061346 0.015471 0.171817
0 0.646649 0.411669 0.013864 0.019015 0.151250
2 0.730947 0.453602 0.011632 0.019249 0.130454
1 0.078973 0.534746 0.058721 0.019688 0.114921
9 0.617934 0.311413 0.009508 0.017471 0.071730
2 0.811354 0.389495 0.009525 0.011883 0.053581
2 0.873845 0.439616 0.009231 0.024210 0.051609
2 0.727142 0.403376 0.011523 0.011692 0.050181
2 0.911618 0.415173 0.008442 0.010562 0.041524
2 0.521020 0.399121 0.008499 0.013663 0.038745
2 0.872558 0.397353 0.008582 0.011286 0.028246
2 0.691645 0.436859 0.010107 0.014038 0.027883
2 0.804840 0.450108 0.013167 0.023441 0.022094
9 0.660646 0.316659 0.008533 0.008661 0.020000
2 0.563580 0.395152 0.009294 0.009918 0.018798
0 0.689931 0.333032 0.009596 0.015993 0.017757
2 0.872162 0.406621 0.010052 0.017126 0.017045
0 0.746655 0.359790 0.005919 0.012687 0.016578
2 0.778821 0.410258 0.011584 0.013080 0.014706
2 0.519868 0.397992 0.009214 0.012732 0.012693
2 0.767111 0.350563 0.006403 0.009233 0.012677
2 0.710416 0.429425 0.006562 0.006735 0.012182
0 0.692020 0.336580 0.007416 0.016519 0.012055
2 0.692020 0.336580 0.007416 0.016519 0.009248
9 0.662166 0.317051 0.007882 0.007726 0.008303
0 0.652245 0.412987 0.025254 0.021692 0.008027
2 0.868229 0.397730 0.007959 0.011116 0.007737
2 0.796564 0.393294 0.008732 0.007306 0.007467
2 0.729634 0.402542 0.010684 0.013271 0.007395
0 0.734160 0.358804 0.005773 0.016577 0.007262
3 0.976049 0.493004 0.046940 0.028629 0.006950
9 0.665754 0.337017 0.005182 0.013073 0.006474
2 0.689931 0.333032 0.009596 0.015993 0.006368
2 0.912996 0.413840 0.009634 0.012099 0.006168
2 0.705620 0.481340 0.148633 0.142630 0.005667
3 0.663281 0.493839 0.021251 0.016654 0.005611
2 0.463115 0.391573 0.008688 0.009700 0.005499
2 0.646860 0.411756 0.015001 0.018920 0.005487
2 0.648786 0.339638 0.008115 0.010883 0.005320
2 0.903235 0.447619 0.006945 0.012359 0.004945
3 0.607715 0.419429 0.014709 0.024920 0.004871
2 0.689935 0.346524 0.010086 0.013299 0.004345
0 0.732104 0.355316 0.004935 0.013817 0.004300
2 0.689271 0.471792 0.016965 0.064050 0.004209
0 0.729124 0.357857 0.005478 0.012537 0.003900
2 0.732104 0.355316 0.004935 0.013817 0.003829
0 0.690273 0.338258 0.010076 0.019285 0.003767
2 0.889956 0.408557 0.009974 0.010629 0.003704
0 0.702121 0.450087 0.016149 0.031276 0.003653
9 0.621381 0.311573 0.008208 0.017106 0.003459
2 0.726902 0.399380 0.011685 0.013918 0.003398
2 0.870469 0.409979 0.012346 0.017137 0.003332
2 0.789610 0.384417 0.005482 0.009181 0.003200
0 0.654131 0.339623 0.006537 0.010560 0.003195
2 0.794232 0.411914 0.010228 0.015107 0.003137
2 0.652245 0.412987 0.025254 0.021692 0.003021
2 0.654131 0.339623 0.006537 0.010560 0.002902
4 0.108587 0.535252 0.061631 0.023366 0.002866
3 0.750298 0.494653 0.049325 0.025847 0.002792
2 0.759890 0.419395 0.014338 0.015638 0.002792
2 0.688990 0.434386 0.010630 0.014978 0.002790
2 0.874942 0.402854 0.008608 0.021516 0.002784
6 0.632932 0.320063 0.008820 0.013333 0.002695
2 0.861301 0.416123 0.009939 0.015308 0.002576
2 0.722772 0.351323 0.006887 0.012691 0.002531
0 0.722772 0.351323 0.006887 0.012691 0.002266
2 0.861096 0.410899 0.010461 0.017182 0.002251
2 0.746655 0.359790 0.005919 0.012687 0.002242
2 0.835286 0.394378 0.007548 0.010221 0.002200
0 0.744890 0.357401 0.005458 0.017212 0.002193
2 0.700625 0.460945 0.022018 0.062684 0.002169
9 0.656734 0.316364 0.008472 0.009487 0.002151
2 0.739435 0.470798 0.026948 0.047544 0.002108
2 0.763032 0.447488 0.007969 0.014924 0.001867
2 0.744890 0.357401 0.005458 0.017212 0.001766
0 0.700625 0.460945 0.022018 0.062684 0.001700
1 0.129625 0.531280 0.038168 0.013973 0.001643
2 0.731684 0.398189 0.007656 0.011010 0.001639
9 0.632708 0.314210 0.008680 0.018639 0.001614
9 0.655124 0.310304 0.005534 0.013404 0.001559
2 0.698569 0.442180 0.009554 0.029344 0.001525
2 0.716453 0.429983 0.011830 0.010990 0.001525
3 0.671339 0.488418 0.018117 0.027900 0.001486
2 0.690273 0.338258 0.010076 0.019285 0.001481
2 0.525143 0.397022 0.009260 0.011990 0.001481
0 0.689935 0.346524 0.010086 0.013299 0.001463
2 0.740588 0.404690 0.008601 0.011491 0.001460
2 0.862004 0.427176 0.009653 0.009862 0.001444
2 0.795022 0.406523 0.008688 0.018213 0.001406
2 0.801635 0.390275 0.009095 0.011247 0.001343
2 0.535833 0.392428 0.008061 0.009946 0.001269
2 0.914192 0.411285 0.008895 0.012864 0.001242
2 0.716264 0.350128 0.006199 0.012507 0.001183
2 0.461524 0.391119 0.009080 0.011159 0.001174
2 0.760692 0.423754 0.013123 0.019467 0.001157
2 0.757931 0.390988 0.006277 0.013602 0.001147
2 0.869476 0.412426 0.012753 0.016908 0.001114
2 0.682314 0.431544 0.010488 0.011043 0.001103
2 0.778693 0.395249 0.008756 0.007114 0.001062
2 0.773837 0.393708 0.006284 0.010601 0.001060
2 0.908046 0.449529 0.006516 0.011050 0.001024
2 0.792113 0.391387 0.006797 0.009687 0.001020
