0 0.093969 0.702681 0.187378 0.589691 0.968528
6 0.373485 0.747749 0.127770 0.115365 0.963668
4 0.648802 0.594200 0.035849 0.066112 0.940034
6 0.513420 0.752830 0.074631 0.074102 0.922434
6 0.620910 0.767088 0.097905 0.131143 0.921406
4 0.239182 0.598017 0.031323 0.039866 0.920257
4 0.690843 0.598006 0.023197 0.045648 0.894049
6 0.747699 0.766206 0.093170 0.063724 0.865819
0 0.550569 0.751859 0.013978 0.078556 0.847718
4 0.153627 0.627481 0.029244 0.078924 0.847289
0 0.562499 0.749907 0.014330 0.082297 0.733068
0 0.574105 0.753739 0.018125 0.078891 0.293443
0 0.693302 0.767480 0.016902 0.089280 0.160410
6 0.772223 0.768851 0.044337 0.057138 0.120172
0 0.553603 0.750042 0.017720 0.080218 0.101593
6 0.703026 0.763148 0.021629 0.075083 0.055750
6 0.725086 0.765426 0.040981 0.065616 0.045233
0 0.558699 0.749936 0.022182 0.080153 0.009358
5 0.575148 0.752126 0.017501 0.078153 0.005370
6 0.575148 0.752126 0.017501 0.078153 0.004289
6 0.480781 0.720759 0.022627 0.020495 0.001915
6 0.696184 0.765837 0.020338 0.083063 0.001542
0 0.671262 0.771972 0.023782 0.092260 0.001343
