9 0.955035 0.687112 0.052651 0.095124 0.955662
5 0.114851 0.615458 0.044017 0.062778 0.927843
4 0.892985 0.525302 0.030980 0.036464 0.911977
4 0.460871 0.413393 0.020377 0.035781 0.907105
5 0.248713 0.626490 0.022553 0.073631 0.904001
0 0.250058 0.600410 0.024574 0.096162 0.903571
0 0.301370 0.598457 0.023880 0.092046 0.889510
5 0.300894 0.624368 0.024800 0.064932 0.887675
0 0.138463 0.577463 0.015319 0.064683 0.880558
6 0.220142 0.582852 0.019684 0.023232 0.816313
4 0.257642 0.513802 0.009303 0.010862 0.778103
0 0.190300 0.580791 0.006810 0.018651 0.769371
6 0.234096 0.585516 0.010758 0.021763 0.713375
4 0.187042 0.434634 0.035732 0.061839 0.665025
6 0.230350 0.584041 0.013443 0.023990 0.323689
0 0.270792 0.591078 0.006237 0.019701 0.170211
6 0.226172 0.582833 0.011343 0.024073 0.168336
6 0.201038 0.580086 0.009137 0.017027 0.113672
6 0.190300 0.580791 0.006810 0.018651 0.087565
6 0.381371 0.599978 0.015307 0.020460 0.057504
0 0.300801 0.623993 0.024882 0.064888 0.028729
0 0.277097 0.593576 0.004500 0.021117 0.022033
0 0.147899 0.575105 0.006801 0.027648 0.017818
6 0.203514 0.581294 0.010046 0.018652 0.013654
6 0.239398 0.583998 0.006343 0.021321 0.011777
0 0.233617 0.585423 0.010956 0.022026 0.011051
0 0.274730 0.593239 0.006071 0.018970 0.009997
6 0.199812 0.582883 0.012184 0.020868 0.006834
0 0.312360 0.597272 0.009380 0.037994 0.005484
0 0.312530 0.590826 0.009635 0.039147 0.003236
6 0.217106 0.581263 0.016591 0.021797 0.002996
0 0.151890 0.575849 0.006569 0.026350 0.002229
0 0.201038 0.580086 0.009137 0.017027 0.001936
0 0.264101 0.590254 0.006881 0.017514 0.001667
0 0.268909 0.596745 0.007135 0.023718 0.001654
6 0.312570 0.585714 0.009329 0.035426 0.001421
6 0.371600 0.600961 0.021584 0.024731 0.001343
6 0.196107 0.580794 0.013068 0.017614 0.001326
0 0.277980 0.596173 0.004225 0.023808 0.001314
0 0.278135 0.590911 0.005187 0.023262 0.001236
6 0.274730 0.593239 0.006071 0.018970 0.001008
