6 0.576235 0.589304 0.222082 0.267551 0.957433
6 0.374951 0.445780 0.030808 0.046449 0.920121
4 0.321277 0.327643 0.042198 0.045935 0.915243
6 0.300852 0.453455 0.104058 0.079156 0.912299
0 0.433502 0.455196 0.011346 0.052730 0.875487
6 0.476015 0.520779 0.077820 0.147971 0.808532
0 0.486778 0.440534 0.014072 0.023875 0.797875
8 0.252126 0.352093 0.072422 0.188907 0.764367
4 0.618452 0.272534 0.092613 0.179235 0.698168
4 0.343153 0.405437 0.009204 0.018501 0.631287
0 0.404231 0.442709 0.007498 0.026452 0.417207
8 0.108666 0.238740 0.105135 0.416740 0.141072
6 0.250968 0.422946 0.044001 0.085270 0.135261
4 0.305103 0.386545 0.015630 0.029547 0.038693
4 0.358470 0.409289 0.006808 0.014570 0.038499
6 0.843482 0.533396 0.300906 0.090834 0.033928
8 0.077349 0.240343 0.044648 0.418177 0.019695
6 0.392487 0.429661 0.013844 0.018752 0.014298
6 0.387991 0.432242 0.017799 0.023100 0.013024
6 0.946147 0.531541 0.100262 0.057827 0.008096
5 0.404159 0.442608 0.007397 0.026171 0.005704
6 0.760229 0.535238 0.131324 0.087648 0.004493
8 0.618058 0.237542 0.091928 0.475084 0.003581
5 0.345862 0.426698 0.008631 0.017658 0.002254
5 0.342918 0.426406 0.008023 0.017782 0.002159
6 0.387852 0.429616 0.020613 0.020993 0.001715
4 0.453503 0.377322 0.013487 0.047983 0.001378
6 0.843061 0.515322 0.302656 0.103477 0.001322
4 0.461304 0.379521 0.028834 0.052403 0.001135
6 0.404523 0.442570 0.007831 0.024734 0.001091
4 0.355778 0.408533 0.007820 0.015611 0.001049
8 0.116851 0.512689 0.048811 0.033347 0.001005
