6 0.511553 0.456891 0.100884 0.106318 0.961199
6 0.572278 0.444504 0.048374 0.080034 0.939896
6 0.434358 0.431617 0.070662 0.068962 0.935537
4 0.352726 0.265209 0.037960 0.056144 0.919529
5 0.151738 0.470496 0.035721 0.072745 0.912431
0 0.153114 0.443583 0.031738 0.088439 0.911803
0 0.425082 0.454629 0.023850 0.120331 0.884322
8 0.414622 0.316644 0.052243 0.287384 0.837548
0 0.125122 0.459533 0.007472 0.041339 0.782333
0 0.152068 0.470027 0.035704 0.073800 0.118552
0 0.755256 0.395609 0.010993 0.019461 0.047406
6 0.424387 0.440588 0.047652 0.058508 0.026099
6 0.574137 0.456058 0.043852 0.057789 0.010744
6 0.419968 0.432753 0.039451 0.069966 0.007440
4 0.395746 0.337656 0.022994 0.057409 0.005560
0 0.420716 0.429708 0.038070 0.067771 0.005515
0 0.423216 0.437643 0.029559 0.082352 0.003364
0 0.141246 0.458308 0.015016 0.051372 0.001869
6 0.447444 0.431711 0.044025 0.068354 0.001273
