2 0.495085 0.645852 0.052851 0.088834 0.956519
0 0.793016 0.489639 0.025227 0.121387 0.939525
0 0.955863 0.509030 0.035234 0.168574 0.932766
0 0.737655 0.470936 0.029978 0.124638 0.922209
8 0.567177 0.345107 0.015882 0.061296 0.906483
0 0.900267 0.504901 0.027489 0.141256 0.887525
0 0.915915 0.514881 0.019622 0.124695 0.858378
0 0.828116 0.488980 0.027446 0.135232 0.854375
0 0.842500 0.483307 0.019874 0.154906 0.840960
0 0.333286 0.422317 0.014760 0.066547 0.778438
0 0.463532 0.420082 0.013404 0.040431 0.426356
0 0.990888 0.528844 0.017636 0.147357 0.420136
0 0.927411 0.502101 0.022156 0.157083 0.283574
0 0.324007 0.428757 0.014166 0.055438 0.155621
0 0.815641 0.501894 0.016887 0.098830 0.019668
0 0.328439 0.424481 0.019397 0.066709 0.008903
0 0.326132 0.427177 0.012289 0.060727 0.008138
0 0.335470 0.405310 0.011488 0.031501 0.007842
0 0.923183 0.453682 0.013206 0.059151 0.005801
0 0.927754 0.503501 0.035439 0.154383 0.005023
0 0.922735 0.488778 0.014581 0.130470 0.005003
0 0.835839 0.488438 0.031027 0.144117 0.003593
0 0.664890 0.059849 0.028518 0.119698 0.003080
0 0.934402 0.535707 0.018468 0.093374 0.002503
0 0.991633 0.501427 0.016735 0.198433 0.002354
0 0.932999 0.522811 0.021459 0.119134 0.001053
