2 0.512905 0.572325 0.130434 0.153379 0.964450
0 0.768931 0.413164 0.046216 0.106222 0.946015
0 0.676558 0.446957 0.032599 0.097832 0.929610
0 0.634630 0.432078 0.031264 0.105032 0.917446
2 0.492594 0.497039 0.086241 0.034925 0.910747
0 0.598953 0.424570 0.047334 0.102349 0.815461
2 0.527394 0.490075 0.015520 0.023695 0.812227
0 0.573694 0.416209 0.014093 0.035274 0.727094
0 0.687539 0.427774 0.014334 0.037135 0.140529
0 0.686199 0.430130 0.017068 0.045485 0.075156
2 0.535657 0.473916 0.027749 0.042922 0.048129
2 0.536091 0.468101 0.026720 0.031191 0.015844
2 0.534701 0.481058 0.029817 0.053993 0.005776
0 0.617620 0.411822 0.011379 0.042055 0.003208
0 0.769045 0.444240 0.044995 0.171048 0.002904
0 0.687582 0.450837 0.014462 0.086792 0.002669
0 0.574655 0.427260 0.015788 0.058704 0.002364
9 0.722582 0.443998 0.017703 0.069047 0.001611
2 0.339712 0.485006 0.022800 0.027786 0.001601
9 0.722698 0.431406 0.017501 0.045643 0.001470
0 0.722141 0.431185 0.016538 0.046783 0.001353
0 0.590142 0.423013 0.030711 0.099092 0.001213
2 0.534317 0.501575 0.031175 0.080926 0.001135
