8 0.173002 0.303837 0.055718 0.260538 0.950333
8 0.377582 0.233874 0.089552 0.410812 0.947864
0 0.433263 0.414788 0.024454 0.091831 0.929018
6 0.385616 0.394977 0.026621 0.035597 0.922959
0 0.474681 0.406940 0.020705 0.100795 0.913718
6 0.402157 0.388906 0.014708 0.031325 0.878414
6 0.375707 0.377068 0.017352 0.035107 0.870389
6 0.456186 0.388847 0.021988 0.020654 0.860758
6 0.335874 0.393779 0.013887 0.021265 0.856534
6 0.357738 0.382283 0.017619 0.046249 0.822108
9 0.218469 0.411576 0.008773 0.028504 0.638831
5 0.232518 0.403223 0.010905 0.027379 0.625331
8 0.426563 0.308617 0.040165 0.176470 0.564170
6 0.426744 0.307876 0.040388 0.174867 0.092625
0 0.232585 0.403308 0.011450 0.027207 0.038039
6 0.378530 0.382325 0.018328 0.043476 0.011861
6 0.439414 0.381645 0.013693 0.033822 0.011690
9 0.232585 0.403308 0.011450 0.027207 0.011478
6 0.232585 0.403308 0.011450 0.027207 0.007320
4 0.357323 0.382398 0.016318 0.046754 0.006740
6 0.439202 0.361716 0.011287 0.012636 0.005086
4 0.218675 0.411982 0.008885 0.028501 0.001878
4 0.439202 0.361716 0.011287 0.012636 0.001572
6 0.376646 0.380739 0.023280 0.053388 0.001251
0 0.293748 0.396299 0.005888 0.023262 0.001179
