2 0.569347 0.686308 0.070321 0.152764 0.962369
0 0.963645 0.333105 0.052958 0.248475 0.949473
0 0.726496 0.287368 0.047735 0.205940 0.946509
9 0.630384 0.294780 0.052783 0.106433 0.944928
0 0.589911 0.270560 0.033805 0.168697 0.939861
0 0.827921 0.268507 0.038038 0.147027 0.935714
0 0.908942 0.324108 0.050479 0.231958 0.931910
0 0.543394 0.277977 0.032792 0.136017 0.928388
0 0.413863 0.231104 0.018318 0.103187 0.921832
0 0.892068 0.273813 0.030331 0.173574 0.909206
0 0.767434 0.293660 0.036507 0.207667 0.906230
8 0.107021 0.101708 0.019175 0.070550 0.903002
0 0.641238 0.203846 0.017825 0.072310 0.893378
0 0.656299 0.201621 0.018821 0.079401 0.892839
0 0.459993 0.232214 0.013736 0.064944 0.855662
0 0.786661 0.284634 0.026043 0.192265 0.848896
0 0.671316 0.206411 0.019454 0.069413 0.834521
0 0.870205 0.290619 0.021537 0.078904 0.805947
0 0.665111 0.286333 0.032971 0.121879 0.805357
0 0.556009 0.271804 0.014859 0.127890 0.789466
0 0.567534 0.290193 0.018828 0.119054 0.043313
0 0.892843 0.240218 0.027791 0.104442 0.035767
0 0.870603 0.278061 0.020339 0.054315 0.033812
0 0.664519 0.260797 0.030360 0.073775 0.028001
0 0.866529 0.295154 0.029177 0.087256 0.011593
0 0.470300 0.227396 0.010389 0.055155 0.009466
0 0.556946 0.257628 0.015362 0.098465 0.006492
0 0.780901 0.326710 0.019188 0.112553 0.002951
2 0.915281 0.279982 0.021656 0.096582 0.002638
0 0.534338 0.249572 0.014593 0.056903 0.002541
2 0.915294 0.278716 0.027383 0.132863 0.002163
9 0.665168 0.287226 0.032998 0.121270 0.001755
0 0.468172 0.243790 0.012010 0.055626 0.001751
0 0.981197 0.306203 0.016816 0.103431 0.001737
2 0.302197 0.544967 0.031360 0.038806 0.001535
0 0.949697 0.305652 0.025563 0.128133 0.001374
0 0.467104 0.254517 0.011243 0.034345 0.001194
2 0.829450 0.246302 0.023615 0.085736 0.001026
9 0.611361 0.291892 0.016202 0.089931 0.001001
