2 0.301186 0.297282 0.107519 0.159366 0.964001
0 0.944958 0.460152 0.103185 0.455447 0.963688
0 0.074645 0.171810 0.036801 0.207034 0.945430
2 0.741057 0.601646 0.166029 0.329724 0.943641
0 0.829852 0.396919 0.069843 0.358012 0.942031
0 0.120147 0.188684 0.036608 0.184451 0.940061
0 0.042329 0.171720 0.036468 0.182863 0.915406
0 0.788685 0.427277 0.089855 0.341802 0.909659
0 0.745934 0.594999 0.159069 0.319125 0.099229
0 0.995729 0.354184 0.007977 0.097494 0.090542
0 0.995477 0.391796 0.008619 0.201091 0.023382
2 0.995553 0.351043 0.007611 0.089241 0.004765
0 0.976007 0.610991 0.046840 0.778018 0.001424
0 0.846074 0.396395 0.104454 0.360305 0.001355
0 0.983889 0.427653 0.031915 0.296162 0.001016
0 0.290117 0.208683 0.005260 0.012497 0.001012
