2 0.641992 0.744669 0.218722 0.324928 0.967167
2 0.764452 0.460826 0.111869 0.228696 0.949033
0 0.945169 0.320540 0.021622 0.095028 0.908994
0 0.991561 0.308084 0.016573 0.119756 0.854821
0 0.425218 0.403042 0.008416 0.050115 0.805896
0 0.322886 0.409002 0.009682 0.037428 0.743610
0 0.449541 0.403934 0.023801 0.090999 0.679017
2 0.580468 0.676954 0.095420 0.427145 0.028775
0 0.643975 0.360696 0.029987 0.082356 0.024111
2 0.328023 0.461085 0.043866 0.066377 0.017955
2 0.580512 0.607221 0.094818 0.287375 0.014085
0 0.992797 0.277254 0.013430 0.057952 0.012068
2 0.449840 0.404053 0.024015 0.091627 0.006781
0 0.389094 0.402600 0.012474 0.052924 0.002823
2 0.021776 0.907802 0.043553 0.122502 0.001197
