2 0.729370 0.958649 0.029770 0.082114 0.945064
2 0.097194 0.820002 0.033414 0.057760 0.935795
0 0.904545 0.312445 0.023202 0.067211 0.923829
0 0.858053 0.329665 0.015151 0.039217 0.904820
0 0.296241 0.447681 0.013079 0.040566 0.890014
0 0.824453 0.332043 0.014466 0.043723 0.885247
0 0.209729 0.465206 0.013694 0.027465 0.884613
0 0.765844 0.340515 0.014951 0.042719 0.881572
0 0.274217 0.448624 0.011327 0.043593 0.874926
0 0.740125 0.356395 0.010650 0.019710 0.867200
0 0.952156 0.319835 0.013771 0.047684 0.865804
0 0.940351 0.321820 0.018309 0.043284 0.847276
0 0.642127 0.367267 0.014495 0.034883 0.846627
0 0.545136 0.402320 0.012502 0.033311 0.817542
0 0.964534 0.317306 0.014520 0.048332 0.122220
0 0.314727 0.444230 0.008086 0.049054 0.036421
0 0.227995 0.463777 0.008237 0.027249 0.033566
0 0.760518 0.354751 0.010822 0.017468 0.011242
0 0.007946 0.515138 0.014036 0.113778 0.007031
0 0.943584 0.321397 0.017533 0.045039 0.006388
0 0.427603 0.391353 0.024310 0.028485 0.003554
0 0.960325 0.319805 0.009840 0.047778 0.002792
0 0.550699 0.401956 0.017517 0.030979 0.002395
0 0.712500 0.356882 0.016055 0.032469 0.001799
2 0.059860 0.561566 0.019955 0.025138 0.001727
