2 0.693067 0.053719 0.029448 0.053455 0.922925
0 0.022934 0.315574 0.019063 0.087476 0.903728
2 0.705572 0.770780 0.014856 0.041270 0.903054
0 0.008933 0.322326 0.013394 0.080458 0.856643
2 0.509408 0.287108 0.016540 0.032155 0.751160
2 0.606775 0.112685 0.014039 0.037167 0.664285
2 0.544916 0.351768 0.011255 0.048261 0.349210
2 0.915226 0.021583 0.053043 0.042761 0.298989
0 0.009871 0.319833 0.009916 0.076965 0.018507
2 0.701208 0.052760 0.013334 0.051671 0.006323
0 0.545043 0.352043 0.010915 0.047472 0.003833
0 0.025952 0.299835 0.012401 0.052872 0.002841
0 0.606836 0.112425 0.014119 0.037615 0.001637
0 0.012501 0.310609 0.009550 0.062735 0.001028
