0 0.515987 0.736100 0.096676 0.523113 0.970388
0 0.648783 0.534869 0.067619 0.235829 0.959140
0 0.758736 0.645254 0.079431 0.475129 0.957851
0 0.620211 0.703201 0.110336 0.590519 0.949910
0 0.023807 0.653090 0.047504 0.320527 0.924610
0 0.284797 0.648936 0.069370 0.360557 0.861868
0 0.492230 0.446345 0.017811 0.047335 0.852911
0 0.514686 0.446534 0.016440 0.042224 0.821515
0 0.244176 0.650188 0.060512 0.364547 0.814864
0 0.269238 0.648066 0.101727 0.362918 0.813808
0 0.468480 0.459435 0.015545 0.043568 0.805439
0 0.394835 0.464960 0.018189 0.029836 0.570965
0 0.417685 0.441577 0.008378 0.024444 0.478565
0 0.455560 0.446531 0.014972 0.055953 0.349777
0 0.410790 0.459482 0.016923 0.055278 0.336527
0 0.166861 0.459812 0.013175 0.033311 0.153272
0 0.425587 0.466467 0.011207 0.048928 0.101544
0 0.457026 0.431273 0.011685 0.026951 0.101475
0 0.409358 0.457333 0.012697 0.049899 0.080220
0 0.425712 0.456889 0.010857 0.029859 0.072588
4 0.725590 0.651332 0.032615 0.101385 0.051261
0 0.422316 0.450665 0.012424 0.031726 0.033987
0 0.450976 0.447605 0.018350 0.051945 0.011297
0 0.424283 0.462370 0.010077 0.033284 0.003877
0 0.447797 0.444500 0.013407 0.045963 0.003465
0 0.470580 0.458286 0.011876 0.037765 0.002893
0 0.447092 0.440198 0.011433 0.038168 0.002189
0 0.428520 0.448277 0.008011 0.026046 0.001802
0 0.434711 0.444508 0.008904 0.021971 0.001547
8 0.500665 0.327488 0.047363 0.347547 0.001100
