0 0.879576 0.640031 0.133715 0.372318 0.973870
0 0.783647 0.589433 0.085907 0.457907 0.956033
0 0.174861 0.534516 0.065328 0.290675 0.942724
0 0.448087 0.521110 0.040604 0.156836 0.940436
0 0.562358 0.529218 0.060812 0.366091 0.940089
0 0.713620 0.492070 0.029738 0.146758 0.915673
0 0.018699 0.546356 0.022586 0.062361 0.900360
0 0.260062 0.529332 0.022282 0.088211 0.887750
0 0.385932 0.515408 0.012914 0.050291 0.887557
0 0.502796 0.487245 0.013215 0.038341 0.883357
0 0.941603 0.450452 0.016449 0.035474 0.873607
0 0.683062 0.505385 0.020680 0.111035 0.873116
0 0.586468 0.450351 0.012844 0.056488 0.871477
0 0.975835 0.436529 0.013793 0.036965 0.860227
0 0.231320 0.511843 0.015506 0.069058 0.849630
0 0.351903 0.527079 0.016207 0.054509 0.849590
0 0.939202 0.482641 0.014433 0.041920 0.848304
0 0.832781 0.445317 0.013563 0.038191 0.836147
0 0.324043 0.522969 0.013676 0.057977 0.835465
0 0.366588 0.506823 0.012867 0.065358 0.820653
0 0.490417 0.467396 0.010949 0.045087 0.817375
0 0.404710 0.465340 0.012848 0.035010 0.812632
0 0.023387 0.505079 0.011787 0.032247 0.810104
0 0.923375 0.496547 0.016802 0.043741 0.802544
0 0.598336 0.451251 0.012685 0.043473 0.795461
0 0.314891 0.489454 0.007814 0.021625 0.767954
0 0.534827 0.481493 0.012381 0.049633 0.762885
0 0.951534 0.432621 0.014006 0.025737 0.728767
0 0.308261 0.478686 0.009910 0.026846 0.724293
0 0.475366 0.516912 0.014360 0.035859 0.723134
0 0.359067 0.518253 0.011943 0.052018 0.702855
0 0.910066 0.454689 0.012730 0.033603 0.656650
0 0.987114 0.602909 0.025533 0.205695 0.649020
0 0.327636 0.481486 0.012221 0.020977 0.647829
0 0.868094 0.430010 0.009659 0.020921 0.611738
0 0.440024 0.456820 0.011241 0.032482 0.608293
0 0.011204 0.505281 0.009208 0.020089 0.594967
0 0.908540 0.480822 0.015371 0.074992 0.558412
0 0.005280 0.502592 0.009793 0.026119 0.556648
0 0.428747 0.470056 0.009822 0.057171 0.550606
0 0.699290 0.485980 0.010915 0.092877 0.530162
0 0.429087 0.462437 0.009108 0.038401 0.529588
0 0.035478 0.541791 0.012639 0.065689 0.524364
0 0.850140 0.438534 0.010190 0.025214 0.498830
0 0.309985 0.523115 0.016020 0.059011 0.431455
0 0.047075 0.504517 0.013258 0.026686 0.416168
0 0.008638 0.503081 0.011708 0.022571 0.345444
0 0.278581 0.525588 0.015254 0.040590 0.315146
0 0.699328 0.466437 0.010876 0.053903 0.292822
0 0.286500 0.496865 0.010993 0.038788 0.269006
0 0.325832 0.482656 0.010140 0.018567 0.256409
0 0.298997 0.499198 0.007928 0.028902 0.234969
0 0.476278 0.440159 0.009161 0.036004 0.224061
0 0.211340 0.482533 0.008428 0.033051 0.210815
0 0.047698 0.533503 0.015024 0.057787 0.192894
0 0.265708 0.488966 0.007521 0.021576 0.190197
0 0.683406 0.526102 0.020455 0.069305 0.185392
0 0.202476 0.483724 0.008359 0.036064 0.184463
0 0.812337 0.445598 0.012609 0.035320 0.184242
0 0.960767 0.433676 0.011494 0.022227 0.174654
0 0.242187 0.494897 0.007686 0.026886 0.160754
0 0.954987 0.433899 0.020957 0.024401 0.158614
0 0.896025 0.451449 0.009684 0.042550 0.151896
0 0.049331 0.504193 0.011280 0.027233 0.131709
0 0.940367 0.461534 0.016090 0.034159 0.102620
0 0.375734 0.519497 0.007624 0.039936 0.098278
0 0.013604 0.512242 0.009512 0.017374 0.096931
0 0.532736 0.473300 0.014675 0.057302 0.092362
0 0.438681 0.457658 0.015680 0.034491 0.085849
0 0.469614 0.516410 0.007436 0.033414 0.083799
0 0.300111 0.492863 0.007141 0.020297 0.080192
0 0.343129 0.467756 0.010832 0.024562 0.076199
0 0.913313 0.480776 0.024101 0.076837 0.070189
0 0.303247 0.485784 0.007502 0.019944 0.069045
0 0.433361 0.480958 0.011943 0.026374 0.061789
0 0.217654 0.481414 0.007937 0.025909 0.060822
3 0.216295 0.534863 0.015260 0.022898 0.054791
0 0.438883 0.473375 0.012086 0.026806 0.049034
0 0.278059 0.519510 0.012272 0.051911 0.046035
0 0.530026 0.469876 0.016767 0.055658 0.045530
0 0.468245 0.513622 0.006919 0.031077 0.044408
0 0.363970 0.513191 0.015138 0.061852 0.044124
0 0.285113 0.493091 0.010705 0.033585 0.042753
0 0.907828 0.455513 0.012962 0.035197 0.040405
0 0.013034 0.506872 0.008650 0.019480 0.040279
0 0.470146 0.514746 0.010102 0.032327 0.033013
0 0.218149 0.478135 0.009001 0.027386 0.032284
0 0.360282 0.479458 0.008063 0.018734 0.031878
0 0.822800 0.444086 0.009717 0.039011 0.031203
0 0.256618 0.495190 0.012106 0.025961 0.031093
0 0.298631 0.503565 0.008208 0.039475 0.030698
0 0.426541 0.472647 0.011017 0.059797 0.029699
0 0.359899 0.483065 0.008504 0.021545 0.028184
0 0.299267 0.494672 0.007143 0.026192 0.027588
0 0.893276 0.473189 0.008596 0.085698 0.027320
0 0.270032 0.487528 0.006298 0.021501 0.025965
0 0.277605 0.496931 0.009259 0.017980 0.025590
0 0.305654 0.522088 0.009910 0.055543 0.024923
0 0.486239 0.444662 0.007598 0.023761 0.024302
0 0.356155 0.524170 0.015041 0.055888 0.024233
0 0.425280 0.482090 0.010364 0.054654 0.020931
0 0.003768 0.503339 0.007535 0.028353 0.020211
0 0.261282 0.489432 0.007059 0.020398 0.017806
0 0.877222 0.471540 0.039197 0.088731 0.017258
0 0.205198 0.489956 0.008812 0.046868 0.016103
0 0.358359 0.507941 0.012110 0.031944 0.015926
0 0.538636 0.461565 0.010963 0.036398 0.015774
0 0.255998 0.503949 0.012723 0.040600 0.015353
0 0.689474 0.491251 0.014901 0.092103 0.015026
0 0.696756 0.487647 0.010023 0.091219 0.014278
0 0.427955 0.486014 0.012652 0.037119 0.013327
0 0.302733 0.521596 0.004976 0.056148 0.012093
0 0.426236 0.461364 0.010326 0.038050 0.011626
0 0.890204 0.473971 0.013606 0.084106 0.011280
0 0.033398 0.511143 0.009679 0.017353 0.011147
0 0.370072 0.508236 0.011019 0.063631 0.010963
0 0.897348 0.460604 0.009620 0.049338 0.010824
0 0.036283 0.519862 0.011094 0.026250 0.010399
0 0.206589 0.487312 0.010478 0.047195 0.010294
0 0.894648 0.466222 0.009720 0.071118 0.009558
0 0.849936 0.449121 0.010472 0.046284 0.009257
0 0.210214 0.497570 0.009384 0.062427 0.009079
0 0.276389 0.507480 0.009026 0.042807 0.008866
0 0.244684 0.492888 0.008109 0.024198 0.008620
0 0.039621 0.553367 0.016227 0.043908 0.007900
0 0.286852 0.505410 0.010974 0.051211 0.007825
0 0.031560 0.496294 0.009286 0.027632 0.007129
0 0.216086 0.534505 0.016211 0.022303 0.007126
0 0.323514 0.494237 0.008752 0.015986 0.006890
0 0.466425 0.491604 0.008517 0.050410 0.006726
0 0.220358 0.478108 0.009796 0.023925 0.006659
0 0.417550 0.461077 0.008715 0.041653 0.006632
0 0.428619 0.455917 0.009557 0.036310 0.006517
0 0.350489 0.520513 0.012547 0.054783 0.006453
0 0.019139 0.502742 0.010674 0.023148 0.006194
0 0.939061 0.490319 0.014803 0.058988 0.005750
0 0.038350 0.546699 0.014251 0.057310 0.004877
0 0.467800 0.478013 0.008924 0.037118 0.004791
0 0.005223 0.492858 0.008954 0.021991 0.004700
0 0.871174 0.430297 0.015183 0.020875 0.004673
0 0.867907 0.434099 0.009297 0.026157 0.004507
0 0.413755 0.459166 0.007631 0.032185 0.004367
0 0.918951 0.482656 0.023964 0.074852 0.004239
0 0.483866 0.439554 0.007743 0.029224 0.004151
0 0.249960 0.497075 0.008585 0.028841 0.004034
0 0.308577 0.482935 0.011434 0.027517 0.004010
0 0.029727 0.494795 0.010207 0.026974 0.003707
0 0.034430 0.504957 0.009273 0.023487 0.003571
0 0.204387 0.498978 0.009296 0.064101 0.003563
0 0.279102 0.490637 0.007571 0.022414 0.003563
0 0.916720 0.495614 0.030480 0.046149 0.003449
0 0.365893 0.478428 0.009613 0.015998 0.003395
0 0.265470 0.518295 0.010503 0.052543 0.003034
0 0.471869 0.518136 0.011559 0.038379 0.002914
0 0.436832 0.455091 0.011999 0.035311 0.002906
0 0.701045 0.501291 0.012126 0.127278 0.002818
0 0.017047 0.536772 0.018275 0.048625 0.002733
0 0.694367 0.497696 0.009153 0.061060 0.002434
0 0.007408 0.546621 0.009738 0.060557 0.002397
0 0.006673 0.491085 0.009791 0.019007 0.002391
0 0.946534 0.446693 0.014249 0.036223 0.002353
0 0.426095 0.487961 0.012273 0.040000 0.002333
0 0.310387 0.508542 0.016244 0.033720 0.002313
0 0.293565 0.499145 0.006117 0.031649 0.002234
0 0.213188 0.528099 0.013456 0.031303 0.002187
0 0.372937 0.516104 0.008671 0.049261 0.002122
0 0.225286 0.481106 0.009370 0.023255 0.001977
0 0.391533 0.468922 0.008459 0.017688 0.001871
0 0.907512 0.471417 0.015312 0.058981 0.001870
0 0.257411 0.512968 0.013851 0.057978 0.001844
0 0.272792 0.491370 0.007111 0.022140 0.001836
5 0.042673 0.566296 0.016778 0.018401 0.001609
0 0.294946 0.503777 0.006262 0.039339 0.001601
0 0.374167 0.464488 0.008075 0.025833 0.001571
0 0.371461 0.471128 0.006315 0.017204 0.001530
0 0.023357 0.499855 0.012597 0.035081 0.001477
0 0.050180 0.506910 0.014937 0.026650 0.001418
0 0.376955 0.463564 0.008127 0.027188 0.001414
3 0.318932 0.544756 0.024639 0.023119 0.001413
7 0.726327 0.506193 0.008311 0.017515 0.001390
5 0.039621 0.553367 0.016227 0.043908 0.001223
0 0.016068 0.492794 0.010524 0.024180 0.001157
0 0.895269 0.457107 0.010302 0.047799 0.001101
0 0.592463 0.446102 0.011456 0.053712 0.001032
