0 0.536788 0.367665 0.119926 0.730190 0.964657
0 0.057233 0.216781 0.032559 0.221151 0.945032
0 0.125837 0.230852 0.034822 0.144277 0.941555
0 0.013086 0.238867 0.024388 0.178309 0.930957
0 0.877523 0.255488 0.018893 0.095425 0.919713
0 0.616382 0.249413 0.026614 0.115761 0.911896
0 0.692552 0.245579 0.021381 0.102993 0.895474
0 0.225191 0.231513 0.013683 0.055541 0.895040
0 0.171071 0.220240 0.015075 0.039956 0.887058
0 0.196087 0.170041 0.013674 0.040707 0.886686
0 0.082358 0.166436 0.016195 0.045249 0.886422
0 0.738243 0.260982 0.014844 0.072558 0.882736
0 0.260655 0.172427 0.015628 0.044220 0.871622
0 0.464235 0.174691 0.014005 0.025585 0.867638
0 0.391063 0.171938 0.011900 0.042407 0.867365
0 0.976361 0.265820 0.035571 0.113806 0.865773
0 0.153320 0.229503 0.018016 0.042019 0.864677
0 0.384849 0.227561 0.013268 0.073362 0.864673
0 0.422831 0.203911 0.011089 0.022780 0.847594
0 0.418062 0.170496 0.009865 0.023577 0.843350
0 0.110254 0.170520 0.013714 0.035516 0.830973
0 0.459586 0.231487 0.012056 0.066535 0.830428
0 0.303495 0.195689 0.011477 0.027663 0.826021
0 0.590324 0.222490 0.020056 0.158399 0.821218
0 0.350155 0.200918 0.011240 0.036525 0.819958
0 0.447064 0.207538 0.012752 0.034693 0.815636
0 0.268042 0.233500 0.012866 0.046726 0.810999
0 0.981563 0.266159 0.024702 0.111632 0.797863
0 0.234186 0.171111 0.011159 0.037610 0.758590
0 0.376054 0.200971 0.009120 0.039534 0.751078
0 0.410531 0.220520 0.016910 0.031570 0.747213
0 0.021976 0.159631 0.011927 0.061351 0.745167
0 0.239625 0.179810 0.009338 0.028733 0.740886
0 0.320936 0.178032 0.015959 0.030246 0.736359
0 0.375159 0.168839 0.012911 0.033245 0.701221
0 0.322851 0.195212 0.011060 0.020020 0.686760
0 0.446607 0.170905 0.008683 0.023707 0.664687
0 0.021909 0.148928 0.011478 0.038289 0.647346
0 0.131222 0.177766 0.012761 0.037409 0.643306
0 0.166140 0.180234 0.017097 0.042066 0.608303
0 0.439147 0.172323 0.009216 0.025083 0.598189
0 0.437678 0.172866 0.008789 0.023841 0.566391
0 0.299265 0.175963 0.006854 0.014101 0.544196
0 0.034370 0.148446 0.012631 0.034328 0.524264
0 0.430402 0.245497 0.013894 0.032089 0.504599
0 0.168617 0.160858 0.012025 0.023474 0.461871
0 0.990590 0.289406 0.011148 0.057798 0.450017
0 0.181482 0.166968 0.009006 0.017543 0.435915
0 0.242201 0.165505 0.009486 0.017467 0.425574
0 0.426254 0.172650 0.009181 0.021671 0.408422
0 0.033837 0.163880 0.014244 0.065841 0.401043
0 0.704696 0.220781 0.006696 0.018739 0.391238
0 0.603751 0.236161 0.009918 0.121131 0.368053
0 0.007535 0.148395 0.011997 0.037301 0.346144
0 0.281807 0.241281 0.016481 0.041992 0.341316
0 0.261845 0.234155 0.007794 0.043541 0.315154
0 0.282016 0.229214 0.014750 0.021529 0.268957
0 0.458762 0.203833 0.009699 0.017019 0.258283
0 0.241528 0.163428 0.008384 0.018578 0.174061
0 0.243864 0.166580 0.009026 0.019684 0.163887
0 0.237288 0.176115 0.011885 0.034840 0.157540
0 0.650586 0.254831 0.011656 0.033586 0.149607
0 0.589469 0.260691 0.020736 0.231443 0.141542
0 0.324891 0.198273 0.011020 0.019573 0.141091
0 0.458296 0.204303 0.008621 0.022340 0.137449
0 0.318072 0.193612 0.008269 0.019452 0.127279
0 0.376136 0.178797 0.012277 0.036340 0.113809
0 0.672976 0.217108 0.008330 0.016700 0.110793
0 0.160410 0.179957 0.009506 0.027286 0.106716
0 0.164265 0.180401 0.016425 0.029185 0.103170
0 0.376239 0.175268 0.011020 0.027179 0.095664
0 0.322449 0.186396 0.014007 0.027081 0.081830
0 0.433411 0.246543 0.019657 0.033889 0.081817
0 0.264081 0.233433 0.011722 0.042911 0.052009
0 0.120378 0.166974 0.008682 0.024778 0.046728
0 0.243644 0.169950 0.009649 0.023115 0.044082
0 0.701072 0.213733 0.010114 0.026588 0.040188
0 0.180340 0.164341 0.007913 0.022140 0.039783
0 0.282487 0.224685 0.012624 0.019538 0.032033
3 0.447577 0.248084 0.012724 0.030784 0.028133
0 0.428127 0.173297 0.008136 0.022192 0.027703
0 0.994626 0.284255 0.009321 0.046251 0.027103
0 0.007796 0.154560 0.013021 0.051025 0.022636
0 0.300664 0.178466 0.008803 0.013641 0.019686
0 0.073476 0.158310 0.007931 0.040967 0.019150
0 0.254144 0.165750 0.007779 0.025880 0.018260
0 0.088581 0.227554 0.009711 0.021650 0.016558
0 0.601876 0.238790 0.010159 0.131736 0.015549
0 0.386201 0.181478 0.008354 0.020857 0.014846
0 0.960309 0.116651 0.010275 0.018843 0.014096
0 0.384960 0.192420 0.008651 0.025851 0.013455
0 0.389092 0.171955 0.011722 0.036236 0.013351
0 0.074293 0.162575 0.008836 0.046250 0.013002
0 0.117697 0.169162 0.009706 0.033114 0.012815
0 0.796307 0.269986 0.011106 0.026123 0.010988
0 0.404422 0.230547 0.008594 0.020325 0.010622
0 0.952024 0.117732 0.009568 0.019372 0.010609
0 0.411546 0.215538 0.016666 0.030395 0.009876
0 0.993055 0.285674 0.011678 0.048630 0.009830
0 0.186413 0.158874 0.007145 0.022245 0.009731
0 0.674421 0.218112 0.008712 0.017961 0.009648
0 0.165791 0.168786 0.015967 0.030758 0.009496
0 0.419855 0.173028 0.010013 0.022761 0.008582
0 0.705815 0.221063 0.008109 0.014313 0.007191
0 0.426591 0.231085 0.011843 0.045915 0.007134
0 0.193164 0.165442 0.010022 0.034014 0.006788
0 0.604837 0.207293 0.010938 0.061730 0.006263
0 0.247169 0.175844 0.013771 0.038626 0.005813
0 0.957615 0.116887 0.009512 0.019796 0.005717
0 0.156886 0.180276 0.008506 0.024930 0.005682
0 0.250030 0.176939 0.010938 0.032216 0.005526
3 0.650539 0.254918 0.011900 0.034236 0.005521
0 0.329198 0.175115 0.013878 0.028082 0.005454
0 0.606706 0.236508 0.008965 0.084510 0.005334
3 0.449374 0.249570 0.011147 0.028770 0.005016
0 0.073507 0.151518 0.007520 0.029710 0.004915
0 0.028356 0.147608 0.006386 0.034497 0.004488
0 0.165778 0.162055 0.015076 0.026392 0.003885
0 0.879786 0.150222 0.009867 0.023104 0.003773
0 0.180002 0.167790 0.008133 0.024846 0.003558
0 0.334643 0.176091 0.008482 0.021780 0.003528
0 0.153868 0.241639 0.017087 0.024326 0.003369
0 0.443778 0.167261 0.008068 0.028945 0.003359
0 0.020071 0.159908 0.013207 0.056320 0.003203
0 0.446898 0.204324 0.012364 0.049375 0.003168
0 0.075938 0.153073 0.008003 0.032639 0.002978
0 0.867075 0.278161 0.008084 0.020157 0.002794
0 0.252577 0.171972 0.008459 0.031274 0.002701
0 0.613951 0.234582 0.029760 0.142375 0.002485
0 0.076917 0.163899 0.013850 0.045780 0.002423
0 0.823719 0.144773 0.012189 0.049493 0.002343
0 0.024804 0.148622 0.009505 0.036981 0.002336
0 0.251373 0.182311 0.008165 0.026355 0.001879
3 0.454181 0.241237 0.010056 0.045543 0.001846
0 0.703044 0.226961 0.008137 0.032719 0.001762
0 0.334793 0.161654 0.012714 0.040054 0.001688
0 0.825236 0.111831 0.009878 0.028220 0.001627
0 0.335080 0.172804 0.010302 0.024488 0.001369
3 0.433428 0.246911 0.019930 0.033805 0.001338
0 0.868162 0.276123 0.007480 0.019222 0.001242
0 0.319184 0.197659 0.010458 0.022411 0.001230
7 0.018789 0.168515 0.012926 0.046742 0.001210
0 0.827992 0.114942 0.013692 0.039039 0.001194
0 0.007780 0.142904 0.011608 0.031111 0.001061
0 0.301267 0.170254 0.008656 0.024808 0.001041
