0 0.667278 0.328934 0.056131 0.186463 0.958915
5 0.417155 0.396355 0.053759 0.123470 0.952534
0 0.335748 0.262834 0.066499 0.349208 0.947354
0 0.414752 0.361067 0.050122 0.181684 0.935680
0 0.461668 0.295677 0.028153 0.148177 0.935122
0 0.405955 0.236010 0.018502 0.090294 0.896142
5 0.843482 0.399652 0.031902 0.045621 0.888777
0 0.376555 0.227898 0.016435 0.075634 0.887868
0 0.196706 0.165491 0.017063 0.081148 0.879333
0 0.954883 0.429585 0.022633 0.042858 0.865234
0 0.622536 0.303819 0.015676 0.058086 0.864034
0 0.079945 0.135642 0.014607 0.079743 0.861776
0 0.270236 0.190669 0.015711 0.074196 0.853982
0 0.276274 0.210171 0.010227 0.048708 0.851075
0 0.292320 0.198947 0.016317 0.076549 0.841541
0 0.065296 0.138973 0.010929 0.047792 0.837999
0 0.710801 0.349123 0.012404 0.024079 0.836420
0 0.167828 0.161340 0.011241 0.062515 0.823543
0 0.877082 0.399764 0.015644 0.035767 0.823253
0 0.700251 0.346068 0.009262 0.024148 0.784219
0 0.991705 0.436427 0.016129 0.040600 0.734514
0 0.203675 0.187130 0.011262 0.048760 0.665004
0 0.047609 0.128119 0.014758 0.062872 0.631173
0 0.304860 0.209468 0.007586 0.042718 0.609117
0 0.595097 0.306937 0.011636 0.027572 0.355255
0 0.211158 0.181877 0.010596 0.051545 0.322805
0 0.176983 0.157267 0.008581 0.056309 0.287473
0 0.030685 0.138895 0.012037 0.033931 0.227130
0 0.233466 0.183114 0.018436 0.064796 0.192729
0 0.297725 0.210920 0.010070 0.051153 0.164015
0 0.989638 0.431395 0.018566 0.032956 0.163176
0 0.212086 0.144227 0.009927 0.022880 0.141614
0 0.209537 0.144913 0.013398 0.025858 0.113504
0 0.987455 0.428686 0.015742 0.029653 0.071456
0 0.206953 0.185507 0.014508 0.051524 0.068964
7 0.730669 0.367895 0.007827 0.017388 0.066122
0 0.212551 0.179227 0.009436 0.049548 0.050050
0 0.209489 0.153449 0.014304 0.041379 0.045610
0 0.305840 0.212686 0.008619 0.045153 0.042347
0 0.210408 0.149825 0.012883 0.030527 0.030995
0 0.303858 0.212182 0.008308 0.045381 0.029974
0 0.209529 0.168470 0.014762 0.071716 0.024982
0 0.444791 0.262385 0.010573 0.028263 0.024632
0 0.210853 0.175121 0.012270 0.065083 0.024401
0 0.161679 0.157315 0.009785 0.061671 0.017878
0 0.289672 0.199192 0.013193 0.071122 0.014234
3 0.215858 0.206885 0.018998 0.024949 0.012808
0 0.216420 0.171380 0.008142 0.044915 0.012236
0 0.654541 0.332965 0.010645 0.019441 0.010452
0 0.247402 0.188136 0.012032 0.054422 0.010083
0 0.286759 0.205991 0.007850 0.057477 0.009188
0 0.274382 0.205197 0.013898 0.059385 0.006417
0 0.005312 0.131024 0.010624 0.031753 0.005282
0 0.241239 0.190444 0.008356 0.051330 0.005014
0 0.105435 0.148153 0.009628 0.047525 0.004919
0 0.206144 0.149671 0.011292 0.042812 0.004544
0 0.197449 0.185929 0.011313 0.043642 0.004115
0 0.003003 0.133396 0.006007 0.035363 0.004063
0 0.221261 0.183745 0.009578 0.035964 0.004059
0 0.235030 0.153634 0.009070 0.022858 0.004003
0 0.249727 0.190520 0.013190 0.043738 0.003768
7 0.654363 0.333239 0.011032 0.019084 0.003717
0 0.239427 0.186181 0.008301 0.059693 0.003677
0 0.768376 0.375138 0.008319 0.014036 0.003374
0 0.730937 0.367555 0.008462 0.017553 0.003326
0 0.202052 0.179057 0.011768 0.061618 0.003006
7 0.301168 0.297055 0.007397 0.013422 0.002988
0 0.260165 0.190709 0.009919 0.031746 0.002840
0 0.221925 0.177676 0.009660 0.034429 0.002806
0 0.246300 0.180080 0.010620 0.047712 0.002314
0 0.769364 0.376349 0.008397 0.013821 0.002265
0 0.207071 0.139010 0.011228 0.025688 0.002252
0 0.305659 0.205059 0.007537 0.051631 0.002200
0 0.238376 0.155673 0.009015 0.020881 0.002175
0 0.979022 0.433748 0.009035 0.028151 0.002161
0 0.251723 0.186529 0.012224 0.040031 0.002131
5 0.877015 0.399886 0.015584 0.035218 0.002027
0 0.092584 0.124941 0.009715 0.024175 0.001889
0 0.093293 0.134857 0.009397 0.035869 0.001642
0 0.285742 0.215554 0.007862 0.037994 0.001620
0 0.235231 0.146195 0.008521 0.022548 0.001610
0 0.063075 0.135954 0.009479 0.049000 0.001560
0 0.289743 0.208367 0.011889 0.056285 0.001534
0 0.228291 0.162855 0.011386 0.040610 0.001459
0 0.306398 0.198844 0.008312 0.062786 0.001452
0 0.229998 0.152587 0.011315 0.033633 0.001382
0 0.769547 0.354334 0.008149 0.018646 0.001203
0 0.201527 0.139703 0.011669 0.029997 0.001181
0 0.266994 0.195697 0.010609 0.062266 0.001023
