0 0.210917 0.820467 0.055189 0.218961 0.958441
0 0.392197 0.829816 0.053869 0.192128 0.952652
0 0.599492 0.796462 0.038198 0.168275 0.944162
0 0.520163 0.801011 0.031733 0.151446 0.943443
0 0.455034 0.804672 0.029515 0.154330 0.939220
0 0.408832 0.800714 0.033957 0.181667 0.930598
0 0.131558 0.888773 0.053015 0.129073 0.886662
0 0.261430 0.824379 0.018373 0.069693 0.871463
0 0.328423 0.819029 0.028265 0.078170 0.822318
6 0.662716 0.777930 0.060568 0.060729 0.817861
6 0.048829 0.809211 0.023299 0.023154 0.815879
6 0.103642 0.812917 0.021310 0.030301 0.815017
0 0.132722 0.830076 0.055907 0.247697 0.808181
0 0.305713 0.810244 0.029213 0.210792 0.798303
0 0.310837 0.785218 0.034747 0.163015 0.294571
4 0.011100 0.706558 0.018574 0.023825 0.191565
7 0.746588 0.878626 0.039238 0.041236 0.039016
0 0.271024 0.827063 0.013122 0.058930 0.018663
4 0.588121 0.581268 0.042575 0.021338 0.015699
0 0.269289 0.824472 0.010933 0.062378 0.013781
6 0.109126 0.815404 0.017585 0.035648 0.012831
0 0.369426 0.781398 0.013286 0.092366 0.010596
0 0.824067 0.768366 0.014666 0.050537 0.009807
3 0.290677 0.841126 0.021760 0.036811 0.006315
7 0.739773 0.877553 0.025294 0.039634 0.005332
0 0.305036 0.833270 0.026724 0.053770 0.004423
0 0.277482 0.826909 0.018715 0.061314 0.004394
6 0.070603 0.811680 0.032651 0.029895 0.003465
0 0.272713 0.833348 0.014956 0.048486 0.003286
6 0.113607 0.816865 0.009192 0.033568 0.003193
6 0.649133 0.777594 0.087362 0.060310 0.002706
7 0.232305 0.785678 0.011887 0.034802 0.002405
0 0.289822 0.840253 0.023909 0.038248 0.002346
5 0.290677 0.841126 0.021760 0.036811 0.001959
6 0.290677 0.841126 0.021760 0.036811 0.001386
0 0.275195 0.831736 0.017956 0.051612 0.001373
6 0.440933 0.791003 0.012830 0.035491 0.001201
0 0.280226 0.823116 0.019239 0.068893 0.001137
0 0.298907 0.805858 0.033489 0.045943 0.001099
9 0.343177 0.835521 0.014846 0.039065 0.001085
