4 0.372663 0.441750 0.056942 0.099688 0.964080
4 0.549923 0.168313 0.078185 0.217120 0.954327
5 0.162323 0.699156 0.040093 0.048973 0.926873
6 0.011867 0.773111 0.023734 0.145546 0.912040
5 0.187877 0.696644 0.034528 0.044641 0.893427
9 0.345558 0.676559 0.008018 0.023284 0.706154
9 0.328237 0.675508 0.005151 0.016297 0.351004
9 0.328947 0.676631 0.005933 0.017428 0.210599
9 0.334988 0.677338 0.004972 0.020644 0.185905
9 0.333185 0.677836 0.005566 0.019613 0.089821
5 0.219578 0.679314 0.015983 0.030160 0.074069
9 0.325384 0.674972 0.005143 0.016634 0.060743
9 0.321232 0.667580 0.008395 0.019988 0.030681
9 0.323030 0.673244 0.005501 0.023294 0.024877
9 0.317462 0.668045 0.008784 0.022100 0.015348
9 0.347078 0.676824 0.007935 0.022488 0.010493
5 0.868648 0.732738 0.039465 0.072418 0.009773
9 0.319101 0.665356 0.009857 0.018142 0.009333
9 0.317124 0.672010 0.008055 0.026412 0.007667
4 0.896547 0.664968 0.013320 0.032452 0.002963
6 0.219578 0.679314 0.015983 0.030160 0.002089
4 0.345485 0.676745 0.007933 0.023732 0.001944
9 0.326470 0.668155 0.005457 0.019854 0.001266
