2 0.586305 0.412514 0.073542 0.105585 0.956529
2 0.717153 0.300743 0.060048 0.080181 0.940982
2 0.023180 0.408376 0.046360 0.063245 0.931036
2 0.891359 0.318269 0.058440 0.074387 0.819727
2 0.973345 0.723830 0.053098 0.129524 0.807089
2 0.707367 0.535559 0.018036 0.069598 0.786017
2 0.992906 0.333548 0.013298 0.078440 0.428765
2 0.134514 0.669956 0.025908 0.071188 0.371936
2 0.907022 0.468234 0.036416 0.080279 0.314977
2 0.897232 0.485077 0.016865 0.047874 0.077488
2 0.993229 0.312935 0.012420 0.037634 0.042106
2 0.724952 0.394616 0.014124 0.028287 0.028153
2 0.038424 0.704927 0.027007 0.114873 0.014788
2 0.026324 0.713450 0.052621 0.129773 0.003753
2 0.707138 0.545830 0.017397 0.048242 0.002136
