4 0.598882 0.825608 0.162067 0.303691 0.958329
6 0.941792 0.935358 0.112522 0.087454 0.943781
6 0.782135 0.890087 0.142346 0.098492 0.926191
5 0.381283 0.832442 0.029880 0.078448 0.920902
5 0.272842 0.760867 0.027922 0.049842 0.828856
0 0.273771 0.744377 0.023708 0.077292 0.708371
0 0.201648 0.716819 0.016141 0.076369 0.624113
6 0.984402 0.951086 0.031197 0.097828 0.568573
4 0.557335 0.611219 0.022035 0.018962 0.136763
5 0.208058 0.729782 0.014568 0.055859 0.008915
5 0.211228 0.735055 0.016120 0.049953 0.005818
8 0.878334 0.319114 0.158397 0.638228 0.005296
0 0.206648 0.717164 0.014395 0.075895 0.005196
5 0.213605 0.738764 0.013880 0.050150 0.004394
5 0.202415 0.717049 0.016989 0.076933 0.003983
5 0.205824 0.717232 0.015696 0.076182 0.002294
5 0.184496 0.722721 0.016955 0.048787 0.002116
