0 0.800786 0.806075 0.113854 0.386305 0.966131
0 0.700243 0.824255 0.098400 0.350841 0.962781
4 0.498807 0.535570 0.117312 0.220485 0.925377
0 0.211997 0.856386 0.014974 0.066075 0.915330
4 0.262614 0.781495 0.022626 0.047279 0.856745
8 0.270691 0.687222 0.039423 0.061022 0.856545
6 0.402950 0.803245 0.023301 0.017217 0.792162
0 0.368494 0.825620 0.016271 0.051172 0.764697
8 0.414703 0.433947 0.209434 0.865764 0.647358
5 0.368546 0.835593 0.015857 0.030791 0.631279
4 0.461265 0.720918 0.029225 0.053827 0.615553
6 0.009028 0.955912 0.018055 0.087978 0.556391
5 0.368497 0.828634 0.016241 0.045132 0.139281
0 0.331379 0.821905 0.005990 0.020870 0.107438
6 0.308326 0.823688 0.009144 0.018394 0.029527
6 0.316466 0.824066 0.007137 0.016201 0.022751
4 0.321540 0.778091 0.013548 0.027875 0.013446
0 0.435926 0.800031 0.007883 0.027639 0.010019
5 0.211867 0.856518 0.014817 0.065407 0.008949
6 0.414684 0.793897 0.010595 0.023167 0.007942
6 0.178391 0.859399 0.051905 0.035569 0.007517
8 0.270620 0.757049 0.039000 0.203946 0.004825
8 0.327969 0.761247 0.024460 0.125145 0.003283
0 0.316326 0.824368 0.007859 0.015868 0.001455
0 0.414145 0.442876 0.208019 0.884292 0.001160
8 0.025681 0.685425 0.051193 0.462463 0.001109
