8 0.297193 0.392514 0.078728 0.125167 0.964248
6 0.174505 0.580716 0.073176 0.065037 0.936824
8 0.253932 0.511053 0.038841 0.118263 0.930558
8 0.076887 0.318742 0.146369 0.461415 0.904051
6 0.267553 0.585787 0.040647 0.039723 0.899892
9 0.236979 0.604255 0.024069 0.055177 0.871458
0 0.291433 0.592499 0.014398 0.053201 0.858846
8 0.167715 0.472843 0.050414 0.149702 0.748133
5 0.291585 0.605997 0.015732 0.033342 0.708451
4 0.054272 0.379127 0.044649 0.076659 0.582729
8 0.460514 0.545841 0.032007 0.078817 0.357983
5 0.317733 0.615734 0.013189 0.031491 0.030860
5 0.291493 0.595846 0.015759 0.053078 0.020039
0 0.291415 0.599491 0.016004 0.045838 0.015236
8 0.168076 0.431594 0.050332 0.066737 0.012737
8 0.460375 0.533811 0.032599 0.054463 0.009763
8 0.434135 0.520424 0.034333 0.083702 0.004682
8 0.460162 0.523172 0.031435 0.033496 0.002812
6 0.237064 0.604340 0.024410 0.055044 0.001516
