3 0.189235 0.694556 0.137230 0.423277 0.956442
3 0.028179 0.623161 0.055543 0.167668 0.954978
3 0.447919 0.741717 0.190395 0.490450 0.954579
3 0.363971 0.590143 0.111374 0.221495 0.952622
3 0.478662 0.608110 0.102052 0.244126 0.937190
0 0.724546 0.496385 0.550909 0.977749 0.931723
3 0.113603 0.619206 0.052960 0.155638 0.931465
3 0.757760 0.634081 0.040225 0.272887 0.930706
0 0.163761 0.526411 0.069997 0.307055 0.843513
0 0.240210 0.347955 0.211721 0.680729 0.471386
3 0.309866 0.605178 0.029580 0.121598 0.031423
3 0.135969 0.631554 0.083435 0.296582 0.023180
3 0.131477 0.599814 0.086617 0.218001 0.010854
3 0.272870 0.606231 0.025477 0.123352 0.004554
3 0.763450 0.559602 0.046116 0.087500 0.004078
3 0.753413 0.562554 0.049539 0.084135 0.003032
0 0.332949 0.377362 0.370955 0.751892 0.002949
0 0.350794 0.486667 0.420050 0.973333 0.002377
3 0.517119 0.691477 0.066634 0.380607 0.002106
0 0.235242 0.469119 0.204760 0.668330 0.001735
3 0.512129 0.627957 0.063112 0.231799 0.001592
3 0.149017 0.649596 0.081999 0.347049 0.001308
3 0.159775 0.639449 0.082718 0.302679 0.001297
