8 0.335262 0.274658 0.087311 0.500053 0.959387
8 0.534148 0.341075 0.056775 0.277117 0.955746
0 0.239454 0.466891 0.055303 0.169057 0.955125
6 0.415815 0.458953 0.045640 0.069279 0.936662
0 0.581664 0.443730 0.019370 0.068164 0.918372
0 0.340672 0.473263 0.026698 0.093817 0.906297
6 0.282423 0.480797 0.018382 0.025033 0.877262
8 0.397389 0.372902 0.034094 0.095305 0.857841
0 0.269317 0.481109 0.011559 0.039804 0.818709
0 0.229742 0.477421 0.008181 0.027548 0.769744
8 0.397310 0.396334 0.034040 0.142558 0.660917
8 0.268215 0.330265 0.036984 0.076998 0.149112
0 0.317649 0.472762 0.007525 0.023027 0.092607
6 0.317636 0.472282 0.008153 0.024664 0.045682
8 0.270281 0.372096 0.034511 0.158860 0.020241
6 0.269912 0.480860 0.011796 0.037933 0.006991
6 0.415774 0.472540 0.042261 0.042156 0.004901
8 0.268454 0.347570 0.036735 0.113516 0.003071
0 0.328385 0.473987 0.008452 0.021083 0.001663
6 0.327994 0.474659 0.007701 0.022221 0.001589
