0 0.294020 0.556346 0.048738 0.180244 0.966939
0 0.403996 0.565542 0.031640 0.095603 0.936950
0 0.159908 0.552593 0.023928 0.086480 0.925827
0 0.784084 0.578880 0.019404 0.075212 0.906816
8 0.354320 0.411724 0.027462 0.389315 0.873515
5 0.783583 0.595945 0.019200 0.041475 0.821290
4 0.010213 0.469666 0.014698 0.023522 0.794840
0 0.394269 0.567677 0.012602 0.082007 0.013707
0 0.402405 0.548014 0.016567 0.053095 0.009197
0 0.400141 0.559731 0.019644 0.081007 0.009179
2 0.402405 0.548014 0.016567 0.053095 0.003294
0 0.405581 0.547183 0.015835 0.052942 0.002000
0 0.402736 0.537977 0.015171 0.037607 0.001948
