2 0.326855 0.380234 0.033840 0.052449 0.926430
2 0.190378 0.350335 0.037861 0.056671 0.916804
2 0.625875 0.530035 0.013870 0.033019 0.886559
2 0.229656 0.700323 0.113771 0.242580 0.879593
2 0.423690 0.368369 0.025486 0.040138 0.852845
2 0.488287 0.381185 0.031670 0.048819 0.689901
2 0.011306 0.466972 0.021786 0.137450 0.507791
2 0.409637 0.608894 0.013292 0.056965 0.420885
2 0.128099 0.534543 0.037254 0.078964 0.387581
2 0.421568 0.443279 0.016476 0.025099 0.344430
2 0.374344 0.428506 0.012046 0.029642 0.114799
2 0.293532 0.658289 0.023423 0.032093 0.101970
2 0.439428 0.644292 0.014881 0.054788 0.100111
2 0.207152 0.390493 0.019013 0.031561 0.057733
2 0.012200 0.488879 0.023575 0.182006 0.014925
2 0.375653 0.419324 0.015017 0.049184 0.006989
2 0.427367 0.506180 0.022897 0.058773 0.005612
2 0.011277 0.446950 0.022207 0.094465 0.004206
2 0.099122 0.394135 0.032640 0.074938 0.002562
0 0.229993 0.698720 0.114349 0.245784 0.002190
2 0.000000 0.414405 0.000000 0.181620 0.001104
