0 0.159756 0.498826 0.088355 0.260016 0.958941
0 0.964916 0.422285 0.055221 0.217280 0.958035
0 0.853569 0.421989 0.020627 0.104630 0.926051
9 0.306681 0.493194 0.040917 0.062609 0.923861
6 0.491828 0.438845 0.049891 0.032933 0.894472
6 0.559371 0.429113 0.042454 0.030009 0.886030
0 0.994855 0.374650 0.010172 0.114573 0.801927
6 0.450367 0.440212 0.035053 0.026882 0.636108
6 0.937172 0.396992 0.065273 0.030125 0.371646
0 0.996141 0.391830 0.006976 0.079458 0.114455
6 0.381682 0.443711 0.038176 0.021590 0.057535
6 0.985861 0.397930 0.024548 0.057271 0.028436
6 0.505884 0.462196 0.069472 0.050966 0.025702
6 0.823359 0.408925 0.031217 0.020203 0.014946
0 0.995535 0.386317 0.008930 0.137649 0.011461
0 0.992855 0.413543 0.014290 0.197383 0.010668
0 0.997174 0.426847 0.005652 0.163896 0.006231
6 0.994431 0.394613 0.009755 0.074825 0.002181
6 0.306671 0.493476 0.041326 0.062502 0.001049
