6 0.491850 0.305524 0.314885 0.195811 0.965352
5 0.151830 0.433185 0.303426 0.402613 0.931307
4 0.376973 0.161792 0.018181 0.035684 0.884744
6 0.239644 0.206672 0.074244 0.045602 0.753227
4 0.333549 0.187171 0.009069 0.014595 0.709444
6 0.037011 0.215203 0.073646 0.129486 0.645018
0 0.218512 0.208091 0.025347 0.044529 0.102508
4 0.323248 0.174058 0.008889 0.025419 0.056236
6 0.218411 0.208708 0.025476 0.045834 0.024707
4 0.175062 0.151104 0.007123 0.022956 0.022711
0 0.218439 0.185556 0.012088 0.029965 0.010151
0 0.211146 0.211894 0.034106 0.049981 0.009206
0 0.218772 0.194211 0.014133 0.041518 0.008777
6 0.152620 0.436704 0.305241 0.409167 0.005651
11 0.152620 0.436704 0.305241 0.409167 0.005345
6 0.043333 0.241391 0.086665 0.183419 0.005025
6 0.393285 0.215301 0.024647 0.024241 0.004872
0 0.290362 0.202954 0.007739 0.028517 0.002784
4 0.023401 0.375903 0.045131 0.085250 0.001654
6 0.052175 0.265416 0.104350 0.234205 0.001469
6 0.212520 0.208590 0.037182 0.047367 0.001420
6 0.244322 0.195881 0.045969 0.027955 0.001047
