0 0.594620 0.483207 0.025102 0.072993 0.914283
0 0.624654 0.493173 0.036152 0.089281 0.902364
1 0.642388 0.520698 0.149953 0.041374 0.869495
1 0.604653 0.526940 0.077930 0.029154 0.612805
1 0.636750 0.512684 0.159427 0.035277 0.496879
0 0.229302 0.410374 0.006193 0.012793 0.454032
1 0.598899 0.507349 0.085801 0.023477 0.067801
0 0.322478 0.396271 0.005350 0.012481 0.027251
1 0.606970 0.508124 0.078538 0.030064 0.022537
1 0.261426 0.441659 0.125369 0.029863 0.015347
0 0.229305 0.417098 0.007272 0.019329 0.004944
1 0.625687 0.523719 0.116429 0.037560 0.004707
0 0.243802 0.423087 0.009740 0.016162 0.003138
0 0.186626 0.415981 0.007574 0.019493 0.001549
9 0.286852 0.433632 0.011854 0.018509 0.001523
