2 0.528962 0.549732 0.086495 0.182224 0.961790
2 0.448263 0.382220 0.058206 0.081579 0.951478
8 0.068526 0.311723 0.058300 0.081786 0.939616
0 0.099849 0.100326 0.041360 0.124501 0.899495
0 0.168418 0.049465 0.019240 0.077448 0.648289
0 0.305072 0.071617 0.033126 0.138950 0.101693
0 0.158906 0.077409 0.010268 0.024667 0.040978
0 0.040416 0.068870 0.012294 0.036930 0.017494
2 0.930042 0.976751 0.032809 0.041458 0.004225
0 0.216803 0.107157 0.030874 0.104469 0.002565
2 0.339817 0.109572 0.011726 0.030914 0.001622
