2 0.356229 0.559285 0.064186 0.120020 0.952024
2 0.181552 0.623603 0.046666 0.102966 0.949074
2 0.498301 0.621305 0.047168 0.110489 0.935478
2 0.708337 0.510094 0.036172 0.087405 0.935440
2 0.515392 0.515540 0.042763 0.128788 0.929049
2 0.102113 0.597214 0.034557 0.073129 0.921966
2 0.543869 0.482140 0.036917 0.081848 0.918827
2 0.756279 0.483577 0.024020 0.084426 0.918112
2 0.638314 0.599070 0.060555 0.135422 0.915617
2 0.545341 0.550458 0.030534 0.082075 0.913712
2 0.182475 0.552612 0.043847 0.067716 0.887261
2 0.756662 0.558707 0.021529 0.124388 0.886273
2 0.637952 0.469469 0.018044 0.024421 0.875609
2 0.641220 0.498737 0.038400 0.071689 0.873365
2 0.689890 0.558417 0.031342 0.053340 0.867353
2 0.305024 0.578394 0.019783 0.090938 0.867310
2 0.575366 0.533979 0.024426 0.077969 0.822698
2 0.575417 0.547580 0.024326 0.050123 0.748443
2 0.659802 0.543043 0.029903 0.097445 0.628961
2 0.406096 0.541417 0.023566 0.130442 0.554635
2 0.576759 0.494979 0.024372 0.049494 0.436276
2 0.575240 0.554853 0.023768 0.035249 0.367234
2 0.404337 0.546681 0.019543 0.096437 0.342825
2 0.660141 0.564062 0.029951 0.135936 0.315194
2 0.756467 0.544483 0.021500 0.073103 0.308322
2 0.581987 0.515780 0.014236 0.052998 0.276249
2 0.305292 0.550757 0.019598 0.150883 0.127977
2 0.576157 0.507611 0.026178 0.068736 0.069403
2 0.653378 0.474532 0.012291 0.023706 0.032580
2 0.089779 0.638801 0.022470 0.091396 0.020758
2 0.637835 0.570899 0.056242 0.079918 0.017090
2 0.586098 0.593316 0.008183 0.063661 0.014891
2 0.541577 0.501843 0.035760 0.058222 0.011762
3 0.506332 0.286662 0.022367 0.046592 0.010941
2 0.660859 0.523795 0.030659 0.058148 0.009549
2 0.586426 0.580224 0.007373 0.031853 0.004110
2 0.586205 0.586016 0.007869 0.045129 0.002951
2 0.639409 0.473265 0.022779 0.029980 0.002192
2 0.401189 0.525691 0.020602 0.117469 0.002164
2 0.578436 0.557210 0.020356 0.034213 0.001615
2 0.090411 0.615755 0.019819 0.043063 0.001609
2 0.664794 0.517127 0.024316 0.045317 0.001348
2 0.402624 0.538279 0.018338 0.083708 0.001201
