5 0.928500 0.695563 0.143000 0.241018 0.928469
6 0.361771 0.693653 0.437985 0.458840 0.837035
6 0.026282 0.608645 0.051357 0.154799 0.750153
6 0.857371 0.606485 0.285258 0.169586 0.679696
0 0.015072 0.812502 0.029765 0.265504 0.656068
5 0.293402 0.745699 0.197497 0.416912 0.615512
6 0.488475 0.653953 0.506056 0.370806 0.232812
5 0.381086 0.739893 0.362180 0.421215 0.096743
6 0.928951 0.688172 0.142097 0.250326 0.048774
5 0.015220 0.813353 0.029631 0.265642 0.017738
11 0.349862 0.650832 0.430625 0.374223 0.013626
3 0.015220 0.813353 0.029631 0.265642 0.008436
11 0.488475 0.653953 0.506056 0.370806 0.006850
5 0.271688 0.683921 0.265081 0.368768 0.005975
6 0.612993 0.650899 0.256573 0.344635 0.004772
6 0.026301 0.734105 0.051449 0.413062 0.003430
11 0.857761 0.605811 0.284477 0.169293 0.002923
6 0.799796 0.603476 0.163578 0.174974 0.002305
2 0.015220 0.813353 0.029631 0.265642 0.002145
5 0.858010 0.603200 0.283980 0.175801 0.002057
6 0.015101 0.813649 0.030201 0.266372 0.002046
6 0.997462 0.550615 0.005076 0.056540 0.001803
0 0.997415 0.585183 0.005171 0.098051 0.001778
5 0.349862 0.650832 0.430625 0.374223 0.001222
