0 0.671172 0.532222 0.009745 0.056621 0.868119
0 0.538074 0.525712 0.010388 0.051617 0.858474
0 0.428285 0.531286 0.008413 0.044322 0.857012
0 0.643986 0.537876 0.010613 0.055190 0.856995
0 0.492213 0.538423 0.009151 0.051190 0.851670
0 0.633327 0.543555 0.011383 0.059035 0.849684
0 0.580335 0.540789 0.009117 0.055397 0.836454
0 0.655421 0.503215 0.007308 0.041313 0.833128
0 0.262931 0.534241 0.008172 0.026194 0.832813
0 0.145707 0.554944 0.008154 0.035977 0.815515
0 0.460579 0.524980 0.010236 0.039124 0.813318
0 0.506212 0.523074 0.008340 0.039898 0.809635
0 0.598403 0.525664 0.009449 0.043657 0.807559
0 0.745859 0.499077 0.009437 0.042462 0.799907
0 0.073988 0.563605 0.010715 0.027348 0.795069
0 0.387214 0.515246 0.007348 0.035229 0.784282
0 0.604914 0.533963 0.008306 0.054216 0.776276
0 0.572597 0.536983 0.008885 0.047066 0.770007
0 0.589573 0.525437 0.009454 0.039815 0.768869
0 0.555299 0.524450 0.008901 0.043836 0.756281
0 0.477574 0.519124 0.009074 0.034488 0.745663
0 0.626507 0.525023 0.008217 0.039493 0.717035
0 0.742473 0.499490 0.007627 0.038311 0.709382
0 0.674513 0.483891 0.008162 0.026219 0.704046
0 0.469865 0.530029 0.009777 0.039219 0.668441
0 0.484668 0.522392 0.008051 0.026474 0.661099
0 0.563239 0.539550 0.008466 0.026594 0.646929
0 0.088898 0.544085 0.007647 0.027188 0.617333
0 0.722934 0.479759 0.007818 0.028675 0.614833
0 0.618366 0.520386 0.007419 0.036862 0.602862
0 0.051962 0.549561 0.009996 0.031583 0.557152
0 0.096234 0.544587 0.007988 0.028639 0.551130
0 0.683270 0.559785 0.014630 0.030617 0.549655
0 0.698956 0.470709 0.008933 0.029492 0.545752
0 0.468908 0.503000 0.008716 0.025411 0.494593
0 0.135873 0.538465 0.007673 0.030069 0.475894
0 0.723061 0.487098 0.008600 0.044794 0.469841
0 0.556857 0.524634 0.008787 0.043754 0.448049
0 0.417525 0.498719 0.006320 0.025559 0.415492
0 0.339331 0.510131 0.007223 0.027460 0.375722
0 0.059751 0.547778 0.009046 0.032286 0.325990
0 0.564017 0.523564 0.007317 0.035767 0.261514
0 0.497157 0.518290 0.007032 0.033134 0.258888
0 0.226549 0.522786 0.007492 0.028741 0.242013
0 0.563499 0.528344 0.007423 0.039803 0.213767
0 0.705003 0.472319 0.008312 0.035815 0.197333
0 0.336753 0.510762 0.007554 0.028194 0.189177
0 0.036198 0.552127 0.008509 0.030071 0.174384
0 0.666028 0.484162 0.007216 0.022759 0.157377
0 0.619651 0.523282 0.007364 0.040231 0.147441
0 0.624551 0.525800 0.008250 0.040264 0.142162
0 0.621970 0.524352 0.006483 0.040189 0.129681
0 0.555005 0.552108 0.010025 0.022403 0.128142
0 0.561827 0.538685 0.008172 0.027185 0.116497
0 0.703169 0.470277 0.009100 0.030945 0.116151
0 0.696922 0.470791 0.008185 0.028359 0.115989
0 0.710098 0.474572 0.008214 0.037074 0.111823
0 0.378814 0.508062 0.005917 0.020356 0.106534
0 0.375044 0.507861 0.005642 0.022667 0.100667
0 0.706884 0.473299 0.008160 0.037623 0.098818
0 0.607362 0.523491 0.008665 0.044178 0.095169
0 0.780367 0.467577 0.007000 0.018302 0.090734
0 0.107627 0.539214 0.008605 0.030188 0.081459
0 0.358802 0.506899 0.007580 0.024037 0.077154
0 0.495109 0.518492 0.007554 0.028754 0.071289
0 0.475676 0.516569 0.009319 0.040458 0.070078
0 0.607030 0.529316 0.010023 0.053344 0.062968
0 0.563457 0.519946 0.006873 0.033050 0.050419
0 0.682872 0.472591 0.006487 0.027600 0.045711
0 0.497578 0.525660 0.006849 0.040333 0.036236
0 0.625202 0.529866 0.007820 0.052270 0.032668
0 0.341756 0.509300 0.006725 0.027565 0.030441
0 0.553900 0.527752 0.010431 0.046549 0.030315
0 0.628985 0.522829 0.008628 0.031276 0.026870
0 0.054765 0.548123 0.008765 0.031904 0.023612
0 0.700067 0.470591 0.009247 0.035092 0.021868
0 0.668166 0.484195 0.007610 0.023041 0.021382
0 0.085988 0.544728 0.007914 0.026767 0.020201
0 0.569809 0.532602 0.006915 0.048429 0.019743
0 0.084028 0.545074 0.007495 0.026532 0.012029
0 0.217850 0.530393 0.008196 0.023197 0.011639
0 0.326493 0.510816 0.007747 0.022761 0.010017
0 0.029911 0.554193 0.009483 0.026120 0.009932
0 0.587416 0.524975 0.008196 0.040954 0.007901
0 0.418844 0.499842 0.007202 0.024497 0.006795
0 0.655615 0.498670 0.008956 0.039555 0.006451
0 0.498831 0.512459 0.007399 0.036566 0.006012
0 0.681737 0.478185 0.006594 0.031954 0.005713
0 0.583032 0.534976 0.008623 0.049210 0.005174
0 0.363055 0.507539 0.007837 0.022842 0.005097
0 0.062608 0.547450 0.010008 0.029956 0.003900
0 0.382443 0.511627 0.005527 0.026435 0.003775
0 0.626631 0.524081 0.010489 0.055628 0.003478
0 0.753303 0.475908 0.005915 0.011352 0.003170
0 0.484112 0.518918 0.008264 0.029554 0.003133
0 0.758160 0.475303 0.005408 0.011234 0.002971
0 0.493116 0.515196 0.007607 0.029458 0.002534
0 0.333851 0.510331 0.007588 0.027878 0.002277
0 0.356416 0.507620 0.007897 0.023496 0.001587
0 0.712461 0.481889 0.007904 0.024243 0.001478
0 0.079782 0.545564 0.007678 0.021487 0.001261
0 0.473383 0.524772 0.011851 0.051113 0.001224
0 0.673078 0.519729 0.011592 0.095913 0.001182
0 0.080819 0.542470 0.008916 0.028047 0.001166
0 0.762965 0.475384 0.006681 0.011390 0.001032
