2 0.559849 0.652372 0.048794 0.085978 0.927576
2 0.382622 0.625895 0.030299 0.086889 0.923105
2 0.503525 0.650508 0.033889 0.084960 0.921981
2 0.917966 0.685344 0.041993 0.081296 0.920267
2 0.870461 0.673787 0.037327 0.076124 0.919726
2 0.520882 0.662554 0.044990 0.067262 0.902791
2 0.789934 0.641888 0.059915 0.102784 0.865695
2 0.844234 0.680314 0.022689 0.061911 0.851361
2 0.358409 0.637341 0.017751 0.068672 0.796432
2 0.383487 0.637064 0.028474 0.065320 0.415623
8 0.783995 0.215607 0.049754 0.350294 0.002960
2 0.525366 0.654358 0.033785 0.066304 0.001032
