2 0.213827 0.526559 0.207642 0.197549 0.955557
2 0.662844 0.499904 0.258425 0.155937 0.949063
4 0.195651 0.473356 0.041656 0.079124 0.942023
4 0.300279 0.263432 0.012251 0.042169 0.893395
4 0.312740 0.266779 0.015715 0.055885 0.857132
2 0.429664 0.576970 0.136797 0.283520 0.836394
2 0.004497 0.495271 0.008115 0.061337 0.014536
2 0.312653 0.266854 0.015638 0.056488 0.007560
0 0.004749 0.495233 0.008769 0.060675 0.006916
2 0.254014 0.353380 0.035566 0.037846 0.002099
5 0.001958 0.494899 0.003915 0.068485 0.001955
4 0.306427 0.263928 0.017642 0.047201 0.001312
2 0.001958 0.494899 0.003915 0.068485 0.001301
