8 0.402643 0.341161 0.056060 0.278675 0.959565
8 0.263713 0.401812 0.034956 0.163611 0.950395
6 0.198054 0.470609 0.045031 0.065734 0.944875
0 0.094721 0.478428 0.010996 0.043759 0.860853
0 0.130406 0.482720 0.009371 0.036301 0.828943
6 0.115714 0.482628 0.017320 0.025260 0.828358
0 0.152495 0.474806 0.013419 0.032019 0.409655
8 0.196247 0.273103 0.092022 0.519464 0.044005
6 0.152566 0.474635 0.014397 0.031011 0.033124
6 0.106588 0.483062 0.013328 0.027240 0.023783
0 0.115965 0.482953 0.016997 0.025006 0.005114
0 0.078109 0.475400 0.006186 0.021256 0.002792
6 0.188524 0.489210 0.022492 0.026138 0.002080
0 0.179571 0.477338 0.008402 0.043084 0.001107
