0 0.893465 0.553676 0.140507 0.559648 0.951809
0 0.407073 0.594883 0.058015 0.119396 0.944413
5 0.301852 0.536081 0.041002 0.124288 0.940486
0 0.561360 0.514452 0.062091 0.281874 0.924946
0 0.390067 0.509218 0.013111 0.061261 0.910080
0 0.420949 0.482020 0.014244 0.060709 0.901338
0 0.188458 0.552120 0.017786 0.067322 0.899008
0 0.409188 0.507130 0.015286 0.065363 0.895185
0 0.181240 0.476580 0.012633 0.056530 0.887062
0 0.258658 0.470013 0.013306 0.058415 0.886853
5 0.077359 0.586319 0.015905 0.046871 0.884367
5 0.059424 0.589317 0.016688 0.048623 0.883614
0 0.543145 0.480822 0.014044 0.062303 0.882562
0 0.232688 0.458640 0.012692 0.057881 0.877563
5 0.038446 0.594402 0.019000 0.047033 0.876110
5 0.021538 0.597242 0.022213 0.046420 0.872686
0 0.741409 0.572096 0.078056 0.186643 0.872216
0 0.825127 0.422455 0.012633 0.066881 0.858109
0 0.390988 0.432673 0.010204 0.047679 0.855917
0 0.363387 0.442733 0.013083 0.039870 0.845309
0 0.270079 0.456831 0.010927 0.050337 0.837187
5 0.007876 0.600617 0.015751 0.047715 0.833440
0 0.667545 0.463174 0.009294 0.048393 0.807720
0 0.983297 0.385227 0.016746 0.064256 0.777752
0 0.194623 0.501524 0.013515 0.037139 0.684719
0 0.221834 0.460445 0.010346 0.055023 0.577618
0 0.658856 0.462422 0.010608 0.052173 0.250719
0 0.737569 0.543968 0.069023 0.240497 0.225654
0 0.994918 0.388748 0.009533 0.067038 0.195743
0 0.721631 0.540214 0.035009 0.232379 0.084404
0 0.255058 0.467906 0.008939 0.053045 0.070464
0 0.838593 0.425920 0.011519 0.057749 0.068540
0 0.249905 0.457482 0.008412 0.055335 0.036345
0 0.194869 0.516182 0.014106 0.065253 0.032027
0 0.250685 0.463364 0.007796 0.047389 0.031531
5 0.667741 0.463711 0.009300 0.047414 0.009141
0 0.267821 0.459154 0.010613 0.044606 0.008873
5 0.000000 0.600986 0.000000 0.044936 0.005260
0 0.829446 0.503465 0.020891 0.104417 0.004468
0 0.988895 0.386128 0.017535 0.064819 0.002516
9 0.983824 0.419614 0.027493 0.030585 0.002207
5 0.003913 0.598101 0.007826 0.046088 0.002089
0 0.421083 0.475833 0.012534 0.047939 0.001962
9 0.984945 0.414700 0.026357 0.036970 0.001652
0 0.393817 0.431407 0.009895 0.042972 0.001218
0 0.245322 0.458297 0.017876 0.055851 0.001174
0 0.403444 0.424611 0.012473 0.049509 0.001127
0 0.204317 0.541770 0.013693 0.082761 0.001059
