4 0.424734 0.356592 0.127251 0.138354 0.965587
6 0.563074 0.806181 0.084057 0.080730 0.953746
8 0.639207 0.523492 0.150062 0.684813 0.952026
0 0.334226 0.818109 0.124324 0.363763 0.936026
6 0.631670 0.785948 0.066195 0.051518 0.933967
8 0.124489 0.771381 0.019815 0.219300 0.925590
6 0.768902 0.769467 0.065425 0.052840 0.912809
8 0.680387 0.723501 0.027382 0.355860 0.911494
0 0.437891 0.821214 0.018200 0.071664 0.902382
0 0.722574 0.808186 0.020257 0.097321 0.835555
8 0.689264 0.718312 0.044360 0.347964 0.022335
6 0.708119 0.785565 0.039122 0.023376 0.001580
6 0.740716 0.784226 0.019161 0.027607 0.001334
