0 0.627467 0.478928 0.061052 0.304613 0.922244
0 0.893989 0.426596 0.026817 0.092287 0.920310
0 0.284971 0.468104 0.024419 0.114483 0.918769
9 0.156108 0.480355 0.033544 0.044857 0.804053
9 0.910393 0.429956 0.015926 0.031944 0.468348
9 0.755713 0.440369 0.027484 0.028473 0.257170
7 0.562300 0.544097 0.007576 0.011654 0.183564
3 0.755493 0.440749 0.027581 0.028001 0.019382
3 0.155972 0.480426 0.033524 0.044915 0.011448
7 0.755778 0.440608 0.027434 0.027967 0.009713
4 0.156125 0.480234 0.033683 0.045056 0.007022
0 0.903881 0.407911 0.008024 0.053669 0.004576
9 0.894124 0.426331 0.026508 0.092382 0.002787
0 0.948892 0.425147 0.099112 0.733408 0.001591
3 0.985818 0.417403 0.028365 0.023202 0.001550
0 0.379130 0.472636 0.142043 0.921274 0.001217
6 0.081749 0.456512 0.055569 0.022074 0.001069
