6 0.219593 0.117677 0.196334 0.174201 0.961434
5 0.383029 0.329744 0.240077 0.322558 0.953878
6 0.311533 0.231619 0.353186 0.313361 0.947577
6 0.440450 0.081837 0.121150 0.110388 0.947524
5 0.120576 0.593727 0.239738 0.381509 0.941106
0 0.946812 0.128496 0.036602 0.159943 0.937669
5 0.904006 0.144132 0.065771 0.097260 0.877797
5 0.601394 0.195306 0.301756 0.267178 0.859523
6 0.553587 0.114484 0.211749 0.157056 0.708813
5 0.685686 0.188866 0.135113 0.223206 0.506974
5 0.811084 0.152726 0.086479 0.102051 0.445459
6 0.734720 0.090198 0.083489 0.097786 0.300936
6 0.636891 0.079242 0.048457 0.063570 0.299503
5 0.750482 0.159381 0.122960 0.152486 0.077403
4 0.945122 0.003996 0.010565 0.007993 0.070839
6 0.591049 0.137752 0.277696 0.205158 0.040991
5 0.870306 0.127584 0.056044 0.100368 0.034767
5 0.716470 0.156473 0.190706 0.156663 0.020064
6 0.800633 0.079521 0.051494 0.064106 0.009889
6 0.834219 0.073848 0.041964 0.039047 0.008078
6 0.716463 0.154407 0.191363 0.160443 0.006925
6 0.600434 0.193563 0.301861 0.273511 0.005298
6 0.622174 0.099383 0.038241 0.042792 0.005105
6 0.812962 0.145965 0.084018 0.114529 0.004685
5 0.662762 0.197931 0.180993 0.240735 0.004449
11 0.126029 0.421763 0.251282 0.632975 0.004207
6 0.890569 0.091444 0.058631 0.085887 0.003257
6 0.892387 0.116150 0.062682 0.139444 0.003154
6 0.755359 0.164236 0.114071 0.141779 0.003026
0 0.995384 0.086931 0.009136 0.043154 0.001894
5 0.785150 0.115610 0.014969 0.033028 0.001156
5 0.302453 0.282838 0.099629 0.223291 0.001141
11 0.713082 0.155330 0.199279 0.158356 0.001120
