0 0.439003 0.516607 0.078910 0.233874 0.957465
0 0.044294 0.552018 0.088588 0.311084 0.954031
0 0.595842 0.485578 0.063376 0.279884 0.951496
0 0.185364 0.540758 0.080035 0.292581 0.950340
0 0.065922 0.584333 0.012402 0.048511 0.883633
0 0.229041 0.550473 0.045995 0.147373 0.688146
8 0.472186 0.330788 0.090504 0.478100 0.375608
8 0.125974 0.503928 0.028326 0.253118 0.273087
3 0.227547 0.588269 0.055570 0.093439 0.042264
5 0.122148 0.557952 0.020691 0.025007 0.017499
5 0.227865 0.588618 0.055446 0.092794 0.007481
3 0.229050 0.556857 0.051442 0.157575 0.005491
0 0.227547 0.588269 0.055570 0.093439 0.001158
