5 0.334813 0.541790 0.317902 0.511256 0.974792
6 0.485646 0.375433 0.308515 0.275938 0.971125
5 0.436216 0.510228 0.251826 0.404940 0.968424
6 0.163497 0.437542 0.326292 0.467975 0.965004
6 0.258905 0.267700 0.305001 0.215797 0.964140
6 0.926200 0.303771 0.089266 0.140183 0.960912
6 0.820599 0.361083 0.109259 0.121849 0.959190
6 0.701763 0.360529 0.177255 0.190834 0.954276
6 0.560977 0.266660 0.164447 0.178432 0.947071
5 0.981898 0.355669 0.035799 0.064219 0.006161
2 0.560937 0.265256 0.164372 0.177231 0.002877
6 0.981721 0.353953 0.035847 0.065611 0.002470
6 0.316411 0.488480 0.263003 0.407452 0.002190
6 0.531481 0.379426 0.213983 0.267101 0.001765
6 0.437001 0.509517 0.250800 0.405937 0.001496
6 0.999849 0.342380 0.000303 0.069174 0.001433
2 0.702112 0.359882 0.177257 0.191385 0.001258
