6 0.532002 0.448320 0.117840 0.119347 0.966175
8 0.402080 0.341805 0.056260 0.279229 0.957549
8 0.262989 0.402520 0.035775 0.161578 0.953446
8 0.196159 0.169289 0.092108 0.311208 0.937746
6 0.240955 0.476314 0.045801 0.056325 0.928589
6 0.209950 0.468739 0.027956 0.039429 0.922264
8 0.122861 0.386082 0.040025 0.207248 0.913100
6 0.152357 0.471867 0.016339 0.023220 0.894692
6 0.111751 0.483839 0.023400 0.026090 0.880988
0 0.132184 0.480087 0.017017 0.037920 0.840572
0 0.080544 0.480957 0.007816 0.030162 0.836644
0 0.181432 0.459617 0.073716 0.259046 0.650227
6 0.132179 0.479737 0.017112 0.038318 0.007770
8 0.240890 0.481899 0.045801 0.067958 0.002267
0 0.645410 0.333083 0.146732 0.655406 0.001099
