4 0.685735 0.368533 0.084687 0.144512 0.965495
5 0.668517 0.936252 0.157043 0.127496 0.956375
6 0.247581 0.778555 0.246224 0.128245 0.952360
6 0.569646 0.796353 0.212285 0.152721 0.945760
8 0.431813 0.668994 0.024788 0.290873 0.934409
0 0.801768 0.813504 0.032165 0.163065 0.933836
0 0.845743 0.820908 0.027116 0.166386 0.928970
5 0.954958 0.937507 0.089716 0.124845 0.881770
8 0.432198 0.604214 0.024080 0.159978 0.712671
5 0.430877 0.939633 0.272653 0.120734 0.335574
5 0.610499 0.931586 0.270618 0.136828 0.115087
5 0.102095 0.959351 0.204190 0.081298 0.096080
5 0.265557 0.944194 0.259476 0.111612 0.076232
6 0.430877 0.939633 0.272653 0.120734 0.031994
6 0.262562 0.946640 0.262925 0.106720 0.019017
6 0.102988 0.959482 0.205976 0.081036 0.015980
6 0.585841 0.718021 0.052200 0.020577 0.012710
5 0.346990 0.943552 0.098736 0.112896 0.011392
5 0.190280 0.960170 0.105760 0.079660 0.010761
5 0.726710 0.936448 0.260586 0.127103 0.005844
5 0.574419 0.931483 0.179606 0.137034 0.005818
5 0.766037 0.935447 0.181654 0.129107 0.004587
6 0.563271 0.736901 0.097197 0.054219 0.003106
5 0.170908 0.959636 0.068318 0.079245 0.003034
5 0.156837 0.959301 0.086636 0.079457 0.002349
0 0.102909 0.959659 0.205818 0.080681 0.001971
3 0.102909 0.959659 0.205818 0.080681 0.001312
1 0.101934 0.959964 0.203868 0.080072 0.001311
11 0.431078 0.940513 0.268939 0.118974 0.001220
2 0.102909 0.959659 0.205818 0.080681 0.001207
