2 0.420330 0.867303 0.144215 0.257981 0.964862
2 0.789852 0.910911 0.214222 0.178178 0.939027
2 0.790943 0.680800 0.036024 0.152817 0.935212
1 0.187227 0.502336 0.070534 0.052074 0.920417
1 0.238470 0.806566 0.476940 0.350576 0.895637
1 0.373671 0.805367 0.515701 0.334482 0.592219
0 0.200873 0.498217 0.011610 0.018813 0.440677
0 0.177728 0.501333 0.011053 0.022198 0.316128
0 0.207859 0.498161 0.007557 0.017957 0.219467
0 0.175155 0.503465 0.009092 0.022622 0.078196
0 0.171169 0.504418 0.007639 0.021280 0.046753
1 0.440753 0.795953 0.384922 0.310916 0.001208
0 0.211651 0.501326 0.013152 0.022490 0.000606
0 0.892496 0.420232 0.006343 0.011088 0.000580
1 0.421144 0.867610 0.146017 0.257457 0.000509
6 0.155058 0.135833 0.012590 0.053513 0.000503
2 0.209001 1.000000 0.051145 0.000000 0.000473
2 0.442616 1.000000 0.050918 0.000000 0.000462
2 0.217196 1.000000 0.041248 0.000000 0.000448
2 0.197095 1.000000 0.046631 0.000000 0.000447
2 0.365317 0.999883 0.073397 0.000235 0.000426
0 0.169020 0.507616 0.007610 0.023226 0.000408
2 0.458424 1.000000 0.044154 0.000000 0.000387
0 0.617782 1.000000 0.029772 0.000000 0.000362
2 0.886188 0.986936 0.015476 0.023442 0.000336
2 0.426095 1.000000 0.058798 0.000000 0.000252
0 0.828745 1.000000 0.038276 0.000000 0.000235
6 0.790175 0.911205 0.211494 0.177590 0.000223
0 0.893551 0.420330 0.006601 0.010303 0.000222
1 0.200412 0.498432 0.012439 0.018628 0.000220
2 0.465263 1.000000 0.038196 0.000000 0.000213
2 0.828745 1.000000 0.038276 0.000000 0.000203
2 0.161677 1.000000 0.036448 0.000000 0.000198
2 0.372733 1.000000 0.060397 0.000000 0.000193
6 0.847357 1.000000 0.046253 0.000000 0.000192
4 0.790427 0.910809 0.213302 0.178382 0.000187
6 0.857551 1.000000 0.042518 0.000000 0.000186
6 0.999932 0.462489 0.000137 0.062962 0.000176
1 0.207808 0.498564 0.009283 0.017952 0.000173
2 0.190309 1.000000 0.044297 0.000000 0.000169
0 0.623190 1.000000 0.030574 0.000000 0.000169
6 0.996768 0.470501 0.006464 0.082069 0.000167
2 0.836606 0.992864 0.028033 0.011718 0.000166
6 0.365317 0.999883 0.073397 0.000235 0.000164
2 0.169508 1.000000 0.037128 0.000000 0.000162
2 0.866251 1.000000 0.037625 0.000000 0.000162
9 0.000136 0.419485 0.000272 0.061637 0.000160
6 0.237654 0.808811 0.475308 0.349549 0.000157
2 0.518869 1.000000 0.042138 0.000000 0.000157
9 0.000164 0.961373 0.000329 0.077253 0.000156
2 0.894937 1.000000 0.032527 0.000000 0.000155
2 0.229358 1.000000 0.042989 0.000000 0.000154
0 0.548665 0.399902 0.040332 0.186081 0.000151
9 0.000411 0.459025 0.000822 0.054884 0.000147
0 0.600120 1.000000 0.023024 0.000000 0.000143
0 0.994554 0.481075 0.010893 0.149215 0.000142
9 0.000191 0.975756 0.000382 0.048488 0.000141
9 0.000398 0.436263 0.000795 0.051020 0.000140
2 0.348294 1.000000 0.068843 0.000000 0.000134
2 0.324179 0.345409 0.079068 0.193441 0.000130
2 0.758467 1.000000 0.035154 0.000000 0.000127
0 0.758467 1.000000 0.035154 0.000000 0.000127
0 0.790175 0.911205 0.211494 0.177590 0.000127
2 0.595559 1.000000 0.029920 0.000000 0.000122
0 0.886188 0.986936 0.015476 0.023442 0.000122
6 0.570943 0.261381 0.034574 0.027569 0.000121
0 0.808057 1.000000 0.032979 0.000000 0.000115
0 0.649333 1.000000 0.033270 0.000000 0.000110
9 0.000031 0.410069 0.000061 0.062306 0.000107
6 0.357189 1.000000 0.078686 0.000000 0.000105
