8 0.754992 0.503575 0.033657 0.207649 0.896664
6 0.498545 0.675810 0.077559 0.067073 0.876201
0 0.489817 0.673927 0.046673 0.230618 0.870087
8 0.506980 0.453234 0.043102 0.315700 0.859828
10 0.400909 0.435423 0.032263 0.036276 0.857503
6 0.836090 0.664577 0.052656 0.054210 0.847956
4 0.159190 0.671135 0.026532 0.054481 0.804891
6 0.486649 0.677233 0.056378 0.064664 0.584056
6 0.492845 0.668819 0.087171 0.051269 0.001763
6 0.487446 0.670385 0.070712 0.076244 0.000973
0 0.919857 0.652545 0.013123 0.035876 0.000960
8 0.748377 0.504976 0.034272 0.207378 0.000669
10 0.421082 0.693862 0.054501 0.046973 0.000668
6 0.488621 0.674822 0.056151 0.092033 0.000540
2 0.551728 0.183023 0.107082 0.036560 0.000416
6 0.472599 0.676350 0.104166 0.074305 0.000338
6 0.488304 0.700395 0.055460 0.180579 0.000279
2 0.409582 0.223164 0.053287 0.076313 0.000217
6 0.491240 0.696558 0.063235 0.139036 0.000188
6 0.158997 0.671446 0.026268 0.054443 0.000138
8 0.486634 0.674373 0.049847 0.228615 0.000121
