0 0.638476 0.736417 0.111290 0.518974 0.954335
0 0.376777 0.675798 0.112075 0.617701 0.951369
0 0.492282 0.700476 0.076121 0.247643 0.933990
3 0.501073 0.801056 0.195308 0.360439 0.906554
6 0.501021 0.801047 0.196490 0.362873 0.280845
5 0.500840 0.802513 0.196264 0.361566 0.000408
8 0.688323 0.000000 0.043428 0.000000 0.000302
8 0.696032 0.000000 0.042411 0.000000 0.000288
8 0.002184 0.117835 0.004368 0.231638 0.000201
1 0.501154 0.802546 0.196063 0.359375 0.000167
8 0.675685 0.000000 0.040125 0.000000 0.000142
8 0.708412 0.000000 0.039741 0.000000 0.000113
