6 0.357065 0.543880 0.178632 0.201198 0.940971
6 0.635343 0.588001 0.108321 0.133756 0.940476
0 0.342852 0.472222 0.065800 0.142192 0.936340
6 0.808539 0.646998 0.137709 0.135972 0.932215
6 0.530687 0.562704 0.102849 0.110361 0.932140
6 0.959145 0.663047 0.080376 0.098676 0.925615
0 0.809052 0.603150 0.064985 0.120059 0.908478
0 0.527164 0.488302 0.036500 0.086463 0.829029
0 0.592142 0.486473 0.014847 0.028739 0.812160
0 0.874401 0.585900 0.030408 0.057231 0.792485
0 0.606755 0.485676 0.015725 0.046326 0.776380
0 0.854075 0.591682 0.014661 0.029066 0.770397
6 0.454795 0.498501 0.108315 0.099535 0.770255
0 0.951213 0.616768 0.035711 0.062494 0.758443
0 0.549629 0.495111 0.023389 0.048565 0.752065
6 0.883815 0.645153 0.077162 0.079575 0.665781
0 0.622204 0.510873 0.036862 0.059096 0.624541
0 0.945967 0.617438 0.026028 0.061659 0.590834
0 0.490676 0.450656 0.016287 0.041220 0.273955
0 0.813517 0.622702 0.059634 0.080151 0.249924
0 0.962120 0.622966 0.017134 0.040996 0.157240
0 0.799045 0.585580 0.044260 0.085727 0.144465
6 0.588250 0.518161 0.034885 0.050725 0.135435
0 0.825445 0.623175 0.036111 0.080085 0.066935
0 0.853726 0.595936 0.016047 0.038170 0.039253
6 0.588356 0.527852 0.034765 0.081375 0.034107
0 0.880760 0.598297 0.042334 0.084054 0.021555
0 0.478443 0.478366 0.051984 0.092480 0.011355
6 0.768688 0.574510 0.022200 0.036856 0.009045
6 0.877711 0.634222 0.088494 0.099542 0.009000
0 0.748463 0.786272 0.035786 0.090286 0.006927
0 0.390952 0.498896 0.038468 0.053640 0.005546
6 0.403809 0.478352 0.088193 0.089050 0.005048
6 0.459594 0.491005 0.146928 0.106139 0.004396
6 0.391276 0.498603 0.038707 0.052135 0.003977
6 0.480121 0.483633 0.056152 0.088651 0.002492
6 0.487399 0.488686 0.074894 0.092575 0.002446
6 0.496863 0.494439 0.137600 0.088525 0.001404
6 0.808516 0.603979 0.064817 0.117733 0.000994
0 0.959919 0.614794 0.020774 0.055881 0.000968
6 0.466547 0.500737 0.075435 0.092313 0.000853
6 0.871643 0.620625 0.050875 0.084772 0.000793
0 0.389630 0.495906 0.047121 0.064282 0.000731
0 0.504049 0.456346 0.010366 0.028646 0.000692
6 0.885532 0.620454 0.076382 0.096263 0.000685
0 0.871643 0.620625 0.050875 0.084772 0.000579
0 0.844962 0.603829 0.036037 0.054975 0.000502
6 0.901586 0.304825 0.025038 0.056790 0.000477
0 0.622516 0.504045 0.021516 0.047241 0.000316
6 0.952633 0.620266 0.035656 0.053461 0.000315
0 0.885532 0.620454 0.076382 0.096263 0.000289
0 0.478010 0.470159 0.041399 0.080346 0.000275
6 0.526628 0.497912 0.110320 0.080124 0.000267
6 0.999710 0.661276 0.000579 0.087108 0.000262
0 0.596245 0.495384 0.020576 0.039541 0.000252
0 0.514394 0.469245 0.018149 0.063985 0.000243
0 0.620998 0.527796 0.068703 0.074121 0.000189
6 0.999676 0.680752 0.000648 0.080890 0.000179
6 0.927001 0.604843 0.070001 0.077138 0.000178
0 0.617285 0.790864 0.097768 0.132796 0.000177
6 0.389630 0.495906 0.047121 0.064282 0.000150
6 0.906708 0.618834 0.104346 0.086965 0.000133
6 0.963942 0.641085 0.070069 0.085703 0.000132
0 0.808739 0.604623 0.058181 0.073353 0.000121
6 0.468995 0.505164 0.128568 0.085043 0.000118
0 0.546732 0.503915 0.034837 0.064128 0.000116
0 0.483238 0.454559 0.031013 0.049060 0.000108
6 0.808481 0.620302 0.118958 0.108842 0.000106
