2 0.512099 0.313649 0.014632 0.036465 0.327285
4 0.320143 0.661672 0.018357 0.037328 0.085171
4 0.298690 0.660108 0.017312 0.035537 0.069104
3 0.623053 0.898106 0.049768 0.037277 0.045831
3 0.900451 0.949364 0.181247 0.101272 0.000681
3 0.516790 0.891829 0.069959 0.038351 0.000427
0 0.001172 1.000000 0.002344 0.000000 0.000165
0 0.001869 0.747500 0.003738 0.502107 0.000156
0 0.007588 1.000000 0.015177 0.000000 0.000148
3 0.727898 0.790886 0.109366 0.169748 0.000137
4 0.862038 0.611904 0.006808 0.012700 0.000136
3 0.383148 0.843123 0.352023 0.313754 0.000134
3 0.838432 0.950557 0.307813 0.098886 0.000120
7 0.105148 1.000000 0.037525 0.000000 0.000114
3 0.805193 0.720381 0.040034 0.040338 0.000112
2 0.677446 1.000000 0.034487 0.000000 0.000105
2 0.404447 1.000000 0.031960 0.000000 0.000105
5 0.298517 0.660087 0.017394 0.036352 0.000100
