10 0.357302 0.626077 0.058551 0.054153 0.916213
6 0.506163 0.681545 0.082305 0.068459 0.875884
4 0.164464 0.669021 0.025101 0.049945 0.848649
8 0.512638 0.476601 0.042962 0.274909 0.841980
6 0.838881 0.662246 0.053241 0.053095 0.838283
8 0.760466 0.503614 0.030989 0.204870 0.637048
8 0.751555 0.504002 0.036757 0.194258 0.158488
8 0.774797 0.509322 0.034069 0.198505 0.093480
8 0.768829 0.505528 0.032723 0.204369 0.049148
8 0.503308 0.447411 0.032516 0.239170 0.002051
8 0.759079 0.510783 0.025609 0.166258 0.001396
8 0.519820 0.448799 0.035897 0.244497 0.001236
10 0.418897 0.692341 0.070035 0.056940 0.000496
8 0.784965 0.512948 0.032939 0.182596 0.000407
8 0.745028 0.504789 0.039119 0.188016 0.000306
0 0.957958 0.653313 0.015826 0.053975 0.000189
8 0.357706 0.626208 0.057811 0.053542 0.000176
6 0.164332 0.669096 0.024763 0.049883 0.000172
8 0.645053 0.527130 0.039317 0.210758 0.000168
10 0.523135 0.692420 0.051441 0.041859 0.000167
8 0.501084 0.506576 0.035537 0.206993 0.000153
2 0.514323 0.234941 0.039464 0.112422 0.000144
8 0.523330 0.439407 0.037514 0.168698 0.000119
8 0.650521 0.519678 0.037149 0.193851 0.000116
0 0.995934 0.650733 0.008132 0.065945 0.000102
