6 0.234633 0.692402 0.070045 0.052779 0.924314
6 0.598169 0.683810 0.031225 0.037722 0.719910
0 0.329615 0.707996 0.021720 0.070781 0.049085
8 0.234473 0.692873 0.070178 0.053028 0.002410
0 0.598123 0.683695 0.031256 0.037580 0.001465
10 0.706307 0.435917 0.029912 0.035881 0.000548
10 0.253366 0.551794 0.109101 0.085166 0.000347
0 0.234473 0.692873 0.070178 0.053028 0.000246
10 0.404156 0.376161 0.035993 0.026586 0.000243
10 0.407758 0.378720 0.040833 0.032551 0.000237
2 0.234473 0.692873 0.070178 0.053028 0.000206
4 0.234473 0.692873 0.070178 0.053028 0.000173
0 0.586010 0.246992 0.338490 0.474716 0.000140
5 0.234473 0.692873 0.070178 0.053028 0.000124
5 0.598123 0.683695 0.031256 0.037580 0.000116
10 0.242543 0.525450 0.115364 0.158749 0.000113
2 0.113533 0.204301 0.032024 0.063505 0.000108
0 0.531050 0.241269 0.192554 0.402561 0.000107
