0 0.569665 0.488713 0.051036 0.218825 0.956271
8 0.701150 0.339851 0.064139 0.391590 0.947437
5 0.432367 0.461537 0.025673 0.045033 0.918063
8 0.026919 0.478995 0.020084 0.048775 0.827667
5 0.380418 0.484222 0.041688 0.036808 0.652075
2 0.380610 0.483853 0.040506 0.035573 0.108470
6 0.380048 0.484251 0.041160 0.036675 0.022680
9 0.000088 0.680101 0.000177 0.083823 0.001977
10 0.379788 0.484367 0.041376 0.036602 0.001295
8 0.036752 0.481791 0.009319 0.039164 0.001210
9 0.000354 0.653644 0.000708 0.083903 0.001091
0 0.026863 0.478578 0.019767 0.048247 0.000818
9 0.000224 0.638942 0.000448 0.083933 0.000765
9 0.000115 0.698858 0.000231 0.094757 0.000575
9 0.381779 0.483814 0.038374 0.036091 0.000376
0 0.737845 0.777856 0.025735 0.099813 0.000314
9 0.000021 0.621682 0.000042 0.072955 0.000294
2 0.701287 0.339694 0.064264 0.391164 0.000268
6 0.000000 0.670700 0.000000 0.167265 0.000252
9 0.000006 0.608086 0.000012 0.063223 0.000243
5 0.000021 0.621682 0.000042 0.072955 0.000221
4 0.026642 0.478419 0.019836 0.049614 0.000207
4 0.317445 0.372519 0.062609 0.335643 0.000203
9 0.000000 0.592958 0.000000 0.053114 0.000199
5 0.000006 0.608086 0.000012 0.063223 0.000182
11 0.380080 0.484546 0.041885 0.037442 0.000179
6 0.016197 0.642780 0.032394 0.124238 0.000179
3 0.380048 0.484251 0.041160 0.036675 0.000176
6 0.013446 0.654762 0.026891 0.117012 0.000171
8 0.380080 0.484546 0.041885 0.037442 0.000167
6 0.021605 0.731787 0.043211 0.230941 0.000158
9 0.000356 0.717115 0.000713 0.112319 0.000150
6 0.000088 0.680101 0.000177 0.083823 0.000144
6 0.000000 0.634744 0.000000 0.182496 0.000144
0 0.097532 0.573204 0.010401 0.022905 0.000140
5 0.000224 0.638942 0.000448 0.083933 0.000139
6 0.016148 0.690191 0.032295 0.151240 0.000128
0 0.701365 0.340741 0.063513 0.392161 0.000114
4 0.380048 0.484251 0.041160 0.036675 0.000110
0 0.982058 0.726777 0.008344 0.058487 0.000108
4 0.432371 0.461504 0.025509 0.044769 0.000105
8 0.031607 0.480128 0.014988 0.045260 0.000102
2 0.432371 0.461504 0.025509 0.044769 0.000102
9 0.000000 0.583432 0.000000 0.050851 0.000100
