0 0.355728 0.684637 0.050316 0.169355 0.953444
8 0.490556 0.578191 0.044358 0.323109 0.939366
9 0.078138 0.799163 0.031500 0.070296 0.595940
0 0.106456 0.699583 0.012332 0.034520 0.085853
0 0.121510 0.702259 0.011262 0.040861 0.065972
0 0.019324 0.893412 0.038022 0.208737 0.003191
6 0.093690 0.776888 0.065362 0.123584 0.001863
6 0.078079 0.800116 0.032595 0.073018 0.001839
0 0.116738 0.227844 0.014814 0.085776 0.000952
0 0.120107 0.125210 0.026622 0.078725 0.000635
0 0.019033 0.858046 0.037564 0.152858 0.000545
9 0.000000 0.754576 0.000000 0.093380 0.000225
4 0.078079 0.800116 0.032595 0.073018 0.000203
3 0.490485 0.578212 0.044608 0.321269 0.000190
0 0.000000 0.876863 0.000000 0.221310 0.000186
9 0.000000 0.773852 0.000000 0.084406 0.000160
8 1.000000 0.376596 0.000000 0.145424 0.000144
9 0.000004 0.731035 0.000007 0.092961 0.000141
6 0.120706 0.703865 0.011648 0.040606 0.000135
4 0.015020 0.317407 0.029505 0.394474 0.000130
0 0.018794 0.822466 0.037587 0.237561 0.000127
9 0.490485 0.578212 0.044608 0.321269 0.000124
8 0.590662 0.441659 0.017123 0.141095 0.000122
0 0.000000 0.827547 0.000000 0.247943 0.000119
3 0.000000 0.881562 0.000000 0.220861 0.000103
3 0.078271 0.798862 0.031531 0.071499 0.000102
