1 0.553319 0.527506 0.054726 0.045157 0.894477
0 0.551813 0.490246 0.036786 0.081433 0.831064
0 0.566823 0.473154 0.020323 0.054987 0.825343
1 0.520977 0.503047 0.031284 0.022719 0.458335
1 0.555329 0.501682 0.093713 0.023998 0.247646
1 0.562580 0.506355 0.078607 0.023159 0.211276
0 0.144371 0.382150 0.005050 0.015252 0.189463
0 0.355450 0.358584 0.006096 0.017806 0.063230
0 0.213227 0.368584 0.006474 0.026833 0.044247
0 0.352852 0.367756 0.005930 0.013705 0.043401
0 0.220769 0.381754 0.005751 0.010603 0.041101
0 0.220048 0.379464 0.005888 0.008571 0.017651
0 0.142731 0.381628 0.005163 0.017130 0.013530
0 0.322389 0.360935 0.006067 0.016898 0.011846
1 0.539396 0.505216 0.060444 0.020559 0.011701
0 0.321263 0.364072 0.005484 0.020177 0.010943
0 0.479353 0.367324 0.005125 0.014517 0.009474
0 0.503485 0.370236 0.005647 0.009439 0.009305
0 0.352564 0.359015 0.006521 0.017102 0.008180
1 0.503485 0.370236 0.005647 0.009439 0.004791
1 0.559316 0.493367 0.081984 0.045740 0.004463
0 0.350195 0.366043 0.006155 0.021657 0.003620
1 0.219063 0.412217 0.130128 0.042105 0.003449
1 0.530681 0.516017 0.054536 0.044651 0.003302
1 0.508528 0.370143 0.010829 0.011554 0.002887
1 0.558383 0.525400 0.094049 0.077157 0.002783
0 0.215768 0.381102 0.004707 0.009935 0.002289
1 0.542804 0.518165 0.078057 0.041157 0.001612
0 0.557936 0.503107 0.055475 0.054783 0.001506
0 0.405652 0.374573 0.007663 0.015327 0.001449
0 0.342182 0.358847 0.007164 0.016833 0.001370
1 0.559710 0.522158 0.067120 0.041837 0.001326
0 0.228207 0.402714 0.008037 0.018731 0.001147
0 0.220180 0.378905 0.005344 0.014681 0.000995
0 0.142001 0.387766 0.004904 0.017124 0.000972
1 0.574443 0.506755 0.055399 0.021789 0.000897
0 0.339777 0.357657 0.006224 0.013450 0.000854
1 0.560865 0.499802 0.078250 0.032641 0.000838
1 0.519551 0.505918 0.037520 0.026198 0.000811
0 0.339911 0.367031 0.005014 0.017034 0.000726
0 0.177830 0.381231 0.005037 0.012441 0.000699
0 0.481927 0.367982 0.006957 0.013916 0.000671
0 0.555229 0.496091 0.046903 0.075496 0.000635
3 0.520500 0.503353 0.030579 0.024000 0.000565
1 0.518026 0.368943 0.026276 0.015595 0.000527
0 0.521060 0.502810 0.030985 0.020127 0.000524
0 0.142143 0.378713 0.004639 0.018247 0.000511
0 0.355909 0.367373 0.007887 0.016900 0.000510
9 0.186239 0.404772 0.009165 0.011898 0.000481
0 0.499475 0.370745 0.007220 0.009291 0.000474
0 0.197736 0.382322 0.005424 0.012877 0.000455
0 0.202558 0.381905 0.004130 0.011353 0.000450
0 0.562568 0.483864 0.041732 0.057497 0.000443
0 0.320829 0.364632 0.006834 0.024916 0.000433
1 0.552889 0.533022 0.054325 0.028608 0.000427
0 0.209572 0.399861 0.008828 0.020296 0.000417
9 0.245274 0.405348 0.008387 0.013900 0.000397
1 0.566283 0.498625 0.069362 0.045302 0.000369
1 0.540087 0.504676 0.070937 0.026871 0.000356
0 0.553482 0.526544 0.054929 0.043053 0.000328
0 0.546392 0.472278 0.020102 0.046061 0.000322
5 0.520500 0.503353 0.030579 0.024000 0.000308
6 0.326785 0.358380 0.008180 0.011763 0.000293
1 0.526390 0.503238 0.077919 0.031318 0.000271
1 0.499475 0.370745 0.007220 0.009291 0.000249
1 0.553743 0.481733 0.104160 0.074660 0.000239
4 0.326785 0.358380 0.008180 0.011763 0.000235
0 0.478873 0.365041 0.004995 0.012577 0.000226
1 0.237864 0.410352 0.091448 0.041034 0.000223
0 0.245274 0.405348 0.008387 0.013900 0.000223
0 0.353459 0.357542 0.007303 0.017451 0.000221
0 0.339576 0.355434 0.006170 0.012946 0.000215
0 0.318164 0.368528 0.006139 0.016456 0.000208
0 0.320168 0.369540 0.006329 0.027018 0.000195
9 0.000069 0.414161 0.000138 0.037868 0.000190
9 0.000000 0.421956 0.000000 0.037899 0.000189
9 0.520500 0.503353 0.030579 0.024000 0.000185
1 0.531828 0.369106 0.011398 0.012157 0.000180
0 0.355442 0.359132 0.008524 0.019789 0.000171
0 0.221213 0.402596 0.009372 0.020213 0.000168
0 0.326785 0.358380 0.008180 0.011763 0.000163
0 0.355420 0.367931 0.007664 0.030235 0.000162
0 0.000000 0.439494 0.000000 0.166084 0.000151
1 0.549097 0.533156 0.098658 0.090175 0.000146
0 0.000000 0.415068 0.000000 0.126521 0.000139
0 0.001623 0.400376 0.003246 0.070673 0.000135
1 0.569935 0.547713 0.076371 0.107263 0.000135
0 0.144195 0.392406 0.005843 0.028340 0.000135
9 0.000000 0.441331 0.000000 0.068901 0.000132
1 0.526086 0.369077 0.020775 0.014935 0.000132
2 0.521060 0.502810 0.030985 0.020127 0.000132
4 0.521060 0.502810 0.030985 0.020127 0.000129
0 0.144680 0.379639 0.005593 0.019117 0.000123
0 0.207759 0.380557 0.006962 0.013557 0.000121
0 0.794898 0.570763 0.042719 0.087483 0.000121
0 0.000000 0.393274 0.000000 0.115433 0.000110
2 0.553625 0.526320 0.055382 0.040127 0.000110
0 0.492507 0.371045 0.006943 0.009590 0.000110
1 0.143970 0.614691 0.286867 0.646921 0.000105
