0 0.121371 0.335054 0.017365 0.081680 0.892736
0 0.138250 0.335596 0.017783 0.079933 0.856056
0 0.828544 0.428288 0.014812 0.034145 0.851076
0 0.848545 0.434338 0.017466 0.054087 0.818947
5 0.673952 0.736687 0.272660 0.522214 0.697642
0 0.166329 0.326065 0.012052 0.044169 0.206874
0 0.022222 0.356263 0.041941 0.293954 0.137214
0 0.355918 0.392815 0.341545 0.652863 0.084561
5 0.704582 0.829136 0.211395 0.339370 0.042955
6 0.355549 0.380156 0.342582 0.624302 0.017045
11 0.674735 0.731515 0.272775 0.518390 0.012862
9 0.937594 0.457189 0.032716 0.052215 0.011050
0 0.995011 0.427699 0.009978 0.019843 0.009162
0 0.846369 0.430088 0.017639 0.040282 0.007564
2 0.354854 0.383641 0.340834 0.629392 0.004902
1 0.674752 0.735364 0.272923 0.521619 0.003667
3 0.674752 0.735364 0.272923 0.521619 0.003016
2 0.675124 0.734074 0.273467 0.523305 0.002572
0 0.849269 0.448946 0.019546 0.034360 0.002231
5 0.847437 0.448504 0.019432 0.035050 0.001126
0 0.674217 0.736139 0.272233 0.522754 0.000912
5 0.166445 0.325257 0.012020 0.046733 0.000724
0 0.144081 0.314093 0.011053 0.048587 0.000702
4 0.674752 0.735364 0.272923 0.521619 0.000571
6 0.674752 0.735364 0.272923 0.521619 0.000530
0 0.975152 0.500300 0.016932 0.044586 0.000517
0 0.995313 0.458382 0.009374 0.078369 0.000433
1 0.355531 0.379176 0.341537 0.625189 0.000394
9 0.000174 0.504374 0.000348 0.153876 0.000369
9 0.000567 0.451910 0.001133 0.138235 0.000346
0 0.021346 0.280258 0.039487 0.159843 0.000322
9 0.000387 0.399995 0.000775 0.123989 0.000297
9 0.000138 0.476817 0.000276 0.138281 0.000257
9 0.951460 0.454192 0.057336 0.058476 0.000255
8 0.817287 1.000000 0.049619 0.000000 0.000222
0 0.973261 0.542735 0.023559 0.130320 0.000211
9 0.000603 0.425114 0.001206 0.139421 0.000200
5 0.121545 0.334801 0.017489 0.081440 0.000199
2 0.021443 0.351306 0.042815 0.309072 0.000199
8 0.826338 1.000000 0.052082 0.000000 0.000198
4 0.000254 0.986508 0.000508 0.026984 0.000194
0 0.139850 0.317396 0.015057 0.044962 0.000181
4 0.354854 0.383641 0.340834 0.629392 0.000180
9 0.000445 0.532503 0.000891 0.157297 0.000169
6 0.961064 0.447099 0.077873 0.060150 0.000164
9 0.000393 0.315023 0.000786 0.102815 0.000162
5 0.818301 0.918555 0.235617 0.162889 0.000158
8 0.878791 0.117489 0.088746 0.174985 0.000144
0 0.101005 0.781738 0.014224 0.085595 0.000143
9 0.000145 0.378737 0.000290 0.105862 0.000141
8 0.674334 0.735613 0.271612 0.525036 0.000134
9 0.994992 0.567337 0.010017 0.080781 0.000115
0 0.021994 0.421569 0.041829 0.445702 0.000110
6 0.022007 0.357401 0.043449 0.296008 0.000105
0 0.854954 0.165107 0.015448 0.061322 0.000101
