2 0.505073 0.668110 0.120146 0.341469 0.962720
4 0.858886 0.347604 0.020532 0.074737 0.925933
4 0.811012 0.313705 0.018017 0.061340 0.924452
0 0.860565 0.314628 0.030615 0.217923 0.906996
4 0.828460 0.326945 0.017157 0.073508 0.905887
0 0.953693 0.392777 0.049824 0.331913 0.905519
0 0.889747 0.390963 0.025433 0.156653 0.884140
0 0.832037 0.311531 0.020330 0.184389 0.869079
0 0.982214 0.454603 0.035571 0.486258 0.861863
0 0.907658 0.373682 0.033076 0.294895 0.837645
0 0.915627 0.378932 0.049881 0.305409 0.681272
0 0.931038 0.368893 0.030538 0.315367 0.453692
0 0.926008 0.383041 0.039615 0.328190 0.239381
0 0.926854 0.393023 0.031241 0.266008 0.016081
0 0.977795 0.467830 0.029059 0.195473 0.002067
4 0.857588 0.365570 0.016154 0.038825 0.001958
0 0.827679 0.307488 0.022652 0.179652 0.001031
0 0.982233 0.475770 0.031451 0.186215 0.001022
4 0.925525 0.424274 0.028037 0.174475 0.000692
4 0.859576 0.348814 0.025163 0.089486 0.000558
0 0.841366 0.311309 0.017015 0.181544 0.000426
0 0.925525 0.424274 0.028037 0.174475 0.000336
0 0.933280 0.260348 0.022871 0.091231 0.000316
2 0.538974 0.376280 0.024236 0.063408 0.000315
8 0.831194 0.310200 0.018858 0.186548 0.000292
0 0.769181 0.217577 0.058372 0.323190 0.000278
0 0.848320 0.306260 0.009501 0.180768 0.000230
0 0.743860 0.564551 0.026002 0.166609 0.000198
2 0.001289 0.418100 0.002578 0.223675 0.000177
0 0.828511 0.326952 0.017352 0.074562 0.000167
2 0.001228 0.472056 0.002456 0.285255 0.000162
9 0.000081 0.398809 0.000161 0.093378 0.000157
0 0.983084 0.500398 0.033832 0.377832 0.000153
2 0.023575 0.398508 0.045324 0.095673 0.000149
0 0.858910 0.347900 0.020844 0.074509 0.000148
4 0.984194 0.415682 0.031613 0.208967 0.000139
4 0.953263 0.446453 0.043777 0.182151 0.000135
4 0.796448 0.997197 0.072162 0.005606 0.000133
8 0.999734 0.826577 0.000532 0.111494 0.000124
4 0.505054 0.667957 0.119365 0.341061 0.000121
0 0.862842 0.387377 0.016333 0.104749 0.000120
0 0.887297 0.397761 0.020819 0.124299 0.000118
0 0.989226 0.305215 0.020753 0.187478 0.000114
8 1.000000 0.480262 0.000000 0.147816 0.000111
0 0.983389 0.394040 0.033223 0.367500 0.000105
0 0.001289 0.418100 0.002578 0.223675 0.000104
4 0.986008 0.455605 0.027984 0.138861 0.000104
3 0.811027 0.313912 0.018210 0.061137 0.000103
2 0.000000 0.400396 0.000000 0.180740 0.000102
9 0.811027 0.313912 0.018210 0.061137 0.000101
