0 0.467931 0.608834 0.026959 0.157137 0.943270
0 0.059707 0.630181 0.068203 0.286701 0.935062
0 0.497056 0.609523 0.029648 0.151317 0.934469
0 0.178626 0.619839 0.022738 0.125702 0.923734
0 0.095524 0.627257 0.058163 0.271471 0.921018
0 0.574088 0.130642 0.026701 0.119311 0.918051
0 0.874802 0.613760 0.017429 0.220927 0.909044
4 0.989714 0.901137 0.020572 0.090851 0.298827
4 0.986801 0.653261 0.026397 0.194528 0.116983
0 0.935246 0.489544 0.129509 0.979088 0.007252
0 0.527252 0.000000 0.021649 0.000000 0.001354
0 0.522179 0.000000 0.020704 0.000000 0.001143
4 0.985923 1.000000 0.028153 0.000000 0.000630
4 1.000000 0.599288 0.000000 0.104098 0.000591
4 0.999857 0.864015 0.000286 0.140540 0.000460
0 0.515343 0.000000 0.019200 0.000000 0.000434
0 0.536121 0.000000 0.023159 0.000000 0.000432
4 0.988887 0.578696 0.022226 0.303529 0.000427
6 0.936120 0.488312 0.127760 0.976624 0.000291
6 0.551761 0.000000 0.035394 0.000000 0.000277
6 0.545403 0.000000 0.028635 0.000000 0.000272
6 0.536121 0.000000 0.023159 0.000000 0.000251
6 0.530302 0.000000 0.022723 0.000000 0.000247
9 1.000000 0.041605 0.000000 0.083211 0.000225
0 0.510358 0.000000 0.019921 0.000000 0.000206
4 0.989506 0.662941 0.020445 0.143985 0.000202
4 0.991372 0.659955 0.016593 0.114352 0.000199
4 0.999895 0.878309 0.000210 0.100676 0.000157
4 0.999381 0.639792 0.001238 0.213122 0.000137
9 1.000000 0.029777 0.000000 0.059555 0.000136
6 0.522179 0.000000 0.020704 0.000000 0.000126
4 0.988161 0.997239 0.023677 0.005523 0.000125
4 0.480422 0.030059 0.009299 0.055387 0.000114
6 0.515343 0.000000 0.019200 0.000000 0.000113
0 0.545403 0.000000 0.028635 0.000000 0.000101
