2 0.542188 0.674715 0.073125 0.139214 0.954862
0 0.800225 0.290940 0.039811 0.192021 0.947361
0 0.965082 0.338254 0.054857 0.243107 0.941090
0 0.661792 0.284237 0.045635 0.209874 0.937591
0 0.875533 0.308292 0.051886 0.214859 0.934010
0 0.905867 0.320309 0.050631 0.230430 0.928414
9 0.627996 0.307675 0.042537 0.102251 0.928167
0 0.417074 0.248262 0.017628 0.103188 0.927261
0 0.777752 0.294040 0.035455 0.167547 0.925630
0 0.702134 0.253630 0.022317 0.138507 0.920813
0 0.545039 0.291213 0.029944 0.139971 0.915938
8 0.111836 0.126060 0.019707 0.070939 0.911211
0 0.570628 0.306358 0.019631 0.119177 0.899335
0 0.470508 0.243912 0.017456 0.081829 0.896666
0 0.935215 0.252406 0.021185 0.099269 0.746314
0 0.566230 0.275232 0.018486 0.107464 0.589567
0 0.702510 0.230641 0.021957 0.091624 0.361966
0 0.566267 0.249588 0.018404 0.055412 0.291208
0 0.532752 0.269722 0.010262 0.042322 0.073177
0 0.665076 0.192603 0.012932 0.035219 0.049024
0 0.567857 0.291546 0.021947 0.141899 0.038452
0 0.957821 0.251026 0.026184 0.111882 0.033184
0 0.662524 0.310913 0.043274 0.153364 0.005807
9 0.635375 0.307453 0.026271 0.099350 0.005733
0 0.478803 0.227131 0.008266 0.047316 0.003058
0 0.654856 0.287991 0.011139 0.045231 0.001726
0 0.564051 0.294626 0.020521 0.102104 0.000928
0 0.657008 0.319269 0.032150 0.131686 0.000824
0 0.569788 0.293597 0.014902 0.089764 0.000712
0 0.566437 0.242000 0.017079 0.040412 0.000701
9 0.648547 0.314669 0.027699 0.111961 0.000680
0 0.655292 0.293911 0.013690 0.075498 0.000594
0 0.656441 0.299323 0.017466 0.085394 0.000541
0 0.664888 0.220464 0.014806 0.090153 0.000524
0 0.533969 0.266057 0.010300 0.060762 0.000511
0 0.664015 0.202259 0.014726 0.052571 0.000347
0 0.634321 0.251301 0.015930 0.029213 0.000346
0 0.996783 0.280959 0.006123 0.062713 0.000323
9 0.655001 0.288306 0.012046 0.044951 0.000221
0 0.633270 0.250938 0.014057 0.023057 0.000213
5 0.470525 0.243648 0.017608 0.081573 0.000177
9 0.786165 0.323411 0.017446 0.103310 0.000175
0 0.665466 0.322766 0.033371 0.129236 0.000157
0 0.470254 0.223143 0.014128 0.040772 0.000142
7 0.532758 0.270232 0.010514 0.040872 0.000138
0 0.937456 0.223664 0.015688 0.041715 0.000125
9 0.651494 0.288844 0.019481 0.063536 0.000124
0 0.634050 0.270902 0.016928 0.061243 0.000113
0 0.647371 0.809261 0.009687 0.039619 0.000106
2 0.111727 0.125736 0.019600 0.071020 0.000101
