2 0.460801 0.575384 0.059076 0.139331 0.938692
2 0.670466 0.682771 0.056141 0.141276 0.938064
2 0.350619 0.592519 0.035609 0.148683 0.935552
2 0.517814 0.572967 0.042993 0.127060 0.933133
2 0.290471 0.502452 0.024622 0.137276 0.931002
2 0.637547 0.648655 0.043639 0.125900 0.927186
2 0.550125 0.592831 0.038954 0.084402 0.926494
2 0.490487 0.523842 0.042678 0.113758 0.874882
2 0.339424 0.498774 0.029925 0.122693 0.862776
2 0.486870 0.403965 0.036340 0.060488 0.827354
2 0.356332 0.508295 0.025552 0.094045 0.711475
2 0.386779 0.422769 0.010448 0.074227 0.565050
2 0.479992 0.464071 0.025131 0.081606 0.261231
2 0.432933 0.503376 0.016946 0.083822 0.259217
2 0.338853 0.482186 0.029131 0.085559 0.246769
2 0.510051 0.414844 0.029431 0.092462 0.168635
2 0.427555 0.404632 0.021923 0.075940 0.154588
2 0.507155 0.407217 0.022958 0.076544 0.096249
2 0.588828 0.411172 0.035166 0.054370 0.049508
2 0.505043 0.453580 0.021845 0.054823 0.041945
2 0.428836 0.490720 0.023340 0.106037 0.020760
2 0.476119 0.395198 0.017504 0.055322 0.008706
2 0.334071 0.405327 0.022654 0.050367 0.005710
2 0.321020 0.399435 0.009712 0.041397 0.004266
2 0.356180 0.496113 0.023670 0.072464 0.003930
2 0.333502 0.424833 0.025810 0.084499 0.003288
2 0.480345 0.449951 0.026006 0.044781 0.002518
2 0.479905 0.399055 0.021316 0.060215 0.002351
2 0.336211 0.417207 0.020777 0.061793 0.002311
2 0.338402 0.407483 0.015910 0.042358 0.002071
2 0.340818 0.406652 0.013082 0.037519 0.001990
2 0.477504 0.495774 0.018261 0.064076 0.001864
2 0.660402 0.614540 0.013914 0.036793 0.001454
2 0.479279 0.475159 0.021417 0.080300 0.001387
2 0.430394 0.407648 0.016058 0.072746 0.001360
2 0.437009 0.479496 0.011414 0.087693 0.001229
2 0.430071 0.470705 0.025537 0.067798 0.000622
2 0.594455 0.406537 0.023472 0.048852 0.000570
2 0.426841 0.500537 0.018513 0.087540 0.000477
2 0.342171 0.403462 0.010603 0.032086 0.000274
2 0.333269 0.402298 0.018381 0.042411 0.000246
2 0.435481 0.489672 0.014175 0.097983 0.000243
2 0.478481 0.384836 0.017206 0.032699 0.000238
2 0.490702 0.401853 0.023041 0.062224 0.000234
2 0.511723 0.425582 0.029106 0.077339 0.000213
4 0.991001 0.993266 0.017997 0.013468 0.000201
2 0.438424 0.455417 0.010174 0.038062 0.000199
8 0.988253 0.010935 0.022226 0.018324 0.000186
4 0.996914 0.974691 0.006172 0.050618 0.000160
2 0.459016 0.541510 0.055054 0.078550 0.000133
8 1.000000 0.036419 0.000000 0.072839 0.000127
4 0.001039 0.982831 0.002079 0.034337 0.000122
2 0.435146 0.473086 0.016472 0.073122 0.000110
2 0.434889 0.455989 0.016974 0.038367 0.000110
2 0.491433 0.497048 0.039403 0.065365 0.000107
4 0.002248 0.992032 0.004495 0.015937 0.000104
