10 0.510264 0.152328 0.101786 0.096700 0.917284
8 0.511055 0.456902 0.040064 0.303284 0.899775
6 0.501948 0.679688 0.086311 0.067639 0.890640
8 0.761520 0.500171 0.028613 0.183479 0.880513
6 0.838982 0.661698 0.052303 0.052946 0.860078
4 0.163823 0.673056 0.025548 0.049713 0.846507
10 0.418483 0.691652 0.067470 0.053732 0.146404
0 0.883769 0.658369 0.019492 0.045402 0.021109
6 0.417950 0.692660 0.067238 0.055770 0.000747
2 0.247819 0.133685 0.025097 0.021655 0.000459
2 0.396596 0.853271 0.121417 0.050614 0.000344
0 0.278394 0.280687 0.141596 0.211802 0.000194
10 0.488438 0.694813 0.036646 0.036849 0.000168
0 0.994765 0.657227 0.010471 0.062507 0.000143
0 0.995190 0.657005 0.009621 0.051757 0.000141
8 0.795993 0.509842 0.038939 0.179292 0.000125
0 0.947505 0.661045 0.013821 0.040791 0.000120
8 0.502783 0.448201 0.038243 0.231910 0.000114
