2 0.596596 0.410883 0.031914 0.048606 0.890500
2 0.453456 0.381709 0.037696 0.036101 0.884753
2 0.627046 0.416715 0.037527 0.045286 0.883207
2 0.400080 0.659472 0.123766 0.280793 0.396443
9 0.005404 0.323802 0.010808 0.121851 0.000353
6 0.400528 0.660344 0.122800 0.281424 0.000190
9 0.000080 0.026361 0.000161 0.052722 0.000135
9 0.005501 0.357357 0.011003 0.196058 0.000133
2 0.634835 0.418024 0.024034 0.042659 0.000125
9 0.006843 0.379848 0.013686 0.242882 0.000119
2 0.129238 1.000000 0.041812 0.000000 0.000107
