0 0.182233 0.734235 0.060145 0.269732 0.944243
0 0.065743 0.797283 0.066518 0.250858 0.943692
0 0.036047 0.823926 0.068793 0.270735 0.938466
8 0.000000 0.510063 0.000000 0.099915 0.000428
0 0.196948 0.694102 0.035640 0.188893 0.000286
8 0.000000 0.531796 0.000000 0.105301 0.000255
8 0.000000 0.490917 0.000000 0.112230 0.000235
8 0.748343 1.000000 0.037697 0.000000 0.000182
8 0.000000 0.589782 0.000000 0.114152 0.000170
8 0.730344 1.000000 0.037213 0.000000 0.000161
4 0.179138 0.283714 0.131319 0.028043 0.000142
4 0.592051 0.000000 0.068502 0.000000 0.000137
8 0.818334 1.000000 0.037562 0.000000 0.000125
4 0.730344 1.000000 0.037213 0.000000 0.000119
8 0.000000 0.453653 0.000000 0.090933 0.000118
8 0.606866 1.000000 0.032135 0.000000 0.000116
0 0.004732 1.000000 0.009464 0.000000 0.000111
8 0.715129 1.000000 0.042402 0.000000 0.000106
8 0.928971 0.869501 0.033592 0.090326 0.000104
8 0.756197 1.000000 0.035560 0.000000 0.000103
8 0.565006 1.000000 0.035559 0.000000 0.000101
