0 0.127494 0.503300 0.254989 0.985155 0.954741
8 0.989106 0.956499 0.021788 0.083068 0.000758
2 0.461401 0.374561 0.058917 0.129291 0.000599
6 0.126994 0.506315 0.253988 0.985254 0.000454
6 0.698486 1.000000 0.035386 0.000000 0.000351
4 0.688025 1.000000 0.036878 0.000000 0.000269
4 0.695452 1.000000 0.036447 0.000000 0.000210
6 0.634381 1.000000 0.042594 0.000000 0.000204
8 0.596936 0.998101 0.047002 0.003798 0.000141
0 0.990620 0.999941 0.018760 0.000119 0.000137
8 0.982049 1.000000 0.035903 0.000000 0.000133
6 0.646922 1.000000 0.042132 0.000000 0.000132
6 0.710497 1.000000 0.041406 0.000000 0.000132
6 0.999927 0.846188 0.000146 0.129136 0.000122
6 0.627417 1.000000 0.042507 0.000000 0.000113
2 0.695452 1.000000 0.036447 0.000000 0.000109
2 0.460469 0.408580 0.057622 0.195943 0.000100
