4 0.056187 0.845942 0.066284 0.279275 0.960811
4 0.612867 0.141534 0.097986 0.222169 0.433666
2 0.499246 0.630434 0.396722 0.607602 0.004941
2 0.386009 0.467454 0.169346 0.281619 0.001906
2 0.498302 0.532651 0.396706 0.411309 0.001437
8 0.655120 0.993871 0.040138 0.012258 0.000602
4 0.385417 0.070790 0.142511 0.037851 0.000303
11 0.136510 0.564643 0.242566 0.457315 0.000221
9 1.000000 0.043188 0.000000 0.086377 0.000172
4 0.002179 0.838191 0.004358 0.316047 0.000164
4 0.999261 0.003714 0.001478 0.007428 0.000163
3 0.772886 0.023309 0.453394 0.046618 0.000125
11 0.196392 0.471263 0.129559 0.550013 0.000120
4 1.000000 0.190978 0.000000 0.068956 0.000116
4 1.000000 0.274862 0.000000 0.091814 0.000108
4 1.000000 0.043188 0.000000 0.086377 0.000103
4 0.011889 0.825679 0.023778 0.342254 0.000102
