2 0.507693 0.553545 0.146897 0.272703 0.958306
4 0.028066 0.281613 0.055893 0.211339 0.906363
9 0.000000 0.316560 0.000000 0.122237 0.000676
9 0.000000 0.374196 0.000000 0.076345 0.000624
4 0.000000 0.276778 0.000000 0.229760 0.000590
9 0.000000 0.352127 0.000000 0.087254 0.000465
9 0.000000 0.286373 0.000000 0.133234 0.000324
9 0.000000 0.399453 0.000000 0.112321 0.000290
4 0.000000 0.227100 0.000000 0.069174 0.000265
6 0.991301 0.495753 0.017397 0.127872 0.000256
4 0.000000 0.315542 0.000000 0.200540 0.000203
11 0.271173 0.740969 0.357909 0.518062 0.000198
4 0.000000 0.276845 0.000000 0.134383 0.000180
2 0.459243 0.940968 0.112864 0.118063 0.000169
5 0.000000 0.374196 0.000000 0.076345 0.000165
2 0.072833 0.191634 0.007955 0.018519 0.000163
4 0.000000 0.374196 0.000000 0.076345 0.000163
4 0.000314 0.973510 0.000627 0.052981 0.000161
4 0.000749 0.235555 0.001497 0.253828 0.000148
4 0.000000 0.307428 0.000000 0.128734 0.000138
4 0.000000 0.257651 0.000000 0.110704 0.000134
6 0.999789 0.487935 0.000422 0.111742 0.000128
0 0.000637 0.194298 0.001275 0.228645 0.000121
11 0.239372 0.568955 0.282863 0.214619 0.000114
4 0.000000 0.352127 0.000000 0.087254 0.000111
3 0.021721 0.842526 0.043443 0.240663 0.000108
4 0.507368 0.553480 0.146220 0.272193 0.000106
6 0.000000 0.364117 0.000000 0.077067 0.000101
4 0.000057 0.213127 0.000113 0.077050 0.000101
4 0.001505 0.701941 0.003011 0.382812 0.000101
4 0.000637 0.194298 0.001275 0.228645 0.000100
0 0.000749 0.235555 0.001497 0.253828 0.000100
