0 0.825995 0.388769 0.054016 0.148088 0.945551
0 0.761553 0.455436 0.048588 0.239559 0.937901
4 0.094259 0.142451 0.013487 0.032905 0.896994
0 0.470975 0.314472 0.029935 0.106496 0.870863
0 0.851133 0.410469 0.033716 0.133197 0.868793
0 0.871672 0.419015 0.067994 0.148914 0.847969
2 0.478869 0.683147 0.107135 0.220877 0.838638
0 0.579021 0.326351 0.031174 0.213089 0.797639
0 0.565543 0.223202 0.013288 0.053558 0.659337
0 0.762758 0.415300 0.042248 0.309633 0.628283
9 0.369975 0.190943 0.031096 0.046366 0.451308
0 0.763587 0.373015 0.039817 0.225872 0.307133
0 0.545406 0.310347 0.031998 0.185499 0.265318
0 0.791749 0.376847 0.025400 0.176219 0.130461
0 0.545299 0.276880 0.031928 0.117712 0.126036
0 0.405280 0.224928 0.024214 0.092816 0.081959
0 0.548743 0.215879 0.011785 0.017709 0.070508
0 0.663682 0.354683 0.037774 0.142560 0.046314
0 0.764350 0.341753 0.038141 0.164008 0.022346
0 0.838437 0.404645 0.038887 0.136234 0.022275
0 0.585438 0.250156 0.020153 0.069990 0.004922
0 0.548979 0.224358 0.015457 0.032405 0.004709
0 0.578955 0.285255 0.028137 0.072990 0.003580
0 0.663624 0.331930 0.036768 0.094688 0.002954
2 0.470948 0.314273 0.029683 0.106021 0.002717
0 0.589494 0.251876 0.021452 0.072380 0.002316
0 0.578680 0.291667 0.028196 0.117973 0.001473
0 0.002176 0.123878 0.004351 0.056856 0.001391
0 0.548648 0.227714 0.012363 0.040458 0.001365
2 0.663709 0.401660 0.045764 0.069223 0.001195
0 0.593192 0.285380 0.020401 0.124407 0.001019
0 0.592318 0.255981 0.022338 0.071745 0.000865
0 0.585473 0.323719 0.035297 0.215487 0.000776
0 0.417592 0.226490 0.014554 0.098014 0.000618
2 0.579104 0.325211 0.031530 0.210638 0.000515
0 0.547417 0.218959 0.015514 0.023641 0.000493
0 0.587733 0.293651 0.030804 0.157651 0.000456
2 0.663454 0.355855 0.038771 0.145426 0.000398
0 0.003843 0.124553 0.007686 0.055592 0.000383
0 0.579420 0.264553 0.027152 0.095658 0.000376
0 0.579910 0.247304 0.024964 0.064872 0.000356
4 0.983650 0.871886 0.031757 0.237375 0.000232
0 0.565777 0.232279 0.014357 0.065492 0.000229
4 0.060778 0.143176 0.098545 0.170761 0.000203
4 1.000000 0.660084 0.000000 0.125509 0.000197
8 0.002493 0.117099 0.004986 0.067440 0.000191
2 0.546199 0.315853 0.032927 0.197526 0.000180
2 0.578955 0.285255 0.028137 0.072990 0.000166
3 0.478803 0.682652 0.107569 0.221368 0.000163
9 0.094167 0.142416 0.013573 0.032956 0.000159
3 0.865710 0.420392 0.078707 0.142760 0.000145
0 0.562133 0.321179 0.060046 0.207725 0.000140
4 0.072917 0.213237 0.145834 0.358286 0.000139
4 0.987821 0.844569 0.024357 0.183038 0.000130
6 0.865710 0.420392 0.078707 0.142760 0.000118
8 0.316753 0.973095 0.096287 0.053811 0.000114
0 0.551935 0.231337 0.018043 0.049440 0.000114
2 0.578680 0.291667 0.028196 0.117973 0.000112
2 0.010734 0.401895 0.021467 0.169666 0.000111
