2 0.726270 0.477350 0.060384 0.310779 0.724810
8 0.654878 0.021726 0.018402 0.034008 0.677524
8 0.731578 0.062125 0.020055 0.032343 0.035464
2 0.058664 0.594361 0.108277 0.491685 0.013618
8 0.928145 0.795286 0.143338 0.405265 0.006944
5 0.928030 0.794143 0.143338 0.401911 0.005469
8 0.908559 0.004382 0.020278 0.008765 0.002377
0 0.782517 0.533983 0.068845 0.117549 0.002338
8 0.810692 0.032515 0.019476 0.029944 0.001894
6 0.057756 0.654511 0.110852 0.609775 0.001553
8 0.911878 0.003784 0.029623 0.007568 0.001268
3 0.057756 0.654511 0.110852 0.609775 0.000497
8 0.906639 0.004892 0.025783 0.009783 0.000358
8 0.388388 0.998637 0.130049 0.002726 0.000349
8 0.907566 0.000000 0.022265 0.000000 0.000309
8 0.912669 0.000000 0.027198 0.000000 0.000306
8 0.903462 0.000000 0.031237 0.000000 0.000298
2 0.059020 0.507735 0.107197 0.317330 0.000297
0 0.276580 0.462563 0.027913 0.113863 0.000255
0 0.801967 0.133221 0.012700 0.055027 0.000245
8 0.740254 0.012156 0.038622 0.024312 0.000224
8 0.057756 0.654511 0.110852 0.609775 0.000223
8 0.744328 0.012166 0.027086 0.023580 0.000219
8 0.918103 0.003337 0.050076 0.006675 0.000218
0 0.057756 0.654511 0.110852 0.609775 0.000215
0 0.782108 0.580690 0.071272 0.210863 0.000177
8 0.370194 0.997807 0.151137 0.004386 0.000132
8 0.656360 0.000000 0.030980 0.000000 0.000120
2 0.781399 0.581732 0.072192 0.214881 0.000109
8 0.662777 0.000000 0.032674 0.000000 0.000109
8 0.412828 0.998434 0.110997 0.003132 0.000108
2 0.988292 0.471006 0.023026 0.035720 0.000102
