2 0.543232 0.805827 0.208319 0.376665 0.962947
2 0.848397 0.597242 0.131612 0.100994 0.934512
2 0.689888 0.737454 0.139146 0.240216 0.894296
2 0.499222 0.414933 0.039095 0.059408 0.891055
2 0.479089 0.406755 0.038745 0.050418 0.876763
2 0.465594 0.394220 0.039110 0.047818 0.855664
2 0.475389 0.400916 0.026452 0.048291 0.000383
2 0.467002 0.387308 0.035119 0.038651 0.000324
2 0.474675 0.406554 0.031888 0.041055 0.000310
2 0.330890 0.389084 0.047338 0.020932 0.000280
2 0.332778 0.393613 0.050575 0.015922 0.000206
0 0.691965 0.737328 0.135260 0.238832 0.000122
