0 0.486718 0.561547 0.142932 0.800461 0.960805
0 0.266237 0.257289 0.037249 0.171282 0.931831
8 0.334131 0.387570 0.021766 0.110423 0.905461
0 0.700470 0.211317 0.012488 0.034003 0.891449
0 0.866084 0.233399 0.013059 0.068794 0.888004
0 0.527779 0.230111 0.030366 0.105339 0.850406
0 0.688207 0.213474 0.012979 0.034719 0.626525
0 0.691143 0.212427 0.012115 0.032604 0.010830
0 0.274177 0.215719 0.023624 0.081788 0.003137
9 0.334035 0.387442 0.021611 0.110364 0.002180
9 0.361014 0.658066 0.047650 0.228956 0.001380
9 0.991676 0.527633 0.016648 0.272258 0.001062
9 0.990610 0.409173 0.018781 0.391805 0.001024
9 0.988966 0.510170 0.022068 0.404474 0.000877
5 0.456077 0.760726 0.053876 0.246651 0.000875
9 0.990803 0.465522 0.018393 0.379799 0.000530
4 0.334062 0.387310 0.021361 0.110504 0.000335
6 0.988809 0.392314 0.022382 0.372949 0.000312
9 0.342039 0.325792 0.030309 0.102784 0.000280
9 0.301652 0.717001 0.224397 0.562668 0.000268
0 0.911288 0.225472 0.014897 0.064501 0.000251
9 0.987239 0.375860 0.025523 0.360648 0.000249
8 0.544341 1.000000 0.058320 0.000000 0.000214
4 0.357828 0.040505 0.012570 0.030734 0.000191
4 0.988809 0.392314 0.022382 0.372949 0.000180
3 0.453147 0.727527 0.104139 0.249051 0.000169
9 0.978572 0.514286 0.042856 0.204313 0.000163
0 0.699817 0.205506 0.014481 0.051613 0.000141
4 0.345288 0.041073 0.013168 0.030365 0.000128
9 0.974383 0.452941 0.051235 0.282494 0.000117
5 0.463135 0.726628 0.110734 0.252535 0.000114
0 0.333973 0.387664 0.021781 0.110773 0.000109
