0 0.478343 0.571686 0.082707 0.180887 0.958783
0 0.360163 0.516598 0.060200 0.154530 0.958254
0 0.378821 0.467618 0.028137 0.155100 0.936609
0 0.423092 0.464027 0.031382 0.159335 0.925081
0 0.445661 0.431615 0.023078 0.105451 0.919537
0 0.684617 0.374890 0.011025 0.025466 0.880646
0 0.105495 0.502210 0.011600 0.064771 0.854877
0 0.125439 0.499114 0.010350 0.062583 0.850484
0 0.519016 0.422965 0.011265 0.057851 0.845840
0 0.011434 0.643775 0.022451 0.116888 0.835917
0 0.509975 0.425749 0.011665 0.059542 0.831515
0 0.115983 0.504000 0.008934 0.058580 0.800746
5 0.398215 0.474390 0.016837 0.033417 0.604716
0 0.409755 0.418945 0.012589 0.094480 0.403996
0 0.002680 0.533163 0.005360 0.061543 0.202473
5 0.400801 0.471660 0.017182 0.034483 0.085684
0 0.002450 0.519539 0.004901 0.091968 0.042880
5 0.402365 0.473224 0.023707 0.034850 0.026301
0 0.571246 0.423016 0.005440 0.017853 0.007969
0 0.003509 0.523858 0.006670 0.073739 0.005132
0 0.567322 0.422388 0.005345 0.017013 0.004678
0 0.004504 0.520448 0.009008 0.091964 0.004361
0 0.009219 0.616566 0.012280 0.048689 0.003460
5 0.000089 0.636441 0.000178 0.095964 0.003438
0 0.000000 0.488761 0.000000 0.158448 0.003435
0 0.399191 0.441652 0.012543 0.094229 0.003289
0 0.001150 0.512257 0.002300 0.107320 0.003010
9 0.000129 0.642250 0.000257 0.097445 0.002542
0 0.569712 0.424673 0.007687 0.016579 0.002323
0 0.576795 0.419609 0.006498 0.024805 0.002240
0 0.004007 0.493403 0.006406 0.036085 0.002009
0 0.000000 0.455511 0.000000 0.233602 0.001964
0 0.404820 0.446602 0.023605 0.146749 0.001792
0 0.267138 0.431090 0.007134 0.024295 0.001603
5 0.408455 0.466016 0.011022 0.038957 0.001517
5 0.395508 0.469849 0.014156 0.042228 0.001262
5 0.000518 0.612438 0.001036 0.050217 0.001067
0 0.006156 0.507170 0.012312 0.118826 0.001066
0 0.406825 0.418160 0.018478 0.093751 0.001010
9 0.573289 0.441658 0.018230 0.022238 0.000900
5 0.000185 0.655040 0.000371 0.086435 0.000707
0 0.009539 0.608169 0.010831 0.037184 0.000598
6 0.001150 0.512257 0.002300 0.107320 0.000564
9 0.000171 0.627122 0.000342 0.069638 0.000560
0 0.008070 0.640339 0.016140 0.116598 0.000540
0 0.571004 0.427562 0.007680 0.016864 0.000530
0 0.400348 0.452772 0.019607 0.125374 0.000528
0 0.006677 0.624961 0.011467 0.070633 0.000519
3 0.397918 0.474453 0.015868 0.035573 0.000489
0 0.398215 0.474390 0.016837 0.033417 0.000452
6 0.002680 0.533163 0.005360 0.061543 0.000406
5 0.000132 0.418324 0.000264 0.067913 0.000397
0 0.003926 0.484540 0.006551 0.033972 0.000381
5 0.000493 0.678995 0.000986 0.073776 0.000380
3 0.639183 0.580851 0.043635 0.069417 0.000376
5 0.001150 0.512257 0.002300 0.107320 0.000376
5 0.000346 0.595873 0.000692 0.042169 0.000359
0 0.410861 0.395009 0.012438 0.047095 0.000329
0 0.578385 0.417221 0.006455 0.027013 0.000323
0 0.568229 0.429143 0.007027 0.018317 0.000290
5 0.000123 0.405888 0.000246 0.064557 0.000286
0 0.006209 0.646997 0.012418 0.133036 0.000271
0 0.107376 0.499959 0.010253 0.062888 0.000269
0 0.635418 0.415614 0.007655 0.025736 0.000262
0 0.400689 0.422139 0.014531 0.087841 0.000254
5 0.003623 0.530137 0.007245 0.069596 0.000250
5 0.002680 0.533163 0.005360 0.061543 0.000249
3 0.001150 0.512257 0.002300 0.107320 0.000241
9 0.000518 0.612438 0.001036 0.050217 0.000231
9 0.000406 0.666228 0.000811 0.083431 0.000229
5 0.390121 0.490895 0.022787 0.059538 0.000216
8 0.002418 0.520707 0.004835 0.089029 0.000216
0 0.002349 0.583781 0.004698 0.222782 0.000208
0 0.000000 0.418155 0.000000 0.329272 0.000203
5 0.000183 0.580412 0.000365 0.050338 0.000203
5 0.000610 0.534785 0.001220 0.077794 0.000202
0 0.584389 0.415686 0.005573 0.025443 0.000202
1 0.360092 0.516883 0.060050 0.153796 0.000185
4 0.397601 0.475639 0.015535 0.031798 0.000183
5 0.004504 0.520448 0.009008 0.091964 0.000182
0 0.398424 0.437577 0.021839 0.111545 0.000180
2 0.385149 0.000000 0.042332 0.000000 0.000170
0 0.008260 0.629539 0.016521 0.152989 0.000156
5 0.000206 0.562647 0.000411 0.067556 0.000156
0 0.002292 0.529805 0.004584 0.067538 0.000154
0 0.009650 0.620435 0.014557 0.062402 0.000149
7 0.009219 0.616566 0.012280 0.048689 0.000149
5 0.000281 0.446773 0.000562 0.082960 0.000143
0 0.008064 0.462507 0.016128 0.216722 0.000139
5 0.510108 0.425040 0.011130 0.061243 0.000135
0 0.000171 0.627122 0.000342 0.069638 0.000135
6 0.397918 0.474453 0.015868 0.035573 0.000125
0 0.253435 0.721259 0.018604 0.077240 0.000122
0 0.006400 0.583367 0.012800 0.235476 0.000113
0 0.000518 0.612438 0.001036 0.050217 0.000112
0 0.576883 0.425220 0.008158 0.023070 0.000111
5 0.000384 0.462426 0.000769 0.073966 0.000111
0 0.005385 0.611487 0.008630 0.045915 0.000106
9 0.397918 0.474453 0.015868 0.035573 0.000106
0 0.028024 0.593014 0.056048 0.251458 0.000105
