2 0.460937 0.572658 0.053297 0.099678 0.954393
0 0.182124 0.070038 0.036297 0.088489 0.936591
0 0.145493 0.071333 0.041960 0.095219 0.934572
0 0.424075 0.045765 0.020298 0.041181 0.876443
0 0.646564 0.016983 0.021791 0.031382 0.847891
0 0.029272 0.122279 0.022604 0.054322 0.080981
0 0.025956 0.135924 0.016115 0.027369 0.059285
0 0.027077 0.130406 0.018321 0.038421 0.041027
0 0.570438 0.024159 0.010330 0.023437 0.021370
0 0.091881 0.119032 0.013580 0.025541 0.009839
0 0.597849 0.014913 0.009283 0.029826 0.009669
0 0.595367 0.015077 0.007475 0.030083 0.009518
0 0.603779 0.014439 0.009279 0.028878 0.006315
0 0.651613 0.017685 0.018026 0.027687 0.005015
0 0.570584 0.026742 0.009392 0.017085 0.001082
0 0.606088 0.014576 0.017729 0.029153 0.000999
0 0.601555 0.014865 0.009788 0.029731 0.000849
0 0.594700 0.015199 0.011223 0.030397 0.000763
0 0.162138 0.089700 0.011722 0.051826 0.000751
8 0.595367 0.015077 0.007475 0.030083 0.000465
8 0.570438 0.024159 0.010330 0.023437 0.000360
3 0.570584 0.026742 0.009392 0.017085 0.000324
0 0.033653 0.121340 0.032197 0.054652 0.000321
0 0.641270 0.015276 0.016503 0.029996 0.000284
2 0.336056 0.660216 0.048387 0.122716 0.000276
8 0.603779 0.014439 0.009279 0.028878 0.000265
8 0.159726 0.000000 0.027629 0.000000 0.000260
8 0.148874 0.000000 0.023827 0.000000 0.000251
8 0.153561 0.000000 0.026989 0.000000 0.000250
0 0.629267 0.014632 0.008556 0.028410 0.000245
3 0.597849 0.014913 0.009283 0.029826 0.000235
0 0.615508 0.016381 0.020527 0.032756 0.000210
8 0.166678 0.000000 0.029460 0.000000 0.000189
0 0.561545 0.028403 0.007584 0.018559 0.000176
2 0.999905 0.561675 0.000191 0.100516 0.000167
8 0.173074 0.000000 0.027852 0.000000 0.000158
8 0.606088 0.014576 0.017729 0.029153 0.000158
8 0.142754 0.000000 0.023880 0.000000 0.000145
0 0.162833 0.082569 0.009689 0.039213 0.000141
1 0.646660 0.016775 0.022404 0.030808 0.000125
2 0.101046 1.000000 0.051715 0.000000 0.000124
3 0.603058 0.014214 0.009167 0.028428 0.000118
0 0.621531 0.016982 0.011159 0.033384 0.000108
8 0.645966 0.017147 0.020344 0.030125 0.000105
0 0.716211 0.000000 0.014158 0.000000 0.000103
8 0.177716 0.000000 0.027589 0.000000 0.000102
