0 0.685498 0.623818 0.291371 0.750694 0.957570
4 0.249474 0.864209 0.045772 0.029984 0.015446
3 0.043386 0.474770 0.082688 0.216776 0.002750
3 0.000000 0.458806 0.000000 0.254832 0.001990
3 0.044920 0.401366 0.080536 0.357651 0.001624
3 0.000000 0.408858 0.000000 0.195730 0.000644
9 0.000000 0.505505 0.000000 0.118076 0.000477
3 0.000000 0.548893 0.000000 0.250441 0.000444
3 0.000000 0.410608 0.000000 0.087015 0.000401
3 0.000000 0.384887 0.000000 0.065067 0.000381
9 0.000000 0.524275 0.000000 0.101374 0.000308
3 0.000000 0.505505 0.000000 0.118076 0.000290
3 0.007354 0.509368 0.014708 0.144436 0.000275
3 0.000000 0.365902 0.000000 0.070296 0.000208
3 0.000000 0.357888 0.000000 0.166768 0.000192
3 0.000000 0.476043 0.000000 0.108191 0.000187
0 0.941242 0.490884 0.117517 0.942355 0.000183
9 0.517392 0.580965 0.088646 0.304848 0.000173
9 0.000000 0.476043 0.000000 0.108191 0.000172
3 0.000000 0.454749 0.000000 0.103423 0.000167
5 0.000000 0.410608 0.000000 0.087015 0.000152
3 0.008389 0.481022 0.016528 0.204760 0.000149
3 0.000000 0.430459 0.000000 0.089936 0.000143
9 0.007354 0.509368 0.014708 0.144436 0.000130
9 0.000000 0.454749 0.000000 0.103423 0.000122
4 0.978900 1.000000 0.042200 0.000000 0.000121
3 0.000000 0.524275 0.000000 0.101374 0.000110
9 0.000000 0.548893 0.000000 0.250441 0.000104
