2 0.302092 0.720747 0.150824 0.269131 0.973734
2 0.664664 0.568250 0.145069 0.227670 0.960824
0 0.958554 0.147153 0.063791 0.264833 0.945561
0 0.774681 0.088480 0.048295 0.176128 0.935315
0 0.730263 0.096124 0.038374 0.125729 0.932273
0 0.875288 0.184984 0.038755 0.144439 0.931005
0 0.706618 0.072053 0.039571 0.143000 0.928245
0 0.915485 0.139712 0.039087 0.271910 0.916961
0 0.809946 0.105604 0.032812 0.192428 0.914662
9 0.528382 0.013864 0.044319 0.027648 0.813144
0 0.989052 0.195429 0.021896 0.293876 0.035120
9 0.534556 0.013504 0.032116 0.027009 0.029979
8 0.997849 0.101911 0.004303 0.031479 0.005398
0 0.644544 0.012771 0.015807 0.023869 0.005226
0 0.990026 0.288762 0.019947 0.102106 0.004981
2 0.640419 0.961036 0.176849 0.077928 0.004481
0 0.989545 0.246627 0.020911 0.187696 0.001144
8 0.999275 0.106410 0.001451 0.046138 0.000893
2 0.004710 0.720558 0.008718 0.066680 0.000804
2 0.005254 0.767080 0.010508 0.175068 0.000661
6 0.525054 0.013774 0.051314 0.027547 0.000566
0 0.997201 0.090983 0.005598 0.045818 0.000531
0 0.401675 0.111101 0.079633 0.222203 0.000426
8 0.525054 0.013774 0.051314 0.027547 0.000405
4 0.000772 0.697265 0.001544 0.105016 0.000318
2 0.579828 0.967150 0.053393 0.063902 0.000289
0 0.999490 0.297970 0.001020 0.100136 0.000259
4 0.004710 0.720558 0.008718 0.066680 0.000257
6 0.544357 1.000000 0.039938 0.000000 0.000257
0 0.997825 0.101338 0.004350 0.029672 0.000254
0 0.955668 0.101017 0.032568 0.098451 0.000234
2 0.004760 0.734984 0.008835 0.097973 0.000228
8 1.000000 0.120538 0.000000 0.092769 0.000222
4 0.005254 0.767080 0.010508 0.175068 0.000211
8 0.559629 0.000000 0.023637 0.000000 0.000179
3 0.525054 0.013774 0.051314 0.027547 0.000171
0 0.991371 0.185233 0.017257 0.315393 0.000170
4 0.000952 0.714565 0.001905 0.083021 0.000164
8 0.997201 0.090983 0.005598 0.045818 0.000157
8 0.999301 0.092950 0.001397 0.049063 0.000153
2 0.006153 0.717219 0.012306 0.238437 0.000151
4 0.002755 0.715385 0.005511 0.267862 0.000149
0 0.999346 0.103001 0.001308 0.041674 0.000146
1 0.525054 0.013774 0.051314 0.027547 0.000145
4 0.000293 0.985099 0.000586 0.029803 0.000142
0 0.999528 0.110837 0.000945 0.052333 0.000140
6 0.536674 1.000000 0.035373 0.000000 0.000135
6 0.552645 1.000000 0.046909 0.000000 0.000132
8 1.000000 0.334547 0.000000 0.117275 0.000127
0 0.999301 0.092950 0.001397 0.049063 0.000125
2 0.000227 0.485205 0.000455 0.098626 0.000117
0 1.000000 0.120538 0.000000 0.092769 0.000115
8 0.544357 1.000000 0.039938 0.000000 0.000114
8 0.564763 0.000000 0.028385 0.000000 0.000113
9 0.520233 0.011894 0.042906 0.023787 0.000112
8 1.000000 0.102829 0.000000 0.068622 0.000110
4 0.000555 0.678990 0.001110 0.113537 0.000109
8 1.000000 0.360351 0.000000 0.137977 0.000108
0 0.997341 0.112492 0.005319 0.051372 0.000104
8 0.536674 1.000000 0.035373 0.000000 0.000102
4 0.002070 0.417189 0.004141 0.285316 0.000102
