6 0.596884 0.504556 0.701712 0.975648 0.845622
6 0.193434 0.370347 0.386869 0.739781 0.005913
6 0.015606 0.292029 0.031212 0.110601 0.003093
6 0.999783 0.166196 0.000433 0.104639 0.001019
6 0.999821 0.142283 0.000357 0.109258 0.000803
0 0.597318 0.503090 0.698258 0.989754 0.000689
6 0.999807 0.185451 0.000385 0.114555 0.000573
6 0.999708 0.215664 0.000583 0.129803 0.000300
6 0.994633 0.162902 0.010735 0.072929 0.000294
6 0.999927 0.123407 0.000147 0.105775 0.000289
6 0.993557 0.155618 0.012885 0.078572 0.000286
6 0.993254 0.142113 0.013469 0.085820 0.000262
11 0.596884 0.504556 0.701712 0.975648 0.000233
6 0.670422 0.168196 0.644162 0.333813 0.000149
6 0.999409 0.872448 0.001181 0.143595 0.000140
6 0.999660 0.244033 0.000681 0.131829 0.000138
6 0.991535 0.190509 0.016814 0.090964 0.000119
0 0.670422 0.168196 0.644162 0.333813 0.000116
6 1.000000 0.043251 0.000000 0.086501 0.000115
6 0.999300 0.846406 0.001401 0.137742 0.000114
2 0.008537 0.714241 0.017073 0.322632 0.000106
6 0.993764 0.180269 0.012472 0.084564 0.000102
