2 0.199565 0.639029 0.093533 0.159172 0.952043
2 0.464149 0.641140 0.124426 0.087226 0.942050
2 0.256180 0.248156 0.051380 0.078950 0.939078
2 0.438624 0.615590 0.053113 0.109051 0.935489
2 0.115951 0.080732 0.019838 0.039067 0.903796
2 0.064474 0.040471 0.029368 0.079639 0.902833
0 0.064439 0.040543 0.029749 0.079911 0.005918
2 0.203083 0.597943 0.085704 0.075326 0.000850
0 0.015020 0.022252 0.028920 0.044503 0.000319
2 0.219171 0.593281 0.053714 0.066712 0.000299
2 0.623356 0.664874 0.013155 0.026145 0.000270
0 0.001258 0.027873 0.002515 0.055747 0.000178
8 0.014085 0.022315 0.027309 0.044630 0.000156
8 0.031877 0.000000 0.046334 0.000000 0.000124
2 0.438526 0.657198 0.070469 0.057293 0.000119
8 0.022770 0.000000 0.037855 0.000000 0.000114
0 0.000086 0.038765 0.000172 0.077530 0.000110
