2 0.637723 0.954631 0.040703 0.090738 0.946367
4 0.512176 0.565603 0.016436 0.080727 0.802468
4 0.758192 0.745330 0.014027 0.027653 0.011394
9 0.758326 0.745172 0.014060 0.027600 0.003520
2 0.619925 1.000000 0.052414 0.000000 0.003005
2 0.632084 1.000000 0.031048 0.000000 0.001252
0 0.111620 0.662438 0.044365 0.369096 0.001139
2 0.641356 1.000000 0.031790 0.000000 0.000932
2 0.648750 1.000000 0.036122 0.000000 0.000888
2 0.638055 0.967754 0.039859 0.064079 0.000795
11 0.361059 0.541168 0.209298 0.197541 0.000413
9 0.997565 0.441596 0.004871 0.064832 0.000322
2 0.608672 0.994878 0.087809 0.010244 0.000301
2 0.655512 1.000000 0.044621 0.000000 0.000270
6 0.654875 0.683853 0.181768 0.442406 0.000231
2 0.609476 1.000000 0.071543 0.000000 0.000229
6 0.999826 0.413796 0.000348 0.133337 0.000168
6 0.992664 0.459195 0.014673 0.263853 0.000164
6 0.999798 0.378531 0.000405 0.076080 0.000147
9 0.999830 0.433847 0.000340 0.092495 0.000144
9 0.999622 0.448830 0.000756 0.101616 0.000141
9 1.000000 0.438587 0.000000 0.137007 0.000141
6 0.999698 0.465996 0.000604 0.119675 0.000134
