2 0.624946 0.439024 0.073201 0.068094 0.932364
0 0.176515 0.107544 0.024525 0.145748 0.927210
4 0.004848 0.064610 0.009695 0.129221 0.000483
2 0.176523 0.107412 0.024256 0.145242 0.000331
8 0.004848 0.064610 0.009695 0.129221 0.000215
8 0.243309 0.000000 0.028375 0.000000 0.000207
8 0.215176 0.000102 0.024431 0.000204 0.000205
8 0.209388 0.000015 0.022834 0.000031 0.000205
8 0.190646 0.000000 0.024506 0.000000 0.000172
8 0.203903 0.000000 0.023127 0.000000 0.000168
8 0.236437 0.000000 0.029881 0.000000 0.000165
4 0.345176 0.118773 0.053189 0.237547 0.000145
8 0.251946 0.000000 0.028369 0.000000 0.000139
8 0.223037 0.000150 0.028476 0.000301 0.000139
8 0.197470 0.000000 0.024503 0.000000 0.000134
9 0.175038 0.136744 0.025980 0.077362 0.000130
8 0.184010 0.000000 0.024917 0.000000 0.000129
8 0.228709 0.000087 0.031242 0.000175 0.000112
8 1.000000 0.065683 0.000000 0.099387 0.000102
