2 0.554968 0.654416 0.039562 0.060749 0.945304
2 0.365238 0.146130 0.022503 0.050938 0.906685
2 0.472088 0.181428 0.027921 0.046278 0.900886
0 0.926905 0.054889 0.056576 0.106255 0.763219
10 0.822162 0.624513 0.041996 0.059229 0.020407
8 0.822116 0.624308 0.042309 0.058496 0.003056
2 0.821808 0.624027 0.041925 0.058642 0.001655
9 0.449967 0.403754 0.006563 0.028063 0.001184
2 0.402990 0.647641 0.005863 0.009723 0.001135
2 0.521309 0.516080 0.022505 0.090628 0.000972
0 0.924989 0.094437 0.061412 0.185964 0.000782
2 0.745336 1.000000 0.039115 0.000000 0.000579
9 0.476219 0.406588 0.012345 0.034561 0.000569
2 0.555338 0.702616 0.041454 0.168154 0.000484
2 0.650218 1.000000 0.043655 0.000000 0.000421
8 0.824599 0.000000 0.044450 0.000000 0.000364
8 0.816162 0.000000 0.045899 0.000000 0.000345
2 0.881578 1.000000 0.049913 0.000000 0.000284
2 0.637305 1.000000 0.045210 0.000000 0.000243
2 0.754050 1.000000 0.047643 0.000000 0.000232
2 0.892030 1.000000 0.048699 0.000000 0.000217
2 0.735139 1.000000 0.039757 0.000000 0.000215
0 0.770503 0.031205 0.026937 0.059746 0.000205
4 0.554867 0.654086 0.040162 0.059952 0.000196
2 0.302466 0.453757 0.036652 0.139977 0.000195
8 0.833566 0.000000 0.032966 0.000000 0.000195
2 0.662276 1.000000 0.046222 0.000000 0.000192
2 0.992639 0.984724 0.014322 0.030550 0.000183
4 0.993192 0.984695 0.013615 0.028652 0.000179
2 0.989608 0.406322 0.020783 0.078957 0.000172
6 0.544885 1.000000 0.047030 0.000000 0.000163
2 0.596442 1.000000 0.041433 0.000000 0.000156
2 0.618455 1.000000 0.042594 0.000000 0.000151
0 0.554869 0.654820 0.040336 0.061596 0.000150
2 0.869529 1.000000 0.043897 0.000000 0.000150
2 0.560211 1.000000 0.045912 0.000000 0.000143
2 0.353856 0.448547 0.082790 0.204246 0.000143
0 0.643548 1.000000 0.042950 0.000000 0.000129
6 0.555109 1.000000 0.045507 0.000000 0.000125
0 0.740280 1.000000 0.036242 0.000000 0.000110
2 0.991563 0.999702 0.016874 0.000595 0.000109
2 0.403157 0.642866 0.005951 0.012873 0.000109
2 0.550534 1.000000 0.045321 0.000000 0.000105
0 0.918446 0.076077 0.065138 0.146116 0.000104
8 0.560211 1.000000 0.045912 0.000000 0.000103
6 0.530870 1.000000 0.055474 0.000000 0.000101
