0 0.387368 0.691837 0.218140 0.611615 0.972064
0 0.759128 0.576051 0.021762 0.135776 0.917367
0 0.659821 0.566575 0.029517 0.125898 0.917275
0 0.814473 0.537996 0.032117 0.065337 0.916194
0 0.777708 0.537013 0.021257 0.079996 0.898407
0 0.796256 0.532212 0.023257 0.074044 0.890900
0 0.019240 0.431857 0.025574 0.065574 0.888524
0 0.830626 0.536864 0.014436 0.054981 0.882007
5 0.209997 0.521825 0.023660 0.042183 0.879279
5 0.245957 0.520937 0.027421 0.039014 0.867092
5 0.137166 0.506488 0.025489 0.042393 0.858671
5 0.174154 0.518693 0.032356 0.041830 0.832801
0 0.303604 0.526864 0.026376 0.048679 0.822153
5 0.197853 0.523836 0.034954 0.037756 0.609821
3 0.576137 0.822700 0.743722 0.353771 0.606182
3 0.347943 0.814694 0.695886 0.369122 0.545748
0 0.891127 0.529122 0.015485 0.052146 0.118837
5 0.192789 0.520648 0.028398 0.039431 0.070907
4 0.429672 0.089890 0.113685 0.179781 0.036344
6 0.174208 0.518779 0.032085 0.041914 0.025349
0 0.066386 0.445839 0.022119 0.064651 0.005395
9 0.715889 0.583855 0.044712 0.106826 0.002891
0 0.066612 0.430762 0.020905 0.035288 0.002608
0 0.210154 0.522240 0.023052 0.042212 0.001057
5 0.306196 0.526769 0.031253 0.047959 0.000907
4 0.013019 0.191621 0.026038 0.380055 0.000796
5 0.297786 0.522567 0.017902 0.042449 0.000481
0 0.726589 0.582943 0.025265 0.105955 0.000460
0 0.882261 0.485445 0.027702 0.138835 0.000444
9 0.882660 0.485062 0.029576 0.139923 0.000397
5 0.183862 0.521353 0.023867 0.039215 0.000363
9 0.723555 0.582716 0.029228 0.106554 0.000294
0 0.137510 0.506414 0.024834 0.042247 0.000288
2 0.210154 0.522240 0.023052 0.042212 0.000244
0 0.189868 0.514514 0.013593 0.046065 0.000228
6 0.210154 0.522240 0.023052 0.042212 0.000210
5 0.189868 0.514514 0.013593 0.046065 0.000207
3 0.174305 0.518907 0.032107 0.041316 0.000197
6 0.348319 0.816820 0.696639 0.366360 0.000193
9 0.000000 0.667618 0.000000 0.118579 0.000190
5 0.300008 0.525732 0.021634 0.045316 0.000186
0 0.921424 0.542568 0.019599 0.045277 0.000158
9 0.000000 0.646798 0.000000 0.114721 0.000139
4 0.174305 0.518907 0.032107 0.041316 0.000132
2 0.796177 0.533147 0.023635 0.072848 0.000130
4 0.017333 0.255435 0.034667 0.401824 0.000129
6 0.717681 0.583943 0.041560 0.105389 0.000128
4 0.018188 0.145669 0.036376 0.291338 0.000127
9 0.000110 0.567722 0.000219 0.088425 0.000117
9 0.000079 0.595569 0.000157 0.103233 0.000104
9 0.174305 0.518907 0.032107 0.041316 0.000103
