6 0.708748 0.613067 0.125588 0.141151 0.941825
6 0.837811 0.600719 0.113469 0.112106 0.939686
6 0.549100 0.552883 0.121467 0.117801 0.938844
0 0.578296 0.500710 0.046020 0.103275 0.919305
6 0.977795 0.632943 0.043324 0.086886 0.915766
6 0.775545 0.564992 0.040071 0.070126 0.890420
0 0.832296 0.562038 0.042960 0.088329 0.887269
0 0.794306 0.518827 0.020908 0.046146 0.853256
0 0.774200 0.523992 0.014174 0.029086 0.845210
6 0.601532 0.515780 0.047902 0.072985 0.501590
0 0.696035 0.522435 0.032166 0.067929 0.248644
0 0.773102 0.526086 0.018949 0.028186 0.032140
6 0.987927 0.709583 0.024147 0.194024 0.021936
6 0.987729 0.736496 0.024543 0.138338 0.015242
4 0.495090 0.436484 0.028374 0.032831 0.009730
0 0.987480 0.705059 0.025040 0.203288 0.005984
6 0.580999 0.512959 0.085724 0.072720 0.005355
6 0.559005 0.510503 0.125868 0.072110 0.001993
0 0.792112 0.521465 0.019656 0.039605 0.000769
6 0.997790 0.717986 0.004420 0.177535 0.000708
6 0.999955 0.751205 0.000089 0.096634 0.000585
0 0.992651 0.742017 0.014699 0.122347 0.000579
9 0.999955 0.751205 0.000089 0.096634 0.000530
0 0.848306 0.578960 0.017878 0.052325 0.000380
6 0.999850 0.733226 0.000301 0.140961 0.000374
6 0.999994 0.734879 0.000012 0.080943 0.000362
0 0.987601 0.739220 0.024797 0.131969 0.000326
9 0.999994 0.734879 0.000012 0.080943 0.000282
6 0.995298 0.705510 0.009404 0.207088 0.000273
6 0.995126 0.718028 0.009748 0.094849 0.000234
6 0.983267 0.702108 0.032219 0.207122 0.000227
0 0.999994 0.734879 0.000012 0.080943 0.000227
6 0.993433 0.707956 0.012968 0.110262 0.000206
0 0.789254 0.524993 0.014979 0.033177 0.000188
6 0.593104 0.516960 0.079795 0.072176 0.000184
5 0.987762 0.720086 0.024475 0.172011 0.000178
6 0.994714 0.703817 0.010571 0.064127 0.000176
6 0.546840 0.514590 0.028889 0.045536 0.000174
6 0.702074 0.188629 0.033200 0.038609 0.000171
6 0.794705 0.568476 0.069372 0.068997 0.000140
0 0.995532 0.733097 0.008936 0.113337 0.000138
0 0.999918 0.716405 0.000164 0.071772 0.000136
5 0.776074 0.564439 0.041543 0.072732 0.000132
6 0.999918 0.716405 0.000164 0.071772 0.000121
6 0.975860 0.696811 0.048279 0.219363 0.000108
6 0.993820 0.731469 0.012361 0.125146 0.000106
5 0.987589 0.747830 0.024821 0.114664 0.000104
0 0.999955 0.751205 0.000089 0.096634 0.000104
6 0.533304 0.547269 0.088891 0.111920 0.000102
