0 0.464335 0.673848 0.039754 0.212130 0.929632
10 0.462239 0.289043 0.046376 0.048910 0.909396
8 0.507131 0.453064 0.042086 0.316573 0.907610
8 0.756261 0.504567 0.035763 0.218401 0.899582
6 0.494093 0.677273 0.089340 0.068546 0.897446
6 0.835249 0.665007 0.051517 0.054916 0.844745
4 0.157664 0.671760 0.025072 0.053136 0.797683
6 0.491962 0.665310 0.093737 0.104060 0.008904
10 0.413641 0.694616 0.064607 0.048709 0.000970
8 0.749007 0.508896 0.033403 0.202311 0.000969
0 0.921313 0.650774 0.012826 0.036315 0.000707
0 0.491962 0.665310 0.093737 0.104060 0.000596
0 0.494027 0.676503 0.090862 0.068978 0.000267
3 0.493102 0.677844 0.091194 0.067739 0.000203
0 0.951647 0.658772 0.015901 0.045751 0.000162
10 0.610510 0.802207 0.032640 0.033376 0.000154
1 0.493524 0.676985 0.089713 0.066827 0.000148
10 0.650667 0.175908 0.068136 0.034094 0.000134
8 0.764308 0.511525 0.031383 0.214253 0.000129
