0 0.630481 0.918795 0.045732 0.162411 0.931676
6 0.865315 0.923317 0.046822 0.045988 0.210132
6 0.301391 0.941579 0.036816 0.034411 0.030918
10 0.482035 0.613674 0.040565 0.030709 0.024794
0 0.804939 0.932205 0.020013 0.072534 0.001948
0 0.761401 0.928681 0.013365 0.034925 0.000708
2 0.323021 0.136139 0.033499 0.019908 0.000590
10 0.833426 0.634692 0.038136 0.037059 0.000375
0 0.224644 0.816535 0.046633 0.234095 0.000240
10 0.650292 0.600871 0.027786 0.029413 0.000208
6 0.312915 0.941929 0.061095 0.035186 0.000180
10 0.838452 0.635035 0.028206 0.032304 0.000166
0 0.000000 0.882837 0.000000 0.234326 0.000165
0 0.626049 1.000000 0.039356 0.000000 0.000165
0 0.758463 0.929485 0.018358 0.035983 0.000131
0 1.000000 0.908853 0.000000 0.182293 0.000126
6 0.644319 1.000000 0.052825 0.000000 0.000117
10 0.487434 0.610211 0.049654 0.041474 0.000108
0 0.633747 1.000000 0.046374 0.000000 0.000106
6 0.140558 0.931332 0.056363 0.047225 0.000106
2 0.610780 0.137611 0.064305 0.033212 0.000105
