0 0.295760 0.612435 0.062492 0.209284 0.938266
4 0.533844 0.478082 0.037014 0.097063 0.928553
5 0.266757 0.634899 0.087070 0.149009 0.925611
0 0.942793 0.646883 0.017204 0.061526 0.873604
8 0.970694 0.587579 0.038179 0.369739 0.866274
0 0.706044 0.613269 0.015828 0.075447 0.718156
0 0.699891 0.610190 0.014000 0.063757 0.112725
0 0.702707 0.610598 0.018254 0.069648 0.070078
5 0.252566 0.587890 0.037399 0.059398 0.060698
8 0.970936 0.424367 0.033322 0.038538 0.047691
5 0.942609 0.649860 0.017256 0.064573 0.016898
5 0.942290 0.665840 0.017067 0.041038 0.015009
8 0.985695 0.580589 0.028610 0.335718 0.004022
0 0.708336 0.610338 0.012257 0.069079 0.002824
0 0.999084 0.656600 0.001833 0.097002 0.000975
0 1.000000 0.679340 0.000000 0.139602 0.000957
8 1.000000 0.400333 0.000000 0.141660 0.000437
8 0.978462 0.428493 0.021542 0.042233 0.000425
0 1.000000 0.661472 0.000000 0.134623 0.000424
8 1.000000 0.431063 0.000000 0.105446 0.000311
0 0.996949 0.669957 0.006102 0.062709 0.000301
2 0.267329 0.635866 0.088078 0.149627 0.000228
7 0.293963 0.574534 0.012834 0.042519 0.000222
0 1.000000 0.672362 0.000000 0.181842 0.000196
8 0.981804 0.443583 0.017923 0.062484 0.000193
0 0.267329 0.635866 0.088078 0.149627 0.000185
8 1.000000 0.481749 0.000000 0.125778 0.000178
8 1.000000 0.369300 0.000000 0.132740 0.000178
8 0.986878 0.448420 0.026244 0.071884 0.000170
8 0.985285 0.437952 0.017271 0.049107 0.000157
2 0.293963 0.574534 0.012834 0.042519 0.000156
8 1.000000 0.461242 0.000000 0.119915 0.000136
8 0.986474 0.504132 0.019191 0.172213 0.000125
8 0.987111 0.490436 0.025778 0.149483 0.000123
0 0.970053 0.591791 0.034604 0.361903 0.000119
0 0.999315 0.689010 0.001370 0.104896 0.000118
5 0.702162 0.612284 0.018142 0.070651 0.000116
0 0.000000 0.485833 0.000000 0.256505 0.000115
0 1.000000 0.709826 0.000000 0.156478 0.000113
5 0.705554 0.613775 0.016917 0.076354 0.000111
8 0.980488 0.435597 0.018399 0.053154 0.000109
0 0.293963 0.574534 0.012834 0.042519 0.000106
3 0.970290 0.589125 0.039374 0.368130 0.000106
