2 0.522993 0.462627 0.163075 0.185758 0.932256
2 0.266498 0.268668 0.033485 0.039744 0.894091
2 0.173569 0.239304 0.025347 0.047565 0.888191
2 0.225260 0.250484 0.026299 0.044787 0.856824
2 0.154858 0.235265 0.023421 0.045739 0.106839
2 0.765623 0.565531 0.032646 0.091738 0.007739
9 0.979605 0.665815 0.038691 0.106323 0.000697
9 0.989261 0.588201 0.021478 0.116477 0.000271
6 0.523072 0.462523 0.162691 0.186821 0.000262
11 0.897093 0.557200 0.177700 0.854545 0.000222
0 0.197161 0.492562 0.138375 0.232561 0.000173
4 0.988599 0.583152 0.022802 0.088524 0.000142
0 0.323870 1.000000 0.033138 0.000000 0.000107
