0 0.292203 0.319801 0.114882 0.624320 0.968672
0 0.612319 0.285292 0.063687 0.307514 0.947861
0 0.470264 0.352780 0.087862 0.540673 0.944643
9 0.389180 0.080928 0.038784 0.064777 0.916395
0 0.402689 0.427934 0.088924 0.245378 0.869465
0 0.219163 0.064923 0.015619 0.043004 0.002735
0 0.402626 0.357215 0.087941 0.421547 0.001907
3 0.402968 0.426760 0.088739 0.251182 0.000443
0 0.362770 0.000000 0.054400 0.000000 0.000396
0 0.349952 0.000000 0.051011 0.000000 0.000199
6 0.388990 0.079822 0.037704 0.065373 0.000184
0 0.184694 0.049471 0.024734 0.059378 0.000174
0 0.280957 0.000000 0.047926 0.000000 0.000174
4 0.388990 0.079822 0.037704 0.065373 0.000150
0 0.376094 0.000000 0.054995 0.000000 0.000141
0 0.251589 0.000000 0.041654 0.000000 0.000141
8 0.284789 0.000000 0.046398 0.000000 0.000140
0 0.271349 0.000000 0.037032 0.000000 0.000138
0 0.235259 0.000000 0.044966 0.000000 0.000127
6 0.226817 0.000000 0.047036 0.000000 0.000125
8 0.294395 0.000000 0.040244 0.000000 0.000120
0 0.339012 0.000000 0.049124 0.000000 0.000116
6 0.169777 0.000000 0.035678 0.000000 0.000113
0 0.226817 0.000000 0.047036 0.000000 0.000110
6 0.176470 0.000000 0.032218 0.000000 0.000106
0 0.261914 0.000000 0.032477 0.000000 0.000102
0 0.200241 0.000000 0.044579 0.000000 0.000100
