4 0.492545 0.761547 0.078848 0.462582 0.951943
0 0.145866 0.862976 0.027802 0.099615 0.914735
4 0.219277 0.797029 0.033723 0.173677 0.911502
5 0.146849 0.893038 0.026668 0.067718 0.722174
4 0.543697 0.752690 0.015903 0.294252 0.618003
4 0.546218 0.771239 0.021040 0.329093 0.548852
4 0.216725 0.740657 0.025983 0.058653 0.443573
4 0.551989 0.768816 0.032124 0.325169 0.440853
4 0.542553 0.708035 0.015484 0.208345 0.222600
6 0.081430 0.889437 0.162861 0.218757 0.003513
4 0.553052 0.808576 0.019106 0.167037 0.001533
4 0.542132 0.685756 0.013170 0.153540 0.000875
0 0.663290 0.500000 0.335535 1.000000 0.000449
9 0.000193 0.860077 0.000386 0.048908 0.000412
9 0.000000 0.903260 0.000000 0.113066 0.000245
4 0.544602 0.719479 0.016008 0.226166 0.000239
9 0.000198 0.870083 0.000396 0.060359 0.000231
4 0.552787 0.770206 0.017517 0.109300 0.000224
0 0.003791 1.000000 0.007582 0.000000 0.000182
8 0.551989 0.768816 0.032124 0.325169 0.000177
0 0.042402 0.831076 0.006545 0.014101 0.000162
9 0.000257 0.847759 0.000514 0.046202 0.000138
4 0.550830 0.739181 0.018788 0.055140 0.000131
4 0.555443 0.793439 0.019519 0.121902 0.000128
8 0.924503 0.486756 0.150994 0.973512 0.000122
4 0.551551 0.749560 0.019367 0.054391 0.000121
3 0.542972 0.735844 0.015389 0.256345 0.000112
4 0.558255 0.756109 0.046688 0.334093 0.000104
