2 0.259107 0.767056 0.100534 0.149362 0.966190
4 0.464327 0.207859 0.037899 0.109168 0.936934
4 0.506375 0.207852 0.020929 0.056799 0.002576
8 1.000000 0.123484 0.000000 0.107570 0.000208
8 1.000000 0.162039 0.000000 0.122084 0.000194
8 1.000000 0.185140 0.000000 0.093845 0.000190
4 0.994140 0.340703 0.011719 0.219264 0.000171
5 0.880487 0.914272 0.057404 0.118691 0.000169
8 1.000000 0.204172 0.000000 0.109225 0.000149
8 1.000000 0.059631 0.000000 0.059965 0.000112
4 0.999953 0.545324 0.000095 0.106806 0.000107
