2 0.566321 0.630828 0.049319 0.124857 0.951075
0 0.925817 0.372822 0.040117 0.195312 0.950898
9 0.869648 0.376969 0.042947 0.109071 0.949853
0 0.831126 0.362060 0.033194 0.170321 0.937066
0 0.971533 0.414901 0.031860 0.134343 0.931084
0 0.524385 0.310296 0.025984 0.125889 0.928592
0 0.712777 0.337708 0.028378 0.158896 0.927845
0 0.680074 0.339308 0.026983 0.134117 0.923237
0 0.877301 0.282369 0.023338 0.080652 0.915375
0 0.512008 0.335136 0.020816 0.066664 0.915006
0 0.612580 0.327728 0.033458 0.131417 0.912762
0 0.638573 0.335349 0.024412 0.126063 0.904440
8 0.350665 0.187954 0.018443 0.062634 0.897006
0 0.895737 0.305413 0.017736 0.075085 0.894408
0 0.575632 0.326342 0.024847 0.123485 0.894018
0 0.623389 0.272083 0.015580 0.056855 0.871683
0 0.641395 0.274747 0.019568 0.054832 0.867597
0 0.585020 0.279966 0.013014 0.048684 0.812096
0 0.760808 0.343131 0.028762 0.171912 0.803657
0 0.776473 0.345993 0.051007 0.177695 0.780846
0 0.995499 0.384820 0.009003 0.205376 0.629026
0 0.996461 0.320251 0.006796 0.069587 0.171897
0 0.786116 0.346902 0.032213 0.177535 0.159103
0 0.639747 0.350457 0.023681 0.096969 0.061655
0 0.995626 0.353311 0.008749 0.141536 0.041470
0 0.994528 0.418686 0.010877 0.122654 0.028099
0 0.580867 0.283569 0.014525 0.044402 0.018333
0 0.786975 0.373152 0.029333 0.124646 0.009340
0 0.996273 0.384275 0.007454 0.207107 0.003688
0 0.637552 0.287731 0.016956 0.031449 0.002568
0 0.578278 0.287627 0.016733 0.045435 0.002525
2 0.102289 0.767572 0.022811 0.053044 0.000923
0 0.620343 0.351707 0.019591 0.080758 0.000798
9 0.831991 0.395753 0.032386 0.101564 0.000625
0 0.713484 0.840386 0.019668 0.064856 0.000570
0 0.999696 0.322633 0.000609 0.074043 0.000523
0 0.578354 0.334358 0.020248 0.108525 0.000458
0 1.000000 0.393879 0.000000 0.179006 0.000256
0 0.567681 0.289953 0.014222 0.034403 0.000217
0 0.599587 0.288400 0.011666 0.038786 0.000185
0 0.600519 0.294700 0.011800 0.045418 0.000184
6 0.869668 0.376746 0.042603 0.110021 0.000172
0 0.994475 0.386299 0.011050 0.203449 0.000169
0 0.759275 0.366600 0.026311 0.124302 0.000155
0 0.999881 0.355244 0.000238 0.138699 0.000149
0 0.569991 0.287927 0.017436 0.037062 0.000144
0 0.686126 0.308786 0.013991 0.071468 0.000132
2 0.350665 0.187954 0.018443 0.062634 0.000132
0 0.994903 0.319624 0.009568 0.068887 0.000128
2 0.419881 0.640665 0.009544 0.013358 0.000121
0 1.000000 0.390499 0.000000 0.192963 0.000120
9 0.834539 0.391099 0.027853 0.078741 0.000118
7 0.671386 0.751398 0.008036 0.012904 0.000115
6 1.000000 0.377945 0.000000 0.189339 0.000112
