0 0.428497 0.798420 0.077479 0.185914 0.940781
0 0.086951 0.717114 0.035132 0.129178 0.921181
3 0.247118 0.866162 0.117146 0.152022 0.428120
2 0.318576 0.469853 0.062919 0.129599 0.418476
6 0.247145 0.866912 0.117879 0.150607 0.019088
0 0.516209 0.837310 0.043267 0.065499 0.009487
0 0.065869 0.706483 0.020734 0.103812 0.004990
4 0.318544 0.469910 0.062990 0.128732 0.003703
5 0.246977 0.867849 0.117151 0.149400 0.001583
0 0.068888 0.709895 0.018341 0.109918 0.001126
3 0.318518 0.469992 0.062992 0.128394 0.000343
0 0.874640 0.328964 0.030946 0.208655 0.000294
6 0.102566 0.743765 0.017188 0.040582 0.000253
0 0.102566 0.743765 0.017188 0.040582 0.000244
0 0.318655 0.469958 0.062822 0.128859 0.000226
1 0.318544 0.469910 0.062990 0.128732 0.000207
9 0.247158 0.867464 0.117623 0.149506 0.000178
5 0.318576 0.469853 0.062919 0.129599 0.000127
8 0.318602 0.469857 0.062779 0.128998 0.000103
4 0.102566 0.743765 0.017188 0.040582 0.000101
