4 0.476477 0.399801 0.105386 0.448891 0.949200
0 0.549730 0.870554 0.034436 0.154040 0.928238
0 0.327436 0.804718 0.041001 0.144767 0.926752
0 0.455424 0.835121 0.046801 0.139874 0.911929
5 0.297623 0.741108 0.024509 0.044537 0.862446
5 0.409826 0.790707 0.014274 0.034932 0.844115
5 0.385385 0.771150 0.012474 0.023509 0.830381
0 0.332957 0.774995 0.029682 0.084437 0.789418
0 0.283386 0.729399 0.014577 0.075937 0.770746
0 0.439664 0.835674 0.025004 0.134116 0.762605
5 0.425011 0.795665 0.022555 0.035133 0.739651
5 0.486298 0.822321 0.015615 0.034303 0.698640
5 0.366071 0.768407 0.018137 0.043788 0.588183
5 0.323738 0.752352 0.009447 0.039763 0.566448
0 0.263717 0.728172 0.025218 0.066905 0.520549
5 0.263236 0.727410 0.026811 0.064298 0.344867
0 0.366236 0.767683 0.018861 0.045228 0.240013
5 0.490129 0.823612 0.015298 0.032295 0.094955
5 0.305737 0.743446 0.012802 0.045907 0.085232
0 0.445010 0.836358 0.033764 0.137265 0.039743
5 0.396980 0.781280 0.010885 0.018544 0.034270
0 0.350849 0.766166 0.015473 0.039898 0.018833
5 0.494349 0.825285 0.008657 0.031923 0.012196
5 0.398172 0.788977 0.013868 0.032625 0.005893
0 0.350209 0.773554 0.015782 0.056336 0.004807
5 0.394930 0.776189 0.010594 0.020642 0.004406
5 0.389674 0.773873 0.014183 0.020288 0.004370
0 0.568008 0.829779 0.011085 0.070187 0.002286
0 0.835747 0.987266 0.024973 0.025205 0.001973
9 0.836871 0.986390 0.026578 0.024688 0.001801
5 0.320678 0.750453 0.015164 0.040620 0.001791
5 0.314438 0.745898 0.009689 0.049845 0.001520
5 0.371382 0.771200 0.012002 0.024513 0.001276
0 0.323820 0.751843 0.010040 0.039062 0.001222
5 0.480445 0.820224 0.015262 0.039095 0.000785
0 0.351283 0.761875 0.013300 0.037379 0.000743
2 0.454797 0.835760 0.047351 0.138981 0.000666
5 0.493637 0.821951 0.011250 0.036430 0.000567
6 0.454797 0.835760 0.047351 0.138981 0.000451
0 0.830179 1.000000 0.026855 0.000000 0.000388
1 0.454797 0.835760 0.047351 0.138981 0.000356
0 0.485989 0.822837 0.016184 0.033370 0.000350
6 0.797706 1.000000 0.045894 0.000000 0.000344
0 0.823058 1.000000 0.028944 0.000000 0.000338
9 0.803083 1.000000 0.037945 0.000000 0.000331
0 0.363297 0.761575 0.013006 0.049785 0.000270
9 0.837483 1.000000 0.029065 0.000000 0.000269
0 0.297560 0.741207 0.024241 0.043896 0.000262
9 0.746805 1.000000 0.036877 0.000000 0.000228
0 0.425246 0.794809 0.019566 0.036616 0.000221
9 0.841350 1.000000 0.032799 0.000000 0.000218
0 0.720499 1.000000 0.032977 0.000000 0.000214
0 0.851353 0.989551 0.012534 0.020898 0.000214
4 0.954775 0.000658 0.090451 0.001316 0.000203
3 0.424839 0.794919 0.023166 0.034245 0.000199
0 0.992948 0.998976 0.014104 0.002047 0.000198
5 0.308714 0.741128 0.011406 0.054264 0.000192
0 0.440220 0.815634 0.023487 0.093279 0.000190
5 0.502088 0.833016 0.011884 0.027764 0.000187
10 0.385396 0.770952 0.012443 0.023504 0.000183
0 0.803083 1.000000 0.037945 0.000000 0.000183
9 0.815542 1.000000 0.033161 0.000000 0.000182
9 0.000000 0.960911 0.000000 0.078178 0.000174
8 1.000000 0.082510 0.000000 0.082700 0.000170
5 0.350849 0.766166 0.015473 0.039898 0.000169
6 0.903206 1.000000 0.045974 0.000000 0.000168
3 0.830179 1.000000 0.026855 0.000000 0.000168
0 0.815542 1.000000 0.033161 0.000000 0.000167
0 0.000393 0.997080 0.000786 0.005840 0.000162
4 0.991808 0.581191 0.016383 0.246600 0.000158
9 0.866957 1.000000 0.031104 0.000000 0.000156
6 0.784078 1.000000 0.046518 0.000000 0.000156
9 0.790643 1.000000 0.049689 0.000000 0.000153
0 0.828144 0.988852 0.018685 0.022297 0.000153
5 0.283371 0.729341 0.014513 0.076343 0.000151
8 0.323544 0.546259 0.025097 0.054720 0.000150
9 0.830179 1.000000 0.026855 0.000000 0.000148
9 0.976117 1.000000 0.036074 0.000000 0.000146
0 0.731598 1.000000 0.030367 0.000000 0.000144
0 0.740808 1.000000 0.034758 0.000000 0.000143
9 0.760341 1.000000 0.042876 0.000000 0.000140
3 0.366071 0.768407 0.018137 0.043788 0.000140
5 0.520706 0.836096 0.009481 0.029305 0.000137
6 0.808202 1.000000 0.035723 0.000000 0.000136
5 0.803083 1.000000 0.037945 0.000000 0.000130
4 0.919936 1.000000 0.029561 0.000000 0.000130
5 0.318395 0.755811 0.014080 0.040112 0.000129
9 0.767657 1.000000 0.041482 0.000000 0.000129
4 0.992948 0.998976 0.014104 0.002047 0.000128
6 0.815542 1.000000 0.033161 0.000000 0.000128
9 0.823058 1.000000 0.028944 0.000000 0.000116
9 0.873347 1.000000 0.035946 0.000000 0.000115
6 0.767657 1.000000 0.041482 0.000000 0.000115
9 0.965306 1.000000 0.030854 0.000000 0.000113
6 0.424839 0.794919 0.023166 0.034245 0.000113
6 0.776072 1.000000 0.040367 0.000000 0.000111
3 0.297560 0.741207 0.024241 0.043896 0.000110
0 0.776072 1.000000 0.040367 0.000000 0.000110
9 0.776072 1.000000 0.040367 0.000000 0.000109
6 0.760341 1.000000 0.042876 0.000000 0.000109
