0 0.927198 0.326587 0.052904 0.179852 0.947868
2 0.635256 0.627794 0.050281 0.107494 0.945591
0 0.729870 0.337983 0.027430 0.120267 0.939453
0 0.843467 0.338518 0.026762 0.134655 0.937254
0 0.873072 0.330344 0.031830 0.160737 0.929254
0 0.665579 0.353025 0.023577 0.069872 0.925745
0 0.682018 0.326893 0.022322 0.126587 0.921106
0 0.971155 0.344853 0.032199 0.158799 0.920422
8 0.501815 0.227364 0.016914 0.057629 0.894028
0 0.765769 0.332805 0.036518 0.133454 0.888905
0 0.901890 0.276470 0.016445 0.074126 0.846691
0 0.797530 0.334164 0.026734 0.133936 0.158538
0 0.800170 0.282433 0.014885 0.037581 0.083861
0 0.795267 0.284771 0.021140 0.038455 0.046520
0 0.951704 0.370715 0.027010 0.103400 0.043119
0 0.760696 0.296127 0.025991 0.062297 0.011130
0 0.771781 0.336515 0.031351 0.125876 0.001173
0 0.911490 0.328222 0.024104 0.171177 0.001003
0 0.682406 0.291414 0.022076 0.054574 0.000886
0 0.361668 0.312586 0.013324 0.026050 0.000221
2 0.501777 0.227401 0.016873 0.057560 0.000212
0 0.798869 0.282333 0.015946 0.028938 0.000210
2 0.730037 0.337966 0.027377 0.119926 0.000183
0 1.000000 0.317124 0.000000 0.098917 0.000180
0 0.900443 0.367021 0.018202 0.083940 0.000160
2 0.681037 0.326526 0.022483 0.125722 0.000152
9 1.000000 0.317124 0.000000 0.098917 0.000145
0 0.728898 0.300023 0.018530 0.037511 0.000135
0 0.835306 0.300592 0.010002 0.055651 0.000133
8 1.000000 0.078165 0.000000 0.128911 0.000123
8 1.000000 0.102364 0.000000 0.130253 0.000101
