9 0.497731 0.486374 0.182940 0.352915 0.971667
7 0.500293 0.277256 0.049661 0.100520 0.946949
4 0.432843 0.783910 0.044381 0.046151 0.891675
7 0.462724 0.282023 0.031959 0.099026 0.000666
4 0.483715 0.303419 0.258671 0.606837 0.000277
0 0.500315 0.277383 0.049595 0.099984 0.000154
3 0.741309 0.998139 0.089188 0.003722 0.000145
8 0.037762 1.000000 0.042269 0.000000 0.000128
8 0.927016 0.997876 0.142910 0.004248 0.000126
8 0.000000 0.163023 0.000000 0.065033 0.000125
8 0.000015 0.178445 0.000030 0.068115 0.000123
9 0.000104 0.609207 0.000209 0.086366 0.000117
8 0.000000 0.149755 0.000000 0.075279 0.000108
8 0.002746 0.115382 0.005492 0.225940 0.000107
