5 0.775120 0.684250 0.105929 0.136836 0.953537
4 0.330761 0.742068 0.086162 0.125990 0.949894
0 0.430289 0.728429 0.063668 0.158227 0.947389
4 0.064504 0.610695 0.088369 0.180992 0.936280
3 0.467143 0.763069 0.065936 0.062303 0.932941
4 0.000000 0.545606 0.000000 0.336292 0.000497
3 0.445163 0.766239 0.030020 0.056429 0.000467
4 0.009916 0.521910 0.019833 0.386208 0.000276
2 0.016139 0.403045 0.031168 0.290469 0.000259
4 0.016139 0.403045 0.031168 0.290469 0.000243
4 0.641445 0.788691 0.136180 0.121061 0.000200
8 0.016139 0.403045 0.031168 0.290469 0.000193
4 0.002041 0.607217 0.004082 0.448285 0.000189
4 0.007972 0.562694 0.015943 0.294373 0.000140
4 0.000000 0.475180 0.000000 0.352843 0.000134
8 0.000343 0.369094 0.000686 0.129454 0.000132
4 0.010776 0.451423 0.021553 0.351850 0.000130
4 0.989198 0.355985 0.021603 0.306195 0.000128
4 0.466977 0.763015 0.065642 0.062037 0.000128
4 0.003797 0.520114 0.007593 0.477152 0.000126
4 0.001520 0.670183 0.003040 0.369799 0.000117
4 0.989283 0.414693 0.021434 0.373927 0.000115
4 0.461862 0.638729 0.029879 0.074831 0.000113
0 0.000516 0.983472 0.001032 0.033055 0.000105
4 0.000000 0.612965 0.000000 0.294101 0.000104
5 0.772598 0.922774 0.119631 0.146444 0.000102
