3 0.715042 0.635479 0.126569 0.268451 0.963542
0 0.437151 0.501693 0.290699 0.983588 0.954326
0 0.192156 0.515593 0.093440 0.334558 0.954190
3 0.186393 0.694668 0.133735 0.424757 0.949409
3 0.874718 0.653335 0.123574 0.293646 0.949148
3 0.027115 0.624622 0.054095 0.166178 0.938354
3 0.592504 0.621026 0.050683 0.252512 0.933990
3 0.114709 0.621438 0.055717 0.156621 0.931121
3 0.890633 0.762732 0.209634 0.470842 0.333431
3 0.131970 0.614996 0.069741 0.252989 0.134616
3 0.990584 0.699780 0.017607 0.184554 0.127573
0 0.984088 0.616734 0.031689 0.354947 0.092499
0 0.991151 0.701813 0.016971 0.183174 0.032775
3 0.145880 0.622320 0.070550 0.267102 0.019321
3 0.125261 0.614591 0.064874 0.175521 0.005629
3 0.133654 0.660954 0.071837 0.229555 0.005446
3 0.158475 0.644178 0.081944 0.311216 0.001652
3 0.000000 0.610181 0.000000 0.127097 0.000733
3 0.000000 0.606289 0.000000 0.208021 0.000694
8 0.185856 0.694821 0.134292 0.426651 0.000631
3 0.983429 0.611700 0.031602 0.352604 0.000616
8 0.991810 0.701389 0.015562 0.181445 0.000556
3 0.582737 0.696670 0.073610 0.374800 0.000521
3 0.000000 0.648998 0.000000 0.290919 0.000472
3 0.000000 0.570800 0.000000 0.245752 0.000442
3 0.986220 0.700014 0.025401 0.186340 0.000429
3 0.000000 0.729291 0.000000 0.110604 0.000278
0 0.011033 0.589119 0.022065 0.220366 0.000256
3 0.954225 0.760118 0.088851 0.421580 0.000230
3 0.011033 0.589119 0.022065 0.220366 0.000229
9 0.000000 0.610181 0.000000 0.127097 0.000216
0 0.886883 0.765067 0.200513 0.467010 0.000214
9 0.992527 0.696646 0.013920 0.177900 0.000202
5 0.991910 0.701468 0.015295 0.183410 0.000201
3 0.123789 0.634317 0.068610 0.271758 0.000189
0 0.001316 0.584253 0.002632 0.247044 0.000164
3 0.000000 0.720429 0.000000 0.335705 0.000163
3 0.845358 0.651321 0.081197 0.248086 0.000159
3 0.000000 0.631803 0.000000 0.101703 0.000153
3 0.000000 0.581098 0.000000 0.099433 0.000148
3 0.000000 0.473436 0.000000 0.239358 0.000145
3 0.121073 0.662937 0.081490 0.221860 0.000134
0 0.987508 0.674923 0.024754 0.234440 0.000132
3 0.000038 0.754754 0.000075 0.108308 0.000132
3 0.999335 0.718422 0.001330 0.145252 0.000129
3 0.000000 0.430910 0.000000 0.226391 0.000124
3 0.011638 0.801799 0.023277 0.298712 0.000123
3 0.000000 0.700045 0.000000 0.103023 0.000109
9 0.000000 0.525229 0.000000 0.083692 0.000106
