9 0.469311 0.615658 0.180314 0.351782 0.970362
7 0.473545 0.408131 0.048758 0.098194 0.946894
4 0.402453 0.914782 0.045478 0.042145 0.881559
0 0.458954 0.216368 0.020061 0.057916 0.001205
0 0.473749 0.408563 0.048772 0.098307 0.000535
4 0.612645 1.000000 0.054164 0.000000 0.000526
8 0.023401 0.021639 0.046803 0.043279 0.000455
8 0.030698 0.022568 0.032647 0.038597 0.000422
8 0.568089 0.000000 0.032018 0.000000 0.000337
8 0.526543 0.000000 0.029494 0.000000 0.000293
8 0.562270 0.000000 0.033860 0.000000 0.000280
8 0.531923 0.000000 0.030431 0.000000 0.000267
4 0.577147 1.000000 0.080326 0.000000 0.000258
8 0.574395 0.000000 0.038364 0.000000 0.000244
8 0.519662 0.000000 0.028778 0.000000 0.000187
8 0.023705 0.000000 0.043009 0.000000 0.000187
8 0.514278 0.000000 0.029439 0.000000 0.000177
8 0.000053 0.034638 0.000106 0.069276 0.000172
8 0.552422 0.000000 0.033998 0.000000 0.000160
8 0.543967 0.000000 0.034389 0.000000 0.000155
8 0.491527 0.000000 0.050688 0.000000 0.000154
8 0.003520 0.050622 0.007040 0.101245 0.000152
8 0.002856 0.105397 0.005711 0.210794 0.000151
8 0.509155 0.000000 0.030657 0.000000 0.000150
2 0.473749 0.408563 0.048772 0.098307 0.000141
4 0.608952 0.991243 0.027081 0.017513 0.000135
8 0.001128 0.003863 0.002256 0.007726 0.000129
4 0.014965 0.548502 0.029930 0.059534 0.000127
8 0.502065 0.000000 0.036072 0.000000 0.000122
4 0.598989 0.997935 0.098756 0.004130 0.000122
8 0.476897 0.000000 0.058208 0.000000 0.000114
8 0.004090 0.146099 0.008180 0.292198 0.000113
2 0.786388 1.000000 0.033944 0.000000 0.000108
8 0.473749 0.408563 0.048772 0.098307 0.000108
3 0.077256 0.726148 0.152804 0.528212 0.000104
8 0.002527 0.173375 0.005054 0.327373 0.000102
