2 0.523734 0.366568 0.031980 0.135328 0.932691
2 0.987322 0.429640 0.023054 0.028088 0.008138
2 0.912823 0.417702 0.013760 0.017605 0.003365
1 0.020752 0.578591 0.040733 0.055931 0.001199
2 0.991827 0.341284 0.016347 0.222362 0.000472
2 0.440747 0.882062 0.018954 0.047737 0.000323
9 0.000000 0.576738 0.000000 0.104398 0.000292
2 0.737741 1.000000 0.039284 0.000000 0.000257
2 0.972674 0.428637 0.052929 0.029071 0.000212
2 0.597704 0.853198 0.010823 0.024093 0.000211
2 0.999364 0.437299 0.001271 0.078171 0.000206
9 0.000007 0.602703 0.000014 0.115561 0.000198
9 0.000000 0.557310 0.000000 0.091657 0.000186
2 0.735150 1.000000 0.047079 0.000000 0.000178
2 0.748713 0.990258 0.018759 0.019086 0.000172
2 0.991444 0.301239 0.017112 0.306998 0.000169
2 0.015088 0.852365 0.030176 0.295269 0.000139
2 0.999951 0.410988 0.000099 0.088609 0.000124
