10 0.524263 0.262597 0.055764 0.054621 0.909306
10 0.652210 0.548574 0.035402 0.038625 0.851385
10 0.397572 0.601801 0.024153 0.035865 0.006629
0 0.348640 0.261257 0.011890 0.061005 0.000500
8 0.524459 0.262680 0.055158 0.054290 0.000333
6 0.524459 0.262680 0.055158 0.054290 0.000310
6 0.651957 0.548011 0.035496 0.038829 0.000234
4 0.998009 0.980769 0.003983 0.038461 0.000157
4 0.999979 0.960296 0.000043 0.079408 0.000155
4 0.999492 0.989323 0.001016 0.021355 0.000124
4 0.991509 0.990807 0.016982 0.018387 0.000122
