0 0.629910 0.680577 0.030143 0.141703 0.939475
9 0.689873 0.673804 0.019500 0.057574 0.921812
0 0.598715 0.657398 0.021123 0.094566 0.919637
0 0.569457 0.655267 0.021915 0.089855 0.910677
9 0.571606 0.273132 0.011961 0.038261 0.000291
0 0.689799 0.673697 0.019261 0.058437 0.000290
8 0.395012 0.421330 0.020815 0.087536 0.000244
8 0.466652 0.498453 0.036803 0.506478 0.000173
8 0.689799 0.673697 0.019261 0.058437 0.000171
3 0.689729 0.673557 0.019191 0.058495 0.000135
3 0.149025 0.498674 0.014257 0.024485 0.000107
