2 0.391840 0.528851 0.096602 0.149525 0.958480
0 0.603755 0.449725 0.031577 0.120660 0.933991
0 0.548899 0.446488 0.030875 0.139349 0.928526
4 0.061412 0.258233 0.118763 0.468678 0.009968
9 0.000101 0.413187 0.000203 0.049222 0.000558
9 0.000000 0.460052 0.000000 0.081850 0.000552
2 0.603831 0.449135 0.031161 0.119975 0.000321
9 0.000000 0.442952 0.000000 0.072074 0.000318
9 0.000039 0.431028 0.000078 0.071430 0.000260
3 0.559404 0.497201 0.031382 0.026028 0.000171
9 0.000116 0.400861 0.000232 0.047602 0.000168
0 0.000000 0.443541 0.000000 0.147767 0.000160
3 0.559037 0.483647 0.031765 0.048658 0.000145
9 0.000000 0.475997 0.000000 0.081766 0.000124
0 0.000000 0.477787 0.000000 0.223237 0.000120
9 0.000000 0.443541 0.000000 0.147767 0.000105
