2 0.396334 0.473183 0.075124 0.138269 0.951428
2 0.473521 0.473436 0.091078 0.133589 0.919165
2 0.953074 0.337900 0.025862 0.058131 0.766235
2 0.336800 0.475200 0.092042 0.157629 0.494000
2 0.288739 0.487665 0.052608 0.123205 0.078827
2 0.951279 0.325148 0.022139 0.033688 0.009544
2 0.505886 0.466550 0.026579 0.115388 0.002120
2 0.309435 0.492185 0.036786 0.126950 0.000434
2 0.304406 0.482215 0.083592 0.141083 0.000203
11 0.883098 0.370822 0.163498 0.547179 0.000173
4 0.492191 0.014012 0.011385 0.018056 0.000170
2 0.480717 1.000000 0.038044 0.000000 0.000109
2 0.489653 1.000000 0.048027 0.000000 0.000103
