2 0.060681 0.581890 0.121362 0.274486 0.963431
2 0.362646 0.425694 0.039110 0.174196 0.949357
2 0.950117 0.405829 0.042892 0.071738 0.928110
2 0.718683 0.336036 0.023951 0.060159 0.896823
2 0.298110 0.240762 0.037229 0.062318 0.878397
2 0.380232 0.253673 0.013287 0.047562 0.876004
2 0.412889 0.262771 0.013212 0.038490 0.856015
2 0.338494 0.258339 0.026811 0.050346 0.746823
2 0.820772 0.356454 0.026215 0.060951 0.698426
2 0.320006 0.248883 0.018156 0.060451 0.483266
2 0.328706 0.257984 0.012722 0.047032 0.000663
2 0.332073 0.262083 0.017173 0.042250 0.000261
2 0.177740 0.318608 0.029653 0.042331 0.000227
2 0.789364 0.337255 0.027219 0.072382 0.000166
2 0.508169 0.282996 0.017844 0.039462 0.000159
