2 0.270448 0.775575 0.154028 0.265316 0.963817
2 0.643181 0.502971 0.064367 0.131582 0.949822
1 0.145986 0.708006 0.291296 0.344343 0.909849
2 0.806526 0.396755 0.027306 0.069782 0.870103
0 0.896391 0.339162 0.008163 0.024959 0.120410
0 0.889382 0.336051 0.007481 0.028864 0.038374
0 0.421347 0.312964 0.004844 0.010529 0.020005
2 0.487243 0.675877 0.077668 0.141013 0.017437
0 0.890005 0.338127 0.005941 0.027993 0.008361
6 0.145094 0.709493 0.290187 0.344962 0.006538
0 0.422120 0.309707 0.005263 0.012810 0.002727
0 0.419003 0.311081 0.005520 0.010684 0.001353
0 0.651457 0.376423 0.012775 0.053539 0.000931
0 0.417771 0.309066 0.005631 0.012936 0.000901
2 0.487974 0.722738 0.079988 0.234467 0.000800
0 0.909167 0.341532 0.007204 0.042186 0.000797
3 0.145094 0.709493 0.290187 0.344962 0.000459
4 0.270362 0.775496 0.154245 0.265528 0.000417
4 0.671717 0.301481 0.008617 0.020038 0.000387
4 0.506087 0.307304 0.010003 0.012549 0.000381
4 0.764392 0.373195 0.012622 0.076500 0.000380
9 0.422120 0.309707 0.005263 0.012810 0.000337
3 0.270362 0.775496 0.154245 0.265528 0.000277
6 0.006853 0.743292 0.013075 0.077961 0.000240
0 0.765724 0.369329 0.011405 0.069177 0.000215
2 0.006853 0.743292 0.013075 0.077961 0.000212
0 0.270389 0.775455 0.154413 0.265634 0.000197
9 0.000166 0.778395 0.000332 0.132851 0.000195
11 0.145094 0.709493 0.290187 0.344962 0.000183
5 0.145094 0.709493 0.290187 0.344962 0.000177
0 0.530737 0.382202 0.013187 0.057309 0.000163
9 0.421347 0.312964 0.004844 0.010529 0.000162
0 0.421108 0.322883 0.004509 0.014494 0.000160
9 0.419003 0.311081 0.005520 0.010684 0.000150
0 0.145094 0.709493 0.290187 0.344962 0.000142
0 1.000000 0.383031 0.000000 0.173276 0.000139
6 0.007017 0.755638 0.013829 0.122820 0.000124
0 0.999397 0.560752 0.001205 0.160525 0.000123
2 0.145094 0.709493 0.290187 0.344962 0.000123
0 0.998081 0.388709 0.003838 0.163098 0.000119
4 0.655013 1.000000 0.051534 0.000000 0.000112
6 0.000328 0.835893 0.000656 0.128834 0.000108
6 0.270389 0.775455 0.154413 0.265634 0.000108
2 0.004602 0.749834 0.007908 0.065974 0.000104
0 0.417896 0.311743 0.005762 0.012334 0.000103
2 0.007017 0.755638 0.013829 0.122820 0.000102
0 0.909789 0.334817 0.007972 0.042356 0.000101
