2 0.268159 0.784154 0.159583 0.261588 0.945694
1 0.147888 0.710498 0.295502 0.320544 0.931570
2 0.826225 0.484645 0.043406 0.130403 0.931349
0 0.564589 0.400546 0.013550 0.052054 0.697559
0 0.887087 0.356454 0.009726 0.028183 0.149164
0 0.901602 0.355137 0.007364 0.027540 0.110470
0 0.885678 0.357760 0.010083 0.023979 0.031306
0 0.910215 0.358401 0.007402 0.039132 0.029151
2 0.808179 0.428289 0.027293 0.035386 0.021690
0 0.890396 0.357147 0.008604 0.025210 0.019651
0 0.900251 0.354901 0.007883 0.028925 0.008212
6 0.146878 0.711431 0.293757 0.322556 0.002936
9 0.673509 0.315835 0.011157 0.016311 0.002448
2 0.808182 0.415985 0.028362 0.060628 0.002402
0 0.906988 0.356559 0.005999 0.032175 0.001646
3 0.826221 0.271466 0.013193 0.039886 0.000949
0 0.422783 0.325440 0.005863 0.010639 0.000902
0 0.908751 0.361733 0.007762 0.044147 0.000516
4 0.268543 0.783322 0.159882 0.258382 0.000386
1 0.268016 0.783773 0.160134 0.260459 0.000333
9 0.000108 0.781615 0.000217 0.139888 0.000327
9 0.000105 0.682473 0.000210 0.128273 0.000292
3 0.146878 0.711431 0.293757 0.322556 0.000216
0 0.452267 0.373312 0.007746 0.031049 0.000202
6 0.007373 0.759661 0.014747 0.176933 0.000199
3 0.267869 0.784420 0.159880 0.261773 0.000198
6 0.000396 0.844470 0.000792 0.130531 0.000168
6 0.268349 0.782994 0.159459 0.260312 0.000166
6 0.000127 0.790376 0.000254 0.139005 0.000149
2 0.564707 0.400888 0.013663 0.052202 0.000146
4 0.623991 0.303010 0.006393 0.010145 0.000143
4 0.639792 0.403594 0.011805 0.029408 0.000141
5 0.146878 0.711431 0.293757 0.322556 0.000136
0 0.494067 0.401499 0.012851 0.064617 0.000136
11 0.146878 0.711431 0.293757 0.322556 0.000135
6 0.000339 0.812976 0.000679 0.135329 0.000125
9 0.000432 0.727487 0.000864 0.118448 0.000124
0 0.146878 0.711431 0.293757 0.322556 0.000123
4 0.243285 1.000000 0.060823 0.000000 0.000122
0 0.268242 0.783714 0.159410 0.261262 0.000121
6 0.007489 0.725399 0.014979 0.176827 0.000119
0 0.000000 0.644093 0.000000 0.234095 0.000116
1 0.556826 0.505622 0.100777 0.161654 0.000115
0 0.000108 0.781615 0.000217 0.139888 0.000109
2 0.804156 0.409354 0.037132 0.075804 0.000109
5 0.000172 0.674117 0.000345 0.120872 0.000106
6 0.000105 0.682473 0.000210 0.128273 0.000105
