6 0.929568 0.592104 0.059436 0.048918 0.909272
2 0.292695 0.812290 0.043452 0.032871 0.000476
6 0.850897 0.592739 0.016059 0.029746 0.000377
9 0.000106 0.516403 0.000211 0.091429 0.000189
0 0.178381 0.867887 0.022435 0.105814 0.000189
9 0.000071 0.489639 0.000141 0.087603 0.000177
4 0.988549 0.993446 0.022903 0.013109 0.000152
9 0.000111 0.475200 0.000222 0.080384 0.000148
9 0.000090 0.571976 0.000181 0.109944 0.000137
9 0.000127 0.538653 0.000253 0.081830 0.000117
9 0.000093 0.595833 0.000186 0.112209 0.000114
9 0.000115 0.460697 0.000230 0.080603 0.000113
4 0.995178 0.985969 0.009644 0.028062 0.000108
9 0.000096 0.445729 0.000192 0.093324 0.000104
4 0.998709 0.991215 0.002581 0.017570 0.000101
