5 0.618786 0.555445 0.079125 0.107626 0.948292
0 0.140977 0.528739 0.020042 0.096787 0.908186
0 0.282496 0.533267 0.020110 0.093934 0.907581
0 0.095829 0.521731 0.019563 0.097454 0.901923
0 0.922759 0.578610 0.009108 0.032051 0.851956
0 0.568550 0.556968 0.017640 0.070965 0.819600
0 0.271041 0.555649 0.009703 0.043168 0.592806
0 0.864876 0.579255 0.009634 0.029326 0.028623
0 0.865366 0.586150 0.010852 0.039697 0.001499
3 0.038357 0.636200 0.074841 0.092894 0.001329
0 0.171590 0.472608 0.009864 0.021288 0.001147
3 0.038333 0.607448 0.074810 0.035180 0.000833
3 0.038285 0.616171 0.074941 0.051974 0.000831
0 0.280026 0.518988 0.014789 0.064590 0.000335
8 0.002425 0.277630 0.004849 0.398859 0.000268
0 0.273537 0.549213 0.014308 0.057521 0.000259
0 0.165014 0.058161 0.010395 0.044301 0.000255
0 0.000000 0.575239 0.000000 0.288728 0.000246
8 0.003635 0.251610 0.007270 0.434780 0.000228
3 0.270885 0.555050 0.009498 0.042926 0.000180
0 0.120013 0.064836 0.021515 0.037628 0.000173
0 0.136212 0.061296 0.015729 0.041244 0.000168
0 0.920329 0.578649 0.010830 0.030700 0.000152
0 0.335506 0.542228 0.008669 0.018403 0.000141
5 0.270885 0.555050 0.009498 0.042926 0.000136
0 0.863994 0.582984 0.010706 0.037335 0.000135
9 1.000000 0.600007 0.000000 0.074830 0.000125
4 0.270885 0.555050 0.009498 0.042926 0.000111
9 1.000000 0.611015 0.000000 0.104931 0.000110
9 0.000053 0.560733 0.000107 0.090351 0.000110
3 0.037444 0.601368 0.074062 0.144369 0.000106
9 0.000079 0.543759 0.000157 0.108113 0.000105
0 0.140579 0.516174 0.018192 0.070066 0.000101
9 0.000242 0.507583 0.000483 0.072046 0.000101
