0 0.662836 0.490494 0.043175 0.088965 0.902885
1 0.665457 0.515150 0.092104 0.046924 0.818710
0 0.680711 0.474470 0.030463 0.065438 0.805471
0 0.247503 0.393565 0.005271 0.018119 0.699290
0 0.266205 0.388046 0.005058 0.012265 0.383918
1 0.671722 0.506453 0.078930 0.031508 0.350634
0 0.416674 0.367334 0.005448 0.016085 0.300320
1 0.655143 0.524689 0.070230 0.031419 0.171952
1 0.655226 0.507823 0.083313 0.030503 0.101234
0 0.313281 0.379116 0.006371 0.023129 0.095171
0 0.245893 0.394626 0.005794 0.016237 0.084024
1 0.627284 0.507007 0.032572 0.027832 0.038422
0 0.572691 0.368827 0.005238 0.012956 0.032696
0 0.650064 0.465998 0.014787 0.040812 0.022482
0 0.448926 0.366712 0.006359 0.019371 0.015224
0 0.279548 0.392519 0.005616 0.010289 0.014174
0 0.062278 0.434150 0.007976 0.013365 0.013264
1 0.682208 0.504040 0.055816 0.028812 0.010474
0 0.676101 0.472882 0.019793 0.061203 0.009120
0 0.312681 0.375342 0.007042 0.028301 0.009063
0 0.380679 0.378081 0.005916 0.010866 0.008486
0 0.241050 0.399475 0.004084 0.014533 0.005101
0 0.658735 0.510185 0.084484 0.040877 0.005018
1 0.641441 0.505765 0.061234 0.026974 0.004462
0 0.189217 0.426672 0.007432 0.017428 0.003820
9 0.167283 0.427088 0.006842 0.015744 0.003753
0 0.043821 0.441346 0.006941 0.011835 0.003491
0 0.447852 0.366310 0.005991 0.015506 0.002907
1 0.690204 0.504201 0.042889 0.026414 0.002512
0 0.193304 0.403394 0.006051 0.013466 0.002144
0 0.379737 0.379122 0.005668 0.013352 0.001505
0 0.653752 0.493531 0.066665 0.082533 0.001496
0 0.158176 0.409771 0.005239 0.012827 0.001482
1 0.652937 0.502327 0.087997 0.032272 0.001472
0 0.597031 0.370616 0.006573 0.010650 0.001400
0 0.266788 0.385516 0.006253 0.018199 0.001212
0 0.450185 0.366393 0.006863 0.015903 0.000965
0 0.416795 0.374622 0.005708 0.021537 0.000930
0 0.266269 0.394172 0.006610 0.018315 0.000919
1 0.680316 0.508213 0.131139 0.055312 0.000918
1 0.017048 0.457905 0.032831 0.011384 0.000862
0 0.185042 0.408038 0.006085 0.012063 0.000849
0 0.280632 0.396447 0.006821 0.012803 0.000836
1 0.608458 0.369787 0.019166 0.014555 0.000830
1 0.597031 0.370616 0.006573 0.010650 0.000797
1 0.681967 0.474912 0.033428 0.068192 0.000695
0 0.194789 0.402390 0.007478 0.016473 0.000684
0 0.328983 0.410345 0.007659 0.016689 0.000680
0 0.191675 0.404967 0.006464 0.015144 0.000678
0 0.575722 0.369726 0.006495 0.011711 0.000668
0 0.242721 0.396162 0.005180 0.013883 0.000607
0 0.309638 0.407717 0.008054 0.015614 0.000600
0 0.209252 0.402907 0.006255 0.012642 0.000592
9 0.000000 0.478809 0.000000 0.086099 0.000573
9 0.000000 0.467195 0.000000 0.064135 0.000492
3 0.654591 0.507077 0.090327 0.029407 0.000490
1 0.652080 0.519535 0.067459 0.034786 0.000488
9 0.000000 0.454867 0.000000 0.050261 0.000471
1 0.320924 0.419534 0.121435 0.043451 0.000463
1 0.668213 0.508354 0.089422 0.041109 0.000460
1 0.664967 0.506134 0.081909 0.063518 0.000454
0 0.447668 0.363140 0.006309 0.014554 0.000450
0 0.302477 0.379767 0.005973 0.026842 0.000427
9 0.000030 0.424877 0.000060 0.062878 0.000423
1 0.617029 0.368945 0.027779 0.017146 0.000398
1 0.663300 0.489617 0.099244 0.094515 0.000379
0 0.500315 0.378901 0.007603 0.014518 0.000373
6 0.419883 0.364546 0.007772 0.013786 0.000352
0 0.396682 0.374004 0.005118 0.015903 0.000344
0 0.202403 0.402631 0.005814 0.013447 0.000335
9 0.000000 0.441426 0.000000 0.060381 0.000314
0 0.251073 0.393253 0.005684 0.015425 0.000310
0 0.320519 0.387894 0.005666 0.015111 0.000301
0 0.265703 0.380744 0.005496 0.024556 0.000294
0 0.188809 0.422580 0.007412 0.017997 0.000285
1 0.682739 0.477142 0.046420 0.072780 0.000263
9 0.000083 0.399166 0.000167 0.065289 0.000261
0 0.434450 0.362375 0.006094 0.013361 0.000258
0 0.000000 0.439020 0.000000 0.193510 0.000249
5 0.654591 0.507077 0.090327 0.029407 0.000249
9 0.309638 0.407717 0.008054 0.015614 0.000248
1 0.623380 0.499932 0.031338 0.020980 0.000247
1 0.669475 0.492585 0.081101 0.049176 0.000243
0 0.341285 0.411818 0.006891 0.013499 0.000239
9 0.000162 0.413267 0.000323 0.055378 0.000234
9 0.000000 0.498392 0.000000 0.105848 0.000220
3 0.655143 0.524689 0.070230 0.031419 0.000207
0 0.299052 0.383662 0.006655 0.018790 0.000206
1 0.645582 0.506397 0.145829 0.046492 0.000202
0 0.270278 0.389769 0.007623 0.013050 0.000194
5 0.654971 0.523452 0.069629 0.030983 0.000193
9 0.000031 0.381517 0.000062 0.065115 0.000192
0 0.255771 0.145855 0.511541 0.291709 0.000189
0 0.282459 0.393537 0.006097 0.010370 0.000183
0 0.190560 0.423444 0.008874 0.017334 0.000178
0 0.206030 0.402171 0.007524 0.013379 0.000169
1 0.664650 0.521917 0.095112 0.065331 0.000161
0 0.223014 0.585265 0.326210 0.563539 0.000156
1 0.650750 0.495951 0.079467 0.052792 0.000154
0 0.217073 0.288019 0.434146 0.570759 0.000153
