0 0.560104 0.469895 0.069350 0.302550 0.955430
0 0.481062 0.480224 0.053370 0.285455 0.939266
0 0.440520 0.529959 0.042086 0.166845 0.937044
0 0.425169 0.492200 0.028002 0.145761 0.322887
3 0.593699 0.514137 0.036325 0.173710 0.168241
3 0.591837 0.508717 0.030509 0.138939 0.019592
0 0.593465 0.512380 0.036076 0.166794 0.011780
5 0.593159 0.513354 0.035174 0.170520 0.009101
2 0.425472 0.481418 0.027393 0.124142 0.001886
2 0.425643 0.515982 0.028189 0.193463 0.001430
9 0.425368 0.488460 0.027724 0.137604 0.001052
2 0.593465 0.512380 0.036076 0.166794 0.000775
1 0.425578 0.498156 0.027693 0.156596 0.000245
4 0.115835 0.980758 0.009636 0.018759 0.000233
0 0.516934 0.526338 0.030454 0.163583 0.000230
8 0.001745 0.174474 0.003489 0.324131 0.000215
8 0.001567 0.110900 0.003133 0.221800 0.000208
3 0.425578 0.498156 0.027693 0.156596 0.000188
8 0.842417 0.989685 0.016535 0.020630 0.000187
4 0.994708 0.986784 0.010584 0.026432 0.000132
4 0.987267 0.992055 0.025466 0.015890 0.000120
8 0.414268 1.000000 0.053839 0.000000 0.000106
2 0.989046 0.819996 0.018567 0.130105 0.000103
