3 0.934933 0.760813 0.130002 0.474651 0.963406
3 0.886446 0.617785 0.124183 0.226085 0.961834
3 0.711117 0.711962 0.128298 0.398296 0.960649
3 0.045742 0.615605 0.091485 0.763774 0.955583
0 0.700898 0.545699 0.103463 0.331511 0.942412
3 0.976712 0.629788 0.046575 0.248279 0.941131
3 0.824929 0.631178 0.033696 0.122219 0.931459
3 0.641380 0.639855 0.045045 0.143961 0.925321
0 0.425334 0.496670 0.348637 0.981401 0.917343
3 0.569821 0.640900 0.051586 0.149472 0.911886
3 0.787553 0.638579 0.022075 0.121673 0.907924
3 0.052523 0.631949 0.075753 0.438110 0.904962
3 0.661358 0.641998 0.070015 0.239843 0.120052
3 0.658334 0.629683 0.067566 0.176761 0.021492
3 0.676052 0.643397 0.066681 0.249149 0.021198
3 0.056208 0.580852 0.069114 0.337119 0.003913
3 0.662152 0.673876 0.092272 0.228846 0.003116
3 0.651228 0.654467 0.069156 0.164665 0.002131
0 0.942400 0.501710 0.115200 0.965113 0.001792
3 0.682425 0.685315 0.078235 0.355139 0.000785
3 0.786868 0.597945 0.018433 0.158627 0.000707
3 0.048300 0.673851 0.080275 0.296313 0.000533
3 0.046481 0.607137 0.091604 0.531444 0.000474
3 0.584681 0.635432 0.022183 0.134054 0.000387
3 0.037876 0.638583 0.075751 0.099735 0.000267
0 0.787444 0.638715 0.021656 0.122697 0.000252
3 0.648582 0.645388 0.090023 0.277759 0.000227
3 0.025120 0.624069 0.049744 0.479201 0.000202
4 0.641239 0.640605 0.044922 0.142500 0.000174
4 0.825192 0.632547 0.033939 0.122416 0.000170
5 0.825062 0.630431 0.032881 0.121740 0.000170
0 0.072407 0.608897 0.144813 0.756502 0.000168
3 0.000000 0.638559 0.000000 0.348291 0.000151
0 0.934825 0.761936 0.130351 0.471810 0.000145
3 0.018893 0.686452 0.037007 0.327978 0.000134
6 0.378846 1.000000 0.047745 0.000000 0.000131
3 0.016555 0.604395 0.032661 0.527959 0.000122
0 0.825062 0.630431 0.032881 0.121740 0.000114
8 0.085571 1.000000 0.052404 0.000000 0.000109
