0 0.413996 0.700312 0.166436 0.595883 0.959584
0 0.845488 0.663910 0.125530 0.643513 0.898846
0 0.530613 0.668796 0.083284 0.456130 0.889436
3 0.535266 0.786830 0.516458 0.421406 0.499345
2 0.912783 0.610675 0.076728 0.158749 0.128811
3 0.584311 0.819720 0.452951 0.356905 0.082009
2 0.596157 0.819576 0.420254 0.357824 0.079865
2 0.535266 0.786830 0.516458 0.421406 0.001735
0 0.867239 0.521121 0.168118 0.347950 0.001672
9 0.000000 0.595434 0.000000 0.058187 0.001509
9 0.000000 0.588149 0.000000 0.061795 0.001016
9 0.000000 0.565429 0.000000 0.047985 0.000588
9 0.000000 0.578515 0.000000 0.053695 0.000580
0 0.596157 0.819576 0.420254 0.357824 0.000532
5 0.701085 0.967628 0.187608 0.064744 0.000531
2 0.903232 0.529259 0.097023 0.324799 0.000520
2 0.897206 0.573623 0.112351 0.234113 0.000388
9 0.000036 0.610523 0.000071 0.075919 0.000311
0 0.393451 0.771298 0.112512 0.377847 0.000311
9 0.000101 0.627778 0.000203 0.077629 0.000310
0 0.888103 0.665741 0.214147 0.634034 0.000310
6 0.912613 0.612202 0.074684 0.156705 0.000289
5 0.526009 0.814162 0.533065 0.368714 0.000287
5 0.912606 0.610097 0.075748 0.161231 0.000264
9 0.000049 0.910897 0.000099 0.138039 0.000250
0 0.000000 0.614777 0.000000 0.207202 0.000234
0 0.000000 0.522834 0.000000 0.345581 0.000234
9 0.005083 0.591855 0.009469 0.064245 0.000203
6 0.867842 0.518771 0.167281 0.349516 0.000199
9 0.000000 0.446621 0.000000 0.085943 0.000195
9 0.000000 0.970713 0.000000 0.058575 0.000190
4 0.001432 0.517031 0.002864 0.447885 0.000188
9 0.000000 0.639051 0.000000 0.268352 0.000177
9 0.000062 0.641811 0.000124 0.090388 0.000175
9 0.000000 0.462739 0.000000 0.095705 0.000171
9 0.000000 0.543541 0.000000 0.047532 0.000171
2 0.867842 0.518771 0.167281 0.349516 0.000169
9 0.000000 0.692333 0.000000 0.096289 0.000152
5 0.585032 0.772870 0.413868 0.454259 0.000141
9 0.000000 0.809063 0.000000 0.116471 0.000137
9 0.000000 0.719202 0.000000 0.083073 0.000129
4 0.001943 0.632927 0.003885 0.260217 0.000128
4 0.001992 0.583383 0.003984 0.290661 0.000126
9 0.000000 0.666209 0.000000 0.107270 0.000123
9 0.994168 0.732377 0.011553 0.176610 0.000119
9 0.000079 0.386801 0.000158 0.096115 0.000116
9 0.000000 0.527571 0.000000 0.060763 0.000115
4 0.994713 0.702862 0.009370 0.115897 0.000110
4 0.751708 0.000000 0.043997 0.000000 0.000110
0 0.000000 0.580658 0.000000 0.164949 0.000106
9 0.004553 0.606113 0.009106 0.094435 0.000104
9 0.000095 0.402430 0.000190 0.074320 0.000104
6 0.530231 0.818088 0.529200 0.361634 0.000101
9 0.004719 0.623367 0.008624 0.057502 0.000100
