10 0.789477 0.037757 0.084757 0.071777 0.940341
10 0.330513 0.163606 0.074075 0.069224 0.935586
2 0.148395 0.271151 0.031799 0.111523 0.003469
10 0.575521 0.762142 0.038518 0.046614 0.002075
10 0.668416 0.652719 0.031528 0.039116 0.001410
8 0.789371 0.037849 0.084791 0.071532 0.000390
0 0.318579 0.894715 0.051910 0.131483 0.000212
8 0.148409 0.274543 0.029904 0.110597 0.000154
0 0.159603 0.050905 0.016148 0.043932 0.000128
2 0.091982 0.227721 0.055165 0.082253 0.000116
8 0.797249 0.000000 0.061174 0.000000 0.000106
