11 0.603856 0.437724 0.246599 0.244921 0.958208
8 0.890563 0.243366 0.011848 0.054302 0.477720
11 0.696977 0.366659 0.147910 0.103120 0.300319
11 0.683260 0.343516 0.176982 0.156355 0.047421
11 0.696309 0.323602 0.161673 0.201317 0.010915
6 0.953275 0.206878 0.045791 0.041736 0.002322
4 0.890587 0.243245 0.011609 0.054446 0.001423
11 0.669556 0.364053 0.189539 0.113913 0.000968
6 0.936114 0.206002 0.080047 0.044712 0.000641
6 0.992237 0.364406 0.015525 0.264574 0.000308
4 0.365430 0.421101 0.020208 0.060371 0.000259
8 0.997185 0.139520 0.005265 0.015039 0.000248
4 0.726966 0.109636 0.036326 0.211282 0.000203
5 0.890587 0.243245 0.011609 0.054446 0.000200
11 0.408208 0.354692 0.320263 0.609443 0.000195
2 0.890543 0.243407 0.011877 0.054375 0.000188
0 0.890336 0.243141 0.011649 0.053261 0.000181
6 0.990899 0.414719 0.018201 0.323521 0.000178
11 0.658662 0.312602 0.227359 0.224761 0.000170
6 0.989693 0.263587 0.020614 0.172808 0.000158
6 0.999618 0.198980 0.000764 0.094568 0.000119
6 0.990951 0.286472 0.018097 0.176263 0.000117
8 0.997296 0.131949 0.005409 0.030814 0.000116
9 0.992222 0.343095 0.015555 0.235613 0.000115
4 0.603904 0.437378 0.246129 0.244975 0.000113
4 0.273963 1.000000 0.046104 0.000000 0.000109
5 0.696622 0.367342 0.146982 0.103897 0.000108
6 0.992502 0.324935 0.014995 0.198530 0.000102
