2 0.578006 0.654445 0.072616 0.086809 0.946065
2 0.975799 0.622377 0.048075 0.066597 0.931705
2 0.323901 0.597012 0.051192 0.067551 0.916606
2 0.057182 0.537315 0.049962 0.063663 0.602401
2 0.296993 0.592873 0.104923 0.077439 0.033079
2 0.270920 0.575088 0.052902 0.044267 0.000935
8 0.451142 0.293521 0.014447 0.071542 0.000829
2 0.277757 0.582440 0.066650 0.059025 0.000590
1 0.993667 0.443206 0.012665 0.153698 0.000286
1 0.992943 0.418661 0.014113 0.143548 0.000275
2 1.000000 0.739042 0.000000 0.115353 0.000263
2 0.070640 0.535370 0.077293 0.065998 0.000233
9 1.000000 0.484963 0.000000 0.139164 0.000220
9 0.000093 0.403594 0.000185 0.078092 0.000209
9 0.000037 0.388250 0.000074 0.067063 0.000202
9 0.000077 0.419429 0.000155 0.086363 0.000181
9 0.000040 0.344062 0.000081 0.072256 0.000163
0 0.675091 0.689822 0.016790 0.078583 0.000163
2 0.000000 0.559794 0.000000 0.085631 0.000151
8 0.845426 0.297817 0.016121 0.080911 0.000144
2 0.262489 0.574888 0.036171 0.043199 0.000144
9 0.000165 0.437951 0.000330 0.090724 0.000143
0 0.009534 0.395206 0.019068 0.127353 0.000142
0 0.000000 0.476264 0.000000 0.193543 0.000137
0 0.000000 0.407312 0.000000 0.185996 0.000136
2 0.001328 0.551717 0.002656 0.195963 0.000134
2 0.992245 0.859275 0.015510 0.260816 0.000125
9 1.000000 0.459186 0.000000 0.117051 0.000118
9 0.000029 0.328686 0.000058 0.064095 0.000111
9 0.000000 0.489498 0.000000 0.086899 0.000110
