10 0.312371 0.439958 0.161464 0.106438 0.877121
0 0.643987 0.685991 0.014287 0.039757 0.360783
10 0.263373 0.455060 0.063231 0.074360 0.002726
10 0.347182 0.435836 0.091383 0.100801 0.001249
0 0.823131 0.668821 0.013746 0.056675 0.000469
10 0.740001 0.408797 0.032814 0.039963 0.000349
10 0.404913 0.376027 0.034730 0.030968 0.000226
4 0.312452 0.438678 0.161577 0.106826 0.000156
10 0.578718 0.420708 0.044359 0.054701 0.000150
10 0.408470 0.378918 0.036495 0.030667 0.000145
10 0.542281 0.348034 0.021216 0.029354 0.000104
10 0.744479 0.402440 0.041101 0.045792 0.000101
