10 0.529747 0.560079 0.110293 0.076799 0.912755
6 0.504596 0.680466 0.081680 0.067080 0.881593
8 0.509318 0.452067 0.044680 0.317277 0.867883
6 0.837150 0.660364 0.053647 0.055006 0.863569
4 0.163331 0.670973 0.026270 0.051441 0.856071
8 0.761199 0.504003 0.029197 0.194748 0.835774
8 0.753908 0.506375 0.026715 0.180950 0.016644
10 0.421122 0.693626 0.076181 0.051255 0.001394
8 0.766740 0.505075 0.031877 0.192529 0.001106
8 0.772890 0.508757 0.033832 0.190563 0.001032
8 0.502579 0.448190 0.035814 0.240557 0.000672
8 0.789274 0.510356 0.032631 0.180486 0.000561
8 0.780848 0.509773 0.033003 0.185028 0.000540
8 0.760426 0.515255 0.025151 0.156859 0.000462
8 0.794753 0.511464 0.031635 0.176161 0.000170
8 0.509440 0.445671 0.035052 0.251255 0.000167
8 0.651819 0.515243 0.035911 0.192276 0.000106
