0 0.854794 0.317462 0.127633 0.478487 0.965031
0 0.448926 0.313735 0.041101 0.218544 0.946527
0 0.692797 0.275650 0.030397 0.133054 0.940438
0 0.796434 0.275061 0.042808 0.195228 0.927003
0 0.296687 0.357100 0.072892 0.170600 0.922031
0 0.395474 0.310939 0.011123 0.046984 0.885131
0 0.382844 0.305235 0.016943 0.049425 0.826085
3 0.756477 0.317994 0.067760 0.114819 0.287619
9 0.095845 0.399590 0.043378 0.099984 0.183310
6 0.756538 0.318641 0.068338 0.113859 0.126114
8 0.163548 0.253601 0.017813 0.130936 0.060130
3 0.313792 0.375656 0.061075 0.130998 0.059394
8 0.069204 0.283740 0.038501 0.328675 0.008588
4 0.312722 0.377530 0.061102 0.125704 0.005696
8 0.163408 0.280258 0.017443 0.177745 0.002887
0 0.313440 0.364311 0.062247 0.149478 0.002845
0 0.231379 0.337850 0.014927 0.062257 0.001319
6 0.690343 0.239395 0.018903 0.058466 0.000904
8 0.067194 0.269507 0.028203 0.302666 0.000758
6 0.382874 0.305191 0.016934 0.049266 0.000723
0 0.688295 0.241435 0.018147 0.062042 0.000485
9 0.000004 0.445893 0.000007 0.077258 0.000321
4 0.095668 0.399294 0.043463 0.099847 0.000200
6 0.313696 0.364328 0.063131 0.150179 0.000185
0 0.691434 0.238440 0.021673 0.056874 0.000182
9 0.251728 0.341712 0.007035 0.020270 0.000181
9 0.756468 0.318227 0.068233 0.114362 0.000175
0 0.106975 0.313302 0.008668 0.015205 0.000167
3 0.756027 0.334647 0.066790 0.078892 0.000162
9 0.000076 0.463537 0.000152 0.087032 0.000153
9 0.230237 0.339654 0.017162 0.057375 0.000152
5 0.313696 0.364328 0.063131 0.150179 0.000150
2 0.748997 0.761729 0.021345 0.052609 0.000141
3 0.298050 0.357388 0.073301 0.168362 0.000132
2 0.382778 0.305146 0.016677 0.049516 0.000131
8 0.382836 0.305213 0.016919 0.049086 0.000130
