4 0.441947 0.481134 0.095134 0.340432 0.961418
4 0.565710 0.500875 0.115047 0.998250 0.903895
0 0.248679 0.496129 0.015636 0.071318 0.846121
0 0.238977 0.505657 0.014971 0.056927 0.842964
0 0.865823 0.684210 0.032799 0.120541 0.070403
0 0.249362 0.503634 0.013403 0.057874 0.011225
0 0.846478 0.692215 0.028466 0.116974 0.008968
6 0.846478 0.692215 0.028466 0.116974 0.001451
9 0.000010 0.469321 0.000019 0.104013 0.000978
9 0.000041 0.551926 0.000082 0.076735 0.000969
0 0.243894 0.496854 0.017117 0.069385 0.000902
9 0.000021 0.561124 0.000042 0.091411 0.000826
9 0.000055 0.577855 0.000110 0.099457 0.000577
9 0.000150 0.523361 0.000300 0.045066 0.000553
9 0.000107 0.533727 0.000213 0.052903 0.000534
4 0.385860 0.494843 0.018849 0.332111 0.000508
4 0.388079 0.483522 0.026942 0.344175 0.000456
9 0.000174 0.636681 0.000348 0.110930 0.000411
9 0.000275 0.513070 0.000550 0.043766 0.000393
0 0.803130 0.689657 0.016689 0.095857 0.000381
9 0.000143 0.609573 0.000287 0.102506 0.000332
6 0.865823 0.684210 0.032799 0.120541 0.000332
4 0.349334 0.496940 0.124051 0.951843 0.000308
4 0.348231 0.346952 0.109762 0.646769 0.000294
9 0.000287 0.503747 0.000574 0.051070 0.000214
2 0.865823 0.684210 0.032799 0.120541 0.000213
9 0.000179 0.440128 0.000359 0.073682 0.000199
9 0.000205 0.493679 0.000410 0.063633 0.000198
4 0.396014 0.493601 0.038155 0.334236 0.000184
2 0.846478 0.692215 0.028466 0.116974 0.000180
9 0.000127 0.655132 0.000254 0.110778 0.000175
4 0.985720 1.000000 0.028560 0.000000 0.000160
4 0.986253 0.000000 0.027494 0.000000 0.000147
4 0.675692 0.495556 0.245063 0.987600 0.000142
8 0.846478 0.692215 0.028466 0.116974 0.000116
0 0.000000 0.527418 0.000000 0.261269 0.000108
