9 0.695765 0.474963 0.060928 0.122693 0.955647
0 0.869525 0.391631 0.029340 0.130229 0.936874
0 0.584997 0.419190 0.025554 0.131063 0.928312
0 0.497070 0.448889 0.021733 0.141433 0.926005
3 0.641617 0.437683 0.039497 0.041624 0.890998
0 0.994380 0.357386 0.011096 0.094924 0.823765
0 0.977768 0.376146 0.020658 0.060561 0.733640
2 0.994467 0.356559 0.010831 0.096500 0.000202
6 0.641636 0.437686 0.039721 0.041640 0.000173
6 0.994467 0.356559 0.010831 0.096500 0.000172
9 0.641851 0.437545 0.039164 0.043115 0.000161
0 1.000000 0.377281 0.000000 0.131158 0.000159
0 0.104856 0.797595 0.013293 0.068440 0.000140
6 0.999839 0.356510 0.000322 0.089175 0.000132
2 0.641843 0.437619 0.038865 0.042748 0.000120
5 0.403142 0.149341 0.017988 0.027859 0.000115
8 0.695880 0.474956 0.060670 0.123046 0.000112
4 0.695880 0.474956 0.060670 0.123046 0.000112
