0 0.588116 0.430390 0.096721 0.314612 0.957285
0 0.819773 0.363504 0.045678 0.159225 0.953173
0 0.468417 0.472253 0.045860 0.127384 0.949342
0 0.442348 0.484060 0.058019 0.132459 0.943843
5 0.355654 0.408784 0.048680 0.132611 0.932518
0 0.286899 0.397596 0.046484 0.147038 0.922564
0 0.701576 0.311461 0.027192 0.155409 0.921504
5 0.019526 0.475130 0.019868 0.050366 0.912943
0 0.944515 0.269419 0.022480 0.067238 0.906433
0 0.651074 0.320475 0.022501 0.150538 0.904214
0 0.763746 0.315978 0.015334 0.061035 0.903638
0 0.170629 0.390475 0.013942 0.062620 0.902433
5 0.036508 0.473263 0.020595 0.045962 0.889943
0 0.676769 0.307824 0.033594 0.168087 0.883767
0 0.421049 0.287899 0.012416 0.051195 0.880737
0 0.166359 0.349481 0.011747 0.054560 0.877192
5 0.058231 0.468196 0.017399 0.049274 0.876776
5 0.945512 0.294577 0.037709 0.042645 0.873067
5 0.485284 0.381322 0.018936 0.046259 0.872610
0 0.124469 0.451457 0.012081 0.037552 0.870544
0 0.413197 0.347787 0.013418 0.062873 0.867030
5 0.077354 0.465993 0.016290 0.047142 0.865290
0 0.258254 0.413126 0.012992 0.075686 0.838872
0 0.611456 0.347053 0.011251 0.062213 0.836075
0 0.361202 0.328617 0.011134 0.054213 0.832264
0 0.598320 0.351086 0.012568 0.060122 0.819990
0 0.311152 0.382900 0.026811 0.157964 0.784534
0 0.266544 0.406976 0.011408 0.082228 0.766476
0 0.789993 0.325255 0.012659 0.032531 0.743339
0 0.994188 0.251635 0.011625 0.099367 0.700060
0 0.371609 0.337988 0.011716 0.064229 0.651178
5 0.005151 0.483597 0.010303 0.024350 0.551483
5 0.992845 0.284889 0.014310 0.056061 0.514128
0 0.359474 0.383653 0.011464 0.080163 0.398481
0 0.349267 0.393568 0.011946 0.058334 0.086351
0 0.592805 0.350811 0.010853 0.059664 0.065605
5 0.993445 0.263189 0.013110 0.091059 0.057147
0 0.168873 0.353952 0.013690 0.058200 0.056257
0 0.269238 0.407107 0.008787 0.072560 0.052756
0 0.311039 0.325009 0.011853 0.045118 0.047191
0 0.349161 0.390733 0.014712 0.071185 0.040107
0 0.590518 0.350579 0.008782 0.058356 0.022100
0 0.668945 0.307916 0.019349 0.165106 0.021979
5 0.789756 0.324786 0.012857 0.032879 0.020895
0 0.595309 0.351206 0.013278 0.059858 0.017695
0 0.609558 0.348174 0.008755 0.058452 0.017111
0 0.372252 0.321941 0.011316 0.039717 0.011306
0 0.352064 0.393365 0.010105 0.062722 0.007736
0 0.267727 0.413074 0.010326 0.102752 0.006805
0 0.602080 0.350848 0.009516 0.057154 0.006387
0 0.255476 0.345216 0.008693 0.027874 0.006069
0 0.363787 0.333958 0.011377 0.054977 0.006019
0 0.992877 0.224612 0.014245 0.157241 0.004696
0 0.311010 0.334260 0.013211 0.063777 0.003835
5 0.000000 0.478998 0.000000 0.028379 0.002593
6 0.004821 0.483273 0.009143 0.024600 0.002496
0 0.303302 0.410243 0.017952 0.107025 0.002393
0 0.995867 0.243075 0.008267 0.091351 0.002314
0 0.300856 0.328476 0.010536 0.031046 0.001991
0 0.798706 0.325124 0.008306 0.034109 0.001872
5 0.000000 0.484077 0.000000 0.027469 0.001776
0 0.999448 0.254014 0.001104 0.097223 0.001654
5 0.000000 0.489080 0.000000 0.117051 0.001546
9 0.000000 0.500958 0.000000 0.054848 0.001503
9 0.005577 0.498957 0.010482 0.058046 0.001374
0 0.169248 0.369233 0.014844 0.033968 0.001223
0 0.589965 0.323141 0.006788 0.021232 0.001166
0 0.300025 0.403602 0.019144 0.119656 0.000995
0 0.271124 0.409982 0.010585 0.089907 0.000943
3 0.004821 0.483273 0.009143 0.024600 0.000883
0 0.354805 0.387594 0.014369 0.073857 0.000620
0 0.407858 0.295325 0.010270 0.036246 0.000568
5 0.000000 0.385284 0.000000 0.045325 0.000538
9 0.000087 0.505937 0.000174 0.080744 0.000508
0 0.000000 0.412807 0.000000 0.210541 0.000507
5 0.000000 0.394568 0.000000 0.045816 0.000482
5 0.000000 0.463004 0.000000 0.127034 0.000482
9 0.005094 0.484100 0.009635 0.026586 0.000476
0 0.274544 0.334140 0.007198 0.037189 0.000474
5 0.005408 0.499158 0.010714 0.057926 0.000471
0 0.366652 0.345529 0.008691 0.051443 0.000465
0 0.263354 0.407181 0.013015 0.078791 0.000456
0 0.274278 0.393945 0.014103 0.066196 0.000444
0 0.412403 0.335114 0.009552 0.039918 0.000426
5 0.927245 0.289973 0.011385 0.038185 0.000426
4 0.004821 0.483273 0.009143 0.024600 0.000394
5 0.000000 0.489615 0.000000 0.032544 0.000393
5 0.000000 0.427647 0.000000 0.191385 0.000316
6 0.057879 0.468254 0.017603 0.048873 0.000303
5 0.000000 0.512278 0.000000 0.206129 0.000300
0 0.277568 0.381175 0.018643 0.110215 0.000296
2 0.355682 0.408758 0.048500 0.132308 0.000289
5 0.610006 0.349192 0.009104 0.058386 0.000279
5 0.000000 0.466443 0.000000 0.034733 0.000270
0 0.371997 0.337760 0.015857 0.073080 0.000241
0 0.057879 0.468254 0.017603 0.048873 0.000237
5 0.006097 0.476802 0.012194 0.037888 0.000234
5 0.050669 0.465142 0.017099 0.039991 0.000221
6 0.588235 0.431274 0.096653 0.313560 0.000211
0 0.000000 0.512278 0.000000 0.206129 0.000207
