0 0.564001 0.459603 0.046934 0.221554 0.950088
8 0.695721 0.315440 0.055098 0.408115 0.920812
5 0.425464 0.420912 0.025226 0.041919 0.900746
8 0.017582 0.403561 0.019982 0.047329 0.872490
9 0.000000 0.603152 0.000000 0.077301 0.003038
9 0.000269 0.588634 0.000538 0.075099 0.002093
7 0.011422 0.452816 0.021237 0.046187 0.001218
5 0.000101 0.545312 0.000202 0.065181 0.001092
9 0.000296 0.570425 0.000593 0.106981 0.000947
4 0.313749 0.348823 0.059363 0.393753 0.000703
5 0.000054 0.533254 0.000108 0.053889 0.000592
2 0.017464 0.403604 0.020053 0.047906 0.000564
0 0.017464 0.403604 0.020053 0.047906 0.000536
9 0.000101 0.545312 0.000202 0.065181 0.000514
5 0.000134 0.566237 0.000269 0.103001 0.000461
0 0.011456 0.511920 0.022708 0.239647 0.000299
9 0.000054 0.533254 0.000108 0.053889 0.000299
7 0.009004 0.454487 0.016568 0.058537 0.000287
9 0.000027 0.627838 0.000053 0.123506 0.000285
2 0.530492 0.838467 0.013336 0.024041 0.000285
0 0.696132 0.316026 0.054016 0.407628 0.000249
0 0.009754 0.434249 0.019507 0.145025 0.000212
2 0.517369 0.862728 0.038966 0.065156 0.000209
0 0.000000 0.524240 0.000000 0.223454 0.000186
4 0.017637 0.403181 0.020413 0.048054 0.000177
6 0.017464 0.403604 0.020053 0.047906 0.000171
5 0.000000 0.603152 0.000000 0.077301 0.000152
7 0.017593 0.403241 0.020413 0.048103 0.000150
4 0.696475 0.316613 0.054548 0.408524 0.000146
4 0.987924 0.999089 0.024152 0.001822 0.000137
2 0.696475 0.316613 0.054548 0.408524 0.000115
6 0.016986 0.580287 0.033972 0.123913 0.000113
4 0.990845 0.994323 0.018309 0.011353 0.000112
3 0.696475 0.316613 0.054548 0.408524 0.000110
0 0.000000 0.608946 0.000000 0.196175 0.000106
