2 0.423938 0.654748 0.049781 0.091051 0.929870
2 0.291881 0.616331 0.035256 0.091911 0.922799
2 0.237722 0.605142 0.035572 0.056226 0.903246
2 0.733027 0.117148 0.016722 0.024202 0.018489
2 0.221519 0.609193 0.005859 0.050397 0.001103
0 0.268280 0.886977 0.467206 0.226046 0.000347
0 0.685747 0.867590 0.255906 0.264821 0.000337
10 0.732672 0.116368 0.015950 0.025308 0.000315
9 0.000067 0.448412 0.000135 0.088733 0.000257
10 0.876477 0.227454 0.016782 0.027973 0.000208
9 0.000000 0.555464 0.000000 0.074141 0.000191
2 0.973531 1.000000 0.031517 0.000000 0.000184
0 0.603151 0.866399 0.158162 0.267202 0.000181
8 0.032115 0.000261 0.028265 0.000522 0.000162
0 0.710536 0.869271 0.180154 0.261458 0.000146
7 0.622696 0.824690 0.007835 0.017467 0.000134
8 0.025928 0.000368 0.027967 0.000736 0.000125
0 0.452729 0.194491 0.369555 0.388983 0.000125
8 0.037147 0.000000 0.029753 0.000000 0.000125
9 0.326477 0.369825 0.013731 0.028100 0.000119
9 0.000111 0.458752 0.000221 0.098424 0.000117
9 0.000000 0.570042 0.000000 0.093197 0.000114
