10 0.490333 0.146583 0.132460 0.107915 0.929488
10 0.793200 0.559038 0.167681 0.100048 0.906113
8 0.760827 0.503139 0.032142 0.196364 0.885469
6 0.502834 0.680716 0.085595 0.066770 0.879058
8 0.512730 0.455117 0.041627 0.321385 0.874723
10 0.324889 0.593112 0.062796 0.051425 0.858285
4 0.163616 0.674420 0.024783 0.045987 0.848650
6 0.838747 0.660751 0.052110 0.051942 0.839698
8 0.755415 0.503555 0.031448 0.185729 0.015717
10 0.414755 0.694381 0.063094 0.051016 0.004156
0 0.957865 0.655944 0.015913 0.051079 0.001402
10 0.489037 0.696163 0.035429 0.034990 0.001245
10 0.407586 0.695036 0.048078 0.046302 0.000446
10 0.482329 0.697052 0.026001 0.031299 0.000180
10 0.424653 0.696872 0.058395 0.058606 0.000168
8 0.501980 0.442869 0.040585 0.250105 0.000159
10 0.760868 0.503636 0.032198 0.197430 0.000152
10 0.484374 0.701004 0.040376 0.047017 0.000132
7 0.193797 0.238839 0.013739 0.030255 0.000130
5 0.792862 0.558563 0.167776 0.099230 0.000116
10 0.820545 0.563231 0.111184 0.088297 0.000116
0 0.995427 0.656447 0.009146 0.054843 0.000109
10 0.840692 0.565402 0.071127 0.084475 0.000105
3 0.307040 0.920344 0.138374 0.155006 0.000100
