8 0.268666 0.382463 0.056449 0.302258 0.960449
4 0.496264 0.480800 0.051911 0.383448 0.951458
0 0.337893 0.496645 0.012021 0.050527 0.832180
5 0.337398 0.508307 0.009734 0.032760 0.643011
0 0.337398 0.508307 0.009734 0.032760 0.015356
6 0.895955 0.459494 0.200356 0.099954 0.007736
5 0.338517 0.503463 0.011505 0.042012 0.007093
0 0.338517 0.503463 0.011505 0.042012 0.003146
6 0.894712 0.482606 0.200267 0.148506 0.002625
5 0.333348 0.509570 0.014812 0.030619 0.001922
6 0.824615 0.507845 0.346140 0.215569 0.000865
6 0.868215 0.432772 0.248395 0.313062 0.000852
5 0.337601 0.497928 0.011217 0.052147 0.000744
6 0.875155 0.529008 0.245522 0.163163 0.000525
5 0.336637 0.506533 0.011878 0.038598 0.000475
0 0.478323 0.446221 0.008503 0.025567 0.000383
6 0.880727 0.365954 0.223524 0.322371 0.000381
4 0.393586 0.273028 0.031138 0.050338 0.000280
4 0.476340 0.149040 0.067777 0.292453 0.000272
6 0.867661 0.455470 0.208375 0.087063 0.000179
9 0.000136 0.505466 0.000272 0.093402 0.000175
9 0.000094 0.481009 0.000187 0.083193 0.000164
9 0.000139 0.522489 0.000278 0.086611 0.000162
9 0.000145 0.579288 0.000290 0.096985 0.000158
6 0.869963 0.489961 0.248987 0.221893 0.000157
4 0.317882 0.477854 0.007778 0.014654 0.000154
6 0.416650 0.460583 0.007423 0.015138 0.000137
4 0.392642 0.426447 0.011438 0.099513 0.000134
6 0.900940 0.300878 0.184414 0.430153 0.000128
9 0.000199 0.544898 0.000399 0.079020 0.000126
9 0.000188 0.565250 0.000376 0.075000 0.000125
6 0.999268 0.645562 0.001465 0.114256 0.000122
0 0.268385 0.383214 0.056926 0.304439 0.000119
3 0.628484 0.708273 0.021797 0.080625 0.000119
1 0.337681 0.508146 0.009817 0.033092 0.000115
6 0.999663 0.597593 0.000673 0.097083 0.000113
4 0.565219 0.469812 0.021391 0.107230 0.000107
0 0.999268 0.645562 0.001465 0.114256 0.000103
9 0.000051 0.459937 0.000103 0.068764 0.000102
6 0.170544 0.214781 0.022541 0.060194 0.000101
