0 0.417054 0.943114 0.037615 0.113771 0.929728
10 0.483268 0.615197 0.041832 0.029034 0.002381
2 0.155384 0.227836 0.017891 0.029959 0.001164
6 0.817022 0.983215 0.062151 0.021714 0.001130
6 0.842087 1.000000 0.048883 0.000000 0.000201
0 0.018565 0.908450 0.022820 0.094125 0.000192
6 0.434361 1.000000 0.044968 0.000000 0.000192
6 0.817906 0.979019 0.061453 0.027844 0.000164
0 0.429822 1.000000 0.041045 0.000000 0.000147
0 0.405573 1.000000 0.044850 0.000000 0.000120
10 0.481301 0.610797 0.039102 0.030689 0.000118
0 0.776238 1.000000 0.042424 0.000000 0.000117
6 0.826106 1.000000 0.050235 0.000000 0.000113
0 0.412891 1.000000 0.037885 0.000000 0.000104
10 0.487157 0.612265 0.047408 0.039703 0.000104
6 0.854562 1.000000 0.046124 0.000000 0.000101
