0 0.041796 0.702541 0.083568 0.345512 0.953495
1 0.085423 0.388960 0.028636 0.014415 0.745076
1 0.082253 0.387683 0.019096 0.013537 0.037306
0 0.082253 0.387683 0.019096 0.013537 0.020767
8 0.965642 0.082122 0.050845 0.164245 0.001090
5 0.086053 0.388699 0.028192 0.014529 0.000811
0 0.084929 0.385713 0.024248 0.018175 0.000630
0 0.265969 0.327510 0.006772 0.032275 0.000625
5 0.082253 0.387683 0.019096 0.013537 0.000496
0 0.083007 0.379527 0.009346 0.022617 0.000473
0 0.002625 0.861150 0.005216 0.032668 0.000403
1 0.084929 0.385713 0.024248 0.018175 0.000392
3 0.862806 0.630081 0.024293 0.085059 0.000238
7 0.903080 0.000000 0.024919 0.000000 0.000191
0 0.004900 0.802031 0.009800 0.162020 0.000184
2 0.002535 0.861580 0.004945 0.032010 0.000176
7 0.897280 0.000000 0.026322 0.000000 0.000169
0 0.086210 0.388554 0.027411 0.014141 0.000164
0 0.903080 0.000000 0.024919 0.000000 0.000150
9 0.000846 0.644895 0.001691 0.128841 0.000129
7 0.913705 0.000000 0.033781 0.000000 0.000129
0 0.003309 0.852011 0.006618 0.051363 0.000113
10 0.124524 0.005447 0.068291 0.010895 0.000107
9 0.217279 0.612007 0.052270 0.155289 0.000105
6 0.085931 0.388852 0.029077 0.014489 0.000103
