3 0.646222 0.617478 0.065998 0.173200 0.961892
4 0.574359 0.607354 0.072385 0.320973 0.954527
3 0.635664 0.555657 0.041159 0.097107 0.939373
0 0.139206 0.101436 0.019381 0.153701 0.005878
8 0.001568 0.160468 0.003136 0.145669 0.000557
0 0.635593 0.555667 0.041505 0.097749 0.000500
0 0.121764 0.088343 0.020398 0.101416 0.000357
8 0.001756 0.109075 0.003513 0.207086 0.000199
9 0.003346 0.165721 0.006691 0.129120 0.000197
3 0.651546 0.573985 0.046974 0.075150 0.000188
4 0.646185 0.617388 0.065782 0.173020 0.000169
4 0.001568 0.160468 0.003136 0.145669 0.000113
3 0.666153 0.831302 0.162199 0.182162 0.000112
8 0.829459 0.139596 0.022494 0.061564 0.000109
