0 0.074322 0.691726 0.064902 0.293812 0.961095
0 0.019964 0.696014 0.039745 0.307384 0.939161
0 0.420126 0.706526 0.034821 0.174959 0.927907
0 0.639401 0.655373 0.035216 0.169622 0.927753
4 0.823763 0.745252 0.035463 0.040619 0.917775
0 0.117416 0.601070 0.026662 0.113487 0.881060
4 0.273965 0.634694 0.015052 0.031379 0.828320
0 0.458892 0.724392 0.049296 0.194502 0.814614
5 0.093741 0.755433 0.088010 0.219067 0.018451
0 0.093623 0.755486 0.088056 0.218451 0.001346
3 0.093095 0.754997 0.089469 0.218175 0.001303
11 0.093936 0.755912 0.087897 0.220103 0.000951
6 0.093613 0.754932 0.092246 0.217922 0.000937
2 0.117534 0.600952 0.026413 0.112463 0.000187
9 0.000000 0.760628 0.000000 0.151375 0.000178
8 0.679152 0.000000 0.041309 0.000000 0.000168
9 0.000000 0.839331 0.000000 0.088252 0.000114
8 0.871490 0.151487 0.014001 0.060499 0.000113
9 0.000000 0.598165 0.000000 0.102154 0.000104
4 0.579154 0.848930 0.033648 0.052038 0.000102
8 0.000131 0.310783 0.000262 0.110050 0.000101
