0 0.730659 0.565360 0.039702 0.147594 0.947547
9 0.685107 0.592899 0.033164 0.081702 0.935376
0 0.533843 0.592060 0.037958 0.115310 0.924842
0 0.572908 0.603830 0.034654 0.090974 0.781021
0 0.006434 0.808008 0.012868 0.383984 0.000294
0 0.009159 0.792806 0.018318 0.414389 0.000239
3 0.685252 0.593000 0.032994 0.080811 0.000188
0 0.006963 0.854964 0.013926 0.290071 0.000161
9 0.686796 0.570958 0.027708 0.035822 0.000130
0 0.007055 0.907394 0.014111 0.185211 0.000113
6 0.685252 0.593000 0.032994 0.080811 0.000106
