2 0.414244 0.533448 0.043191 0.064404 0.933252
2 0.367034 0.527490 0.034001 0.064087 0.918482
0 0.335045 0.261938 0.009868 0.035306 0.860141
0 0.323754 0.262522 0.007717 0.031765 0.449556
0 0.358070 0.264260 0.006557 0.016712 0.005500
0 0.364917 0.259054 0.009425 0.029207 0.001723
0 0.366146 0.258776 0.007612 0.027139 0.000401
2 0.242571 0.902087 0.096979 0.195826 0.000239
2 0.506792 0.269042 0.041896 0.075710 0.000233
2 0.335512 0.450669 0.004543 0.006843 0.000216
0 0.929170 0.557879 0.019374 0.088594 0.000176
8 0.660102 0.000000 0.020863 0.000000 0.000154
8 0.677978 0.000000 0.031105 0.000000 0.000147
8 0.665395 0.000000 0.021628 0.000000 0.000139
8 0.671378 0.000000 0.026193 0.000000 0.000128
8 0.631951 0.000000 0.037964 0.000000 0.000124
2 0.253736 0.473032 0.004303 0.009186 0.000117
2 0.532403 0.269160 0.024988 0.070281 0.000112
8 0.683899 0.000000 0.034236 0.000000 0.000112
8 0.637748 0.000000 0.035753 0.000000 0.000109
8 0.653110 0.000000 0.024934 0.000000 0.000102
0 0.331673 0.257291 0.011131 0.040081 0.000101
