2 0.698773 0.746697 0.097917 0.240507 0.965799
2 0.799406 0.636046 0.036598 0.208529 0.949240
2 0.890984 0.896638 0.056316 0.206724 0.944349
2 0.500218 0.627209 0.036940 0.198515 0.939389
2 0.972723 0.854695 0.052757 0.290610 0.936679
2 0.446722 0.494440 0.056362 0.140510 0.933563
2 0.733041 0.616423 0.041910 0.118368 0.932879
2 0.470487 0.397450 0.054304 0.088358 0.924713
2 0.391814 0.428237 0.039803 0.097458 0.855729
2 0.837607 0.890101 0.084566 0.213321 0.750767
2 0.470275 0.423831 0.055032 0.140041 0.003558
2 0.392275 0.409083 0.039634 0.060845 0.001049
0 0.972474 0.853689 0.053176 0.287912 0.000797
8 0.972474 0.853689 0.053176 0.287912 0.000425
4 0.972474 0.853689 0.053176 0.287912 0.000231
2 0.803810 0.873096 0.017537 0.056812 0.000182
2 0.548361 0.843653 0.008839 0.036834 0.000144
2 0.842101 1.000000 0.039800 0.000000 0.000123
2 0.973282 0.896798 0.051069 0.206403 0.000121
4 0.988294 0.996884 0.023411 0.006231 0.000120
4 0.989741 0.678562 0.020519 0.232398 0.000110
2 0.313699 0.201361 0.025683 0.086620 0.000106
2 0.999744 0.784694 0.000513 0.109591 0.000106
2 0.429082 0.420439 0.022006 0.057849 0.000105
6 0.972474 0.853689 0.053176 0.287912 0.000104
4 0.991952 0.990324 0.016095 0.019353 0.000103
