2 0.674592 0.762869 0.098706 0.229589 0.960640
2 0.772462 0.643569 0.047921 0.192889 0.955106
2 0.460926 0.657945 0.043371 0.179543 0.951583
2 0.867368 0.891269 0.062075 0.217462 0.948790
2 0.798049 0.879901 0.104581 0.194668 0.944523
2 0.389700 0.530607 0.029541 0.158158 0.937558
2 0.953801 0.901935 0.092241 0.196130 0.694703
2 0.913488 1.000000 0.045029 0.000000 0.000396
2 0.963254 0.876587 0.073492 0.244561 0.000202
2 0.923524 1.000000 0.050872 0.000000 0.000179
2 0.009613 0.607885 0.019225 0.237793 0.000151
4 0.000339 0.962883 0.000679 0.074233 0.000150
0 0.913488 1.000000 0.045029 0.000000 0.000145
2 0.513620 0.885157 0.014899 0.024138 0.000145
2 0.009182 0.575370 0.018365 0.215200 0.000141
2 0.990861 0.829402 0.018278 0.239615 0.000127
