2 0.347083 0.577334 0.079843 0.110056 0.953741
2 0.762660 0.440095 0.040731 0.047324 0.927522
0 0.256334 0.446190 0.012930 0.052596 0.877088
0 0.302626 0.438172 0.013538 0.062480 0.860826
0 0.149820 0.433835 0.016047 0.037577 0.857470
0 0.107663 0.458843 0.015676 0.062792 0.856225
0 0.191973 0.441477 0.013689 0.061449 0.839688
0 0.169482 0.429414 0.014470 0.034158 0.830511
0 0.230102 0.448766 0.011194 0.062916 0.780958
0 0.217549 0.451568 0.009048 0.039663 0.780430
0 0.205368 0.448654 0.008641 0.040040 0.777403
0 0.241888 0.440159 0.007470 0.041175 0.765575
0 0.098751 0.471894 0.010654 0.035748 0.746233
0 0.232603 0.449307 0.008919 0.060580 0.671011
0 0.316692 0.432141 0.012883 0.058650 0.669395
0 0.563771 0.395360 0.009910 0.043908 0.128911
0 0.134991 0.443186 0.011448 0.021503 0.068800
0 0.224201 0.460079 0.008361 0.036284 0.057866
0 0.297156 0.452733 0.008323 0.034695 0.044847
0 0.187079 0.458058 0.007186 0.027822 0.037325
0 0.105318 0.462546 0.014068 0.056426 0.017460
0 0.161664 0.428475 0.010815 0.027482 0.013656
0 0.227068 0.448508 0.010737 0.057384 0.013524
0 0.219791 0.449215 0.009113 0.052861 0.010004
0 0.225441 0.449594 0.009778 0.053844 0.009316
0 0.479206 0.419091 0.013367 0.087287 0.008972
0 0.201391 0.449907 0.005995 0.044072 0.008729
0 0.306460 0.438365 0.008483 0.060587 0.007753
0 0.225850 0.460227 0.010378 0.035877 0.006363
0 0.314386 0.436127 0.008672 0.057687 0.005852
4 0.747755 0.362359 0.010082 0.020988 0.005205
0 0.295747 0.455833 0.008482 0.029481 0.004083
0 0.562852 0.399476 0.010222 0.036727 0.004058
5 0.295747 0.455833 0.008482 0.029481 0.004048
0 0.223935 0.447984 0.008003 0.056901 0.003628
0 0.189016 0.455814 0.010523 0.033006 0.002909
0 0.100678 0.467118 0.013361 0.042238 0.002511
0 0.243134 0.441382 0.008679 0.039564 0.001993
0 0.227840 0.447343 0.007725 0.062758 0.001954
0 0.194876 0.452587 0.010434 0.042211 0.001837
0 0.246888 0.436460 0.006169 0.046933 0.001109
0 0.206484 0.451436 0.010196 0.045232 0.000743
0 0.160087 0.430765 0.010214 0.030040 0.000715
9 0.747755 0.362359 0.010082 0.020988 0.000599
0 0.528837 0.359570 0.004368 0.010965 0.000470
0 0.491692 0.403440 0.008151 0.036312 0.000416
8 0.747755 0.362359 0.010082 0.020988 0.000283
0 0.224645 0.441578 0.007346 0.052032 0.000252
0 0.747755 0.362359 0.010082 0.020988 0.000242
0 0.489971 0.445016 0.008543 0.034070 0.000227
0 0.134103 0.440007 0.013090 0.025919 0.000211
0 0.582220 0.382831 0.006168 0.020559 0.000209
0 0.000000 0.482598 0.000000 0.239865 0.000206
5 0.297156 0.452733 0.008323 0.034695 0.000190
3 0.296771 0.454477 0.009858 0.032820 0.000160
0 0.458062 0.408094 0.006647 0.019164 0.000136
2 0.747755 0.362359 0.010082 0.020988 0.000132
0 0.294785 0.456708 0.009844 0.034992 0.000108
0 0.300802 0.447314 0.014666 0.053178 0.000106
