2 0.402551 0.566736 0.094156 0.291901 0.965150
2 0.050971 0.601503 0.101941 0.136651 0.959421
2 0.386693 0.823309 0.186936 0.245340 0.952469
2 0.995079 0.549046 0.009842 0.137555 0.000629
2 0.994513 0.528779 0.010974 0.157166 0.000467
2 0.997295 0.552077 0.005411 0.070332 0.000388
2 0.548220 0.628054 0.022898 0.087699 0.000294
0 0.402545 0.566186 0.093577 0.289921 0.000214
1 0.995105 0.568840 0.009789 0.150046 0.000204
2 0.994938 0.579028 0.010124 0.149213 0.000204
4 0.402670 0.567060 0.093921 0.291805 0.000197
2 0.999865 0.616457 0.000270 0.108158 0.000185
2 0.011852 0.499634 0.023705 0.258344 0.000176
2 0.031106 0.906076 0.061688 0.179414 0.000171
2 0.999891 0.552712 0.000218 0.103491 0.000169
0 0.994329 0.583160 0.011341 0.146420 0.000164
2 0.253887 1.000000 0.060362 0.000000 0.000158
2 0.997216 0.569198 0.005567 0.116261 0.000152
2 0.000168 0.617115 0.000335 0.138233 0.000148
2 0.997314 0.538830 0.005372 0.089847 0.000132
1 0.982931 0.564988 0.030955 0.124785 0.000108
2 0.981081 0.543597 0.034998 0.131965 0.000103
1 0.994513 0.528779 0.010974 0.157166 0.000101
