2 0.545215 0.539847 0.060057 0.113163 0.937668
2 0.700767 0.046044 0.015136 0.028919 0.002935
8 0.700767 0.046044 0.015136 0.028919 0.001317
0 0.700767 0.046044 0.015136 0.028919 0.001262
11 0.767730 0.213634 0.464541 0.425801 0.000378
4 0.989834 0.562809 0.020333 0.237952 0.000222
4 0.984558 0.605451 0.030884 0.169759 0.000199
4 0.981877 0.630718 0.036246 0.176709 0.000190
4 1.000000 0.498094 0.000000 0.143509 0.000171
4 0.999899 0.621581 0.000202 0.110744 0.000167
2 0.981167 0.646412 0.037666 0.193986 0.000165
2 0.984558 0.605451 0.030884 0.169759 0.000150
4 0.992024 0.396067 0.015953 0.210438 0.000150
9 0.700767 0.046044 0.015136 0.028919 0.000140
4 0.991981 0.537055 0.016037 0.248965 0.000124
4 0.999830 0.645128 0.000340 0.114718 0.000123
11 0.843067 0.203434 0.313601 0.405174 0.000114
4 0.999879 0.471372 0.000242 0.126121 0.000112
3 0.700767 0.046044 0.015136 0.028919 0.000105
1 0.981877 0.630718 0.036246 0.176709 0.000101
