2 0.572364 0.688911 0.086454 0.154109 0.954548
2 0.767221 0.839856 0.092238 0.288235 0.953595
2 0.260220 0.564653 0.039383 0.086617 0.935512
2 0.967733 0.974817 0.064534 0.050139 0.333873
2 0.967950 0.936929 0.064099 0.126142 0.035220
4 0.818127 0.491066 0.018161 0.060450 0.000778
8 0.967739 0.972340 0.064522 0.055165 0.000340
3 0.967739 0.972340 0.064522 0.055165 0.000210
9 0.987309 0.995333 0.025382 0.009333 0.000201
9 0.998748 0.979839 0.002504 0.040321 0.000180
1 0.968138 0.928638 0.063723 0.142724 0.000177
0 0.967739 0.972340 0.064522 0.055165 0.000140
2 0.967653 0.909508 0.064695 0.180984 0.000118
4 0.000120 0.988022 0.000240 0.023957 0.000116
2 0.185474 0.669163 0.087345 0.084833 0.000112
