2 0.721430 0.810904 0.299071 0.378192 0.938100
2 0.572046 0.668257 0.062617 0.057864 0.923401
2 0.757607 0.758144 0.229459 0.416069 0.885510
0 0.907072 0.617748 0.016393 0.039619 0.841367
0 0.965686 0.618629 0.022586 0.061868 0.543000
2 0.255165 0.592723 0.031515 0.025855 0.530508
2 0.725557 0.744572 0.167412 0.399292 0.007244
2 0.369033 0.605164 0.047307 0.030844 0.000656
2 0.714697 0.870667 0.192249 0.213697 0.000181
2 0.754608 0.852072 0.095970 0.248032 0.000154
2 0.738846 0.866197 0.124572 0.216999 0.000100
