0 0.808510 0.759585 0.382980 0.480830 0.958278
2 0.297676 0.644290 0.130399 0.174159 0.957965
2 0.182943 0.431693 0.077292 0.057776 0.103823
6 0.181877 0.431694 0.076701 0.059447 0.001653
0 0.992159 0.999780 0.015682 0.000441 0.000326
2 0.382616 0.563947 0.099198 0.046286 0.000182
2 0.202738 0.434435 0.073587 0.055278 0.000178
0 0.987526 1.000000 0.024948 0.000000 0.000178
6 0.620445 1.000000 0.050515 0.000000 0.000164
0 0.515351 0.833523 0.051453 0.231459 0.000159
6 0.976263 1.000000 0.047474 0.000000 0.000138
0 0.625970 0.853314 0.107567 0.293371 0.000136
0 0.347910 0.421364 0.045921 0.283613 0.000132
2 0.066319 0.974294 0.120761 0.051412 0.000119
2 0.162650 0.432586 0.119246 0.059895 0.000115
2 0.250011 0.767537 0.028554 0.029709 0.000112
6 0.983195 1.000000 0.033611 0.000000 0.000112
8 0.867196 1.000000 0.056489 0.000000 0.000109
2 0.316109 0.580002 0.089354 0.048881 0.000107
