2 0.720396 0.492707 0.160264 0.203692 0.929245
2 0.992316 0.446623 0.015368 0.220405 0.002518
2 0.995856 0.409540 0.008289 0.088696 0.002254
2 0.992179 0.405713 0.015382 0.091416 0.001975
2 0.999936 0.410249 0.000127 0.117812 0.001462
2 0.990755 0.468576 0.018490 0.242980 0.001420
3 0.658533 0.182026 0.125780 0.138498 0.001108
1 0.720716 0.493845 0.158969 0.202481 0.000990
2 0.996358 0.439740 0.007267 0.145723 0.000737
0 0.833177 0.088500 0.014100 0.068667 0.000685
2 0.999994 0.444041 0.000013 0.157155 0.000565
2 0.994688 0.456828 0.010577 0.163538 0.000512
2 0.982257 0.407958 0.034381 0.093033 0.000306
2 0.990945 0.349332 0.018109 0.186333 0.000286
2 0.999969 0.541093 0.000061 0.148931 0.000271
2 0.981290 0.426291 0.035779 0.142707 0.000247
4 0.719740 0.491319 0.161778 0.205283 0.000232
2 0.991946 0.395818 0.016108 0.124361 0.000228
2 0.992047 0.309575 0.015905 0.240554 0.000211
2 0.990073 0.524731 0.019855 0.272311 0.000188
2 0.986123 0.408897 0.027294 0.076213 0.000188
4 0.992631 0.438574 0.014737 0.204499 0.000182
2 0.992202 0.430965 0.014282 0.125971 0.000179
2 0.997264 0.423637 0.005471 0.321612 0.000176
4 0.000365 0.987311 0.000729 0.025377 0.000158
2 0.992122 0.460667 0.015091 0.166655 0.000154
2 0.997165 0.547663 0.005670 0.558913 0.000150
2 0.989149 0.582631 0.021702 0.191519 0.000120
2 0.010554 0.377356 0.021108 0.235028 0.000119
6 1.000000 0.424775 0.000000 0.123034 0.000119
2 0.974814 0.468325 0.047857 0.211436 0.000117
2 0.974995 0.514264 0.048452 0.285965 0.000112
2 0.981088 0.394207 0.036897 0.060159 0.000106
2 0.000000 0.359344 0.000000 0.237820 0.000101
