2 0.372453 0.671887 0.185143 0.656061 0.965719
2 0.941675 0.740941 0.116649 0.481160 0.895497
2 0.947536 0.959338 0.104927 0.081324 0.002211
2 0.928374 1.000000 0.041733 0.000000 0.000222
2 0.017804 0.581173 0.035006 0.178788 0.000178
2 0.947317 1.000000 0.041439 0.000000 0.000167
0 0.942705 0.748970 0.114584 0.502060 0.000141
2 0.231872 0.246863 0.031721 0.153105 0.000140
2 0.557635 0.388133 0.032756 0.109863 0.000138
2 0.254123 0.343940 0.022234 0.070282 0.000135
8 0.858957 0.000000 0.031810 0.000000 0.000106
3 0.928695 0.390220 0.142611 0.779181 0.000102
8 0.852883 0.000000 0.027430 0.000000 0.000102
