6 0.671845 0.298859 0.179982 0.163806 0.945003
6 0.816677 0.240382 0.109750 0.091276 0.938874
6 0.902100 0.198976 0.078997 0.059055 0.880547
6 0.399040 0.470937 0.335289 0.331291 0.860385
6 0.949207 0.337972 0.101462 0.235931 0.186539
6 0.949620 0.172842 0.049997 0.038280 0.069730
6 0.945092 0.604056 0.109816 0.776096 0.016653
6 0.993271 0.152258 0.013458 0.026072 0.014292
4 0.811104 0.038768 0.074958 0.077000 0.011209
6 0.980556 0.174952 0.038887 0.082047 0.008277
6 0.999875 0.141488 0.000251 0.048891 0.001560
4 0.810886 0.147267 0.076938 0.294533 0.001495
6 0.999719 0.225557 0.000562 0.161595 0.001045
9 0.000225 0.617764 0.000450 0.089144 0.001018
6 0.998614 0.150386 0.002771 0.042751 0.000847
9 0.000172 0.598488 0.000345 0.088560 0.000745
6 0.999627 0.173473 0.000746 0.071161 0.000743
6 0.999557 0.161157 0.000887 0.051938 0.000631
6 1.000000 0.153539 0.000000 0.077462 0.000627
6 0.999357 0.188885 0.001286 0.113424 0.000582
6 0.973814 0.176315 0.052372 0.072503 0.000505
4 0.421027 0.195503 0.019011 0.061076 0.000488
6 0.987406 0.174324 0.025189 0.073077 0.000471
6 0.991277 0.169500 0.017447 0.060992 0.000470
4 0.372619 0.010853 0.027512 0.018902 0.000422
6 0.988715 0.490397 0.022571 0.345942 0.000416
6 0.979717 0.165327 0.038345 0.037603 0.000396
0 0.671947 0.298482 0.180291 0.161740 0.000367
6 1.000000 0.257879 0.000000 0.144945 0.000364
6 0.975929 0.439811 0.048142 0.314324 0.000355
9 0.000242 0.638402 0.000485 0.104610 0.000331
6 0.989254 0.451558 0.021492 0.359734 0.000309
8 0.440979 0.010125 0.017615 0.018327 0.000293
6 0.982551 0.161836 0.033968 0.056879 0.000284
9 0.942710 0.604443 0.114579 0.780791 0.000279
9 0.000185 0.577195 0.000371 0.083759 0.000273
6 0.115406 0.526411 0.208088 0.760850 0.000261
6 0.971948 0.322117 0.056103 0.216950 0.000261
6 0.989793 0.147534 0.011112 0.026385 0.000245
6 0.992371 0.178756 0.015196 0.073154 0.000244
4 0.810725 0.086035 0.074283 0.172039 0.000235
6 1.000000 0.176486 0.000000 0.109115 0.000227
6 1.000000 0.274347 0.000000 0.361288 0.000223
0 0.105384 0.704586 0.009814 0.036778 0.000221
6 0.968832 0.467058 0.062335 0.276645 0.000219
6 0.985132 0.260239 0.029736 0.261733 0.000216
6 1.000000 0.141429 0.000000 0.079172 0.000198
4 0.372684 0.007346 0.030081 0.014307 0.000187
6 0.969554 0.167606 0.020844 0.040617 0.000177
0 0.092405 0.740748 0.020265 0.096549 0.000139
6 1.000000 0.129984 0.000000 0.051384 0.000134
0 0.140767 0.729966 0.028163 0.106720 0.000132
6 0.961020 0.171433 0.028689 0.037694 0.000130
9 0.000382 0.536670 0.000764 0.092916 0.000128
4 0.420784 0.267251 0.033042 0.092353 0.000126
6 0.990597 0.411851 0.018806 0.373253 0.000122
6 0.094678 0.399262 0.109856 0.495883 0.000121
3 0.671947 0.298482 0.180291 0.161740 0.000117
8 0.989683 0.101489 0.020422 0.089989 0.000114
8 1.000000 0.107740 0.000000 0.122634 0.000111
6 0.935431 0.178459 0.035069 0.029635 0.000107
0 0.983318 0.140559 0.009022 0.019222 0.000104
6 1.000000 0.154256 0.000000 0.096872 0.000102
4 0.366319 0.000000 0.033506 0.000000 0.000100
