2 0.449957 0.689898 0.136710 0.234453 0.965571
2 0.241712 0.547644 0.046878 0.042636 0.905853
2 0.307249 0.558664 0.040023 0.060175 0.903575
2 0.824852 0.689520 0.034917 0.060068 0.900533
2 0.908402 0.709531 0.031706 0.047897 0.849384
2 0.914815 0.709638 0.045740 0.048608 0.380489
8 0.299520 0.000000 0.041884 0.000000 0.000412
2 0.369188 0.578115 0.016747 0.025243 0.000295
2 0.377112 0.578045 0.032101 0.024473 0.000238
8 0.410633 0.104737 0.183704 0.209475 0.000219
8 0.377117 0.101519 0.276249 0.203038 0.000148
7 0.299520 0.000000 0.041884 0.000000 0.000139
2 0.474642 0.325047 0.110398 0.136814 0.000122
8 0.312890 0.000000 0.054188 0.000000 0.000111
2 0.372147 0.578060 0.023513 0.024468 0.000109
