2 0.252368 0.134371 0.075775 0.267092 0.926016
2 0.147037 0.098117 0.036969 0.076450 0.910844
2 0.484992 0.786369 0.403490 0.425129 0.838965
9 0.109809 0.018076 0.018596 0.034399 0.581599
2 0.981588 0.320925 0.036824 0.063441 0.160120
2 0.223649 0.360229 0.014612 0.035743 0.030183
9 0.104487 0.018877 0.031828 0.035790 0.004579
2 0.989877 0.605882 0.012161 0.027218 0.002135
2 0.976213 0.315112 0.047573 0.075004 0.001653
2 0.328944 0.401290 0.017437 0.028102 0.001442
3 0.223649 0.360229 0.014612 0.035743 0.000377
2 0.187604 0.072637 0.049516 0.141259 0.000270
9 1.000000 0.565252 0.000000 0.124336 0.000169
2 0.474257 0.208806 0.084381 0.042504 0.000166
3 0.328944 0.401290 0.017437 0.028102 0.000158
9 0.101214 0.018844 0.021521 0.034178 0.000157
2 1.000000 0.330523 0.000000 0.122347 0.000127
2 0.843923 0.478884 0.028465 0.091741 0.000101
