2 0.615084 0.525587 0.091200 0.147358 0.960443
2 0.000000 0.445964 0.000000 0.111691 0.000615
2 0.005927 0.420007 0.011854 0.044038 0.000318
2 0.000077 0.419313 0.000153 0.073031 0.000245
2 0.009984 0.525385 0.019967 0.267218 0.000168
3 0.372460 0.781504 0.087650 0.140378 0.000152
3 0.000000 0.445964 0.000000 0.111691 0.000149
2 0.000000 0.389270 0.000000 0.197053 0.000147
2 0.000126 0.406970 0.000253 0.065607 0.000133
0 0.079654 0.549426 0.026442 0.132960 0.000131
2 0.005933 0.408858 0.011866 0.069021 0.000128
2 0.011696 0.482117 0.023392 0.200158 0.000120
2 0.011018 0.457569 0.022036 0.122613 0.000110
0 0.001538 0.404086 0.003076 0.205744 0.000109
4 0.009984 0.525385 0.019967 0.267218 0.000101
2 0.000195 0.394281 0.000391 0.079613 0.000100
