3 0.423323 0.475497 0.078433 0.141020 0.968180
2 0.948889 0.206964 0.030522 0.028800 0.885914
4 0.817251 0.119368 0.019811 0.026133 0.881045
4 0.948567 0.207055 0.031742 0.029527 0.003512
2 0.837040 0.150148 0.017447 0.061332 0.001054
2 0.992604 0.560195 0.013875 0.068252 0.000592
9 0.480394 0.117001 0.011938 0.029145 0.000528
4 0.837040 0.150148 0.017447 0.061332 0.000522
6 0.948990 0.207034 0.030931 0.029177 0.000381
2 0.817280 0.119302 0.019942 0.026696 0.000248
5 0.817280 0.119302 0.019942 0.026696 0.000198
0 0.837244 0.151368 0.017305 0.062999 0.000196
9 0.992627 0.559131 0.013902 0.065148 0.000187
9 0.378642 0.111935 0.006570 0.014252 0.000182
1 0.948711 0.207058 0.031562 0.029636 0.000177
9 0.999857 0.636264 0.000286 0.136721 0.000138
6 0.817280 0.119302 0.019942 0.026696 0.000129
2 0.994599 0.542855 0.010380 0.036519 0.000102
4 0.992451 0.559444 0.013973 0.066352 0.000102
