3 0.507203 0.526493 0.078948 0.138254 0.966008
4 0.915378 0.182397 0.020429 0.026743 0.899315
0 0.582108 0.169507 0.012287 0.037457 0.787427
4 0.045670 0.244786 0.091341 0.489572 0.091062
9 0.045079 0.246955 0.090158 0.483059 0.007847
0 0.575321 0.171586 0.014239 0.031317 0.001496
0 0.640084 0.167283 0.014237 0.054316 0.001042
9 0.000115 0.448029 0.000229 0.076718 0.000655
9 0.000135 0.493247 0.000270 0.103689 0.000540
9 0.000062 0.433608 0.000125 0.085736 0.000533
0 0.571147 0.171775 0.007680 0.027780 0.000527
9 0.000147 0.467854 0.000294 0.079222 0.000498
9 0.000000 0.390847 0.000001 0.095864 0.000461
5 0.915506 0.182329 0.020045 0.026706 0.000436
9 0.570201 0.172477 0.011382 0.030802 0.000401
9 0.000000 0.299502 0.000000 0.079153 0.000392
9 0.000111 0.518302 0.000222 0.125722 0.000337
0 0.045648 0.244493 0.091295 0.487576 0.000315
9 0.000000 0.284801 0.000000 0.068554 0.000310
8 0.045079 0.246955 0.090158 0.483059 0.000260
9 0.573014 0.173621 0.019100 0.032556 0.000240
9 0.000034 0.369932 0.000068 0.088076 0.000232
9 0.000000 0.315308 0.000000 0.090218 0.000223
9 0.571147 0.171775 0.007680 0.027780 0.000217
9 0.199407 0.274248 0.006578 0.045946 0.000193
9 0.575321 0.171586 0.014239 0.031317 0.000188
4 0.507290 0.526525 0.078734 0.138384 0.000184
6 0.915506 0.182329 0.020045 0.026706 0.000179
9 0.000000 0.339987 0.000000 0.089130 0.000176
0 0.507290 0.526525 0.078734 0.138384 0.000150
9 0.014119 0.390213 0.028035 0.192176 0.000150
9 0.000043 0.548957 0.000087 0.135927 0.000134
9 0.000000 0.259941 0.000000 0.083092 0.000127
1 0.915506 0.182329 0.020045 0.026706 0.000118
4 0.000190 0.988030 0.000379 0.023941 0.000110
