6 0.585775 0.665678 0.195435 0.139155 0.950073
9 0.197233 0.700250 0.024255 0.066842 0.919529
4 0.888989 0.523344 0.012733 0.034982 0.916041
4 0.480992 0.611877 0.018283 0.040215 0.914531
4 0.689799 0.561824 0.027889 0.037473 0.903772
9 0.414559 0.671755 0.017860 0.047573 0.901098
4 0.467742 0.619152 0.010835 0.017118 0.004263
4 0.467179 0.622317 0.009939 0.017145 0.001823
4 0.414545 0.671982 0.017654 0.048035 0.000466
9 0.000004 0.949497 0.000007 0.101007 0.000306
0 0.800664 0.349984 0.037313 0.097702 0.000277
9 0.000024 0.885283 0.000049 0.108979 0.000266
9 0.000000 0.962068 0.000000 0.075865 0.000255
4 0.454012 0.668881 0.035833 0.045699 0.000188
3 0.197276 0.700401 0.024324 0.067121 0.000157
9 0.000176 0.714099 0.000352 0.070981 0.000151
9 0.000192 0.726176 0.000385 0.075946 0.000140
9 0.000065 0.909996 0.000130 0.109539 0.000137
9 0.771039 0.358247 0.012878 0.045670 0.000110
3 0.414327 0.671412 0.017263 0.048341 0.000106
4 0.197276 0.700401 0.024324 0.067121 0.000105
8 0.002131 0.167988 0.004261 0.312332 0.000100
