2 0.895121 0.848817 0.209448 0.302365 0.970751
2 0.393684 0.648525 0.080016 0.230157 0.959513
2 0.234942 0.579330 0.039078 0.164712 0.949190
2 0.535997 0.923316 0.161231 0.153346 0.939955
2 0.522001 0.533431 0.022737 0.085899 0.915030
2 0.491173 0.921478 0.248468 0.157043 0.001722
8 0.894565 1.000000 0.055534 0.000000 0.000338
8 0.944635 1.000000 0.068582 0.000000 0.000142
8 0.880965 1.000000 0.048285 0.000000 0.000137
6 0.440468 0.167985 0.030696 0.036590 0.000136
8 0.928621 1.000000 0.061518 0.000000 0.000124
2 0.449238 0.934708 0.179592 0.130585 0.000107
2 0.606976 1.000000 0.052641 0.000000 0.000103
0 0.535546 0.923562 0.160146 0.152875 0.000102
