2 0.639296 0.918766 0.159226 0.162469 0.963403
2 0.676725 0.686994 0.110474 0.232421 0.962653
2 0.280553 0.598588 0.099657 0.242064 0.960834
2 0.954459 0.887854 0.090033 0.223904 0.912795
2 0.612020 0.587213 0.020220 0.091026 0.890727
2 0.817548 0.889253 0.364903 0.221494 0.012298
8 0.954546 0.887421 0.090907 0.223941 0.010239
0 0.611898 0.586855 0.020031 0.089596 0.003400
2 0.812984 0.934207 0.374031 0.131585 0.002250
5 0.954705 0.887494 0.090581 0.224177 0.002064
2 0.262573 0.315079 0.036935 0.086590 0.000260
6 0.712457 1.000000 0.059297 0.000000 0.000163
9 0.985929 0.997484 0.028143 0.005031 0.000124
9 0.000022 0.339477 0.000043 0.066624 0.000122
