2 0.452815 0.116439 0.107953 0.161229 0.966607
2 0.497637 0.299783 0.044112 0.168202 0.945869
2 0.950703 0.744601 0.098088 0.104609 0.469264
2 0.785715 0.722923 0.068444 0.196614 0.015233
0 0.785808 0.725306 0.067545 0.203175 0.009628
0 0.099455 0.042854 0.013612 0.032558 0.001426
5 0.785728 0.721725 0.067970 0.194153 0.000362
0 0.950616 0.744241 0.098016 0.105106 0.000302
0 0.452815 0.116439 0.107953 0.161229 0.000273
2 0.420634 0.351529 0.017147 0.038748 0.000140
0 0.089040 0.040085 0.010593 0.034553 0.000126
5 0.801373 0.753832 0.036343 0.117431 0.000107
0 0.293653 0.079066 0.034902 0.108935 0.000105
