2 0.640515 0.797320 0.148705 0.241845 0.957937
0 0.964709 0.289376 0.070583 0.308170 0.943674
0 0.512682 0.087818 0.042871 0.171065 0.935757
0 0.471456 0.076802 0.033223 0.151853 0.931123
9 0.580655 0.136646 0.060030 0.111474 0.927034
0 0.924028 0.347322 0.043895 0.135994 0.925532
2 0.661210 0.930852 0.105778 0.138295 0.895040
0 0.432311 0.067104 0.046771 0.134208 0.885883
0 0.315489 0.036313 0.020317 0.072625 0.730851
2 0.830067 0.944925 0.080276 0.110150 0.058995
2 0.923835 0.346814 0.043299 0.135429 0.007483
0 0.396326 0.055497 0.033934 0.106149 0.005340
0 0.947017 0.356584 0.035202 0.133815 0.004667
4 0.745621 0.018531 0.017947 0.035554 0.004473
2 0.741804 0.931811 0.264602 0.136378 0.003581
0 0.352907 0.045490 0.024034 0.090981 0.003488
0 0.600021 0.044342 0.020253 0.082830 0.002351
5 0.333368 0.256558 0.058451 0.167095 0.000546
2 0.875596 0.943657 0.175064 0.112686 0.000425
0 0.495797 0.118123 0.015605 0.071352 0.000412
0 0.391853 0.045338 0.022689 0.085720 0.000362
8 0.999742 0.456162 0.000516 0.105601 0.000349
8 0.999832 0.486987 0.000337 0.108161 0.000299
0 0.843644 0.018104 0.022884 0.035212 0.000252
0 0.298121 0.030772 0.014958 0.057834 0.000234
2 0.847128 0.990539 0.087537 0.018921 0.000229
8 0.995358 0.462135 0.009284 0.100477 0.000225
0 0.745268 0.018327 0.018874 0.035143 0.000194
8 0.999579 0.434014 0.000841 0.107692 0.000183
8 1.000000 0.489940 0.000000 0.113964 0.000178
8 1.000000 0.469297 0.000000 0.124010 0.000157
4 0.002023 0.596969 0.004046 0.299850 0.000156
2 0.817457 1.000000 0.036797 0.000000 0.000154
6 0.580789 0.135864 0.060102 0.112354 0.000145
2 0.964897 0.290361 0.070206 0.306793 0.000143
0 0.979370 0.397183 0.039794 0.094730 0.000138
2 0.010466 0.486429 0.020933 0.264144 0.000129
0 0.999990 0.279676 0.000019 0.111162 0.000126
0 0.999510 0.417256 0.000980 0.111651 0.000124
6 0.817457 1.000000 0.036797 0.000000 0.000120
2 0.008363 0.600227 0.016726 0.244906 0.000114
2 0.724191 1.000000 0.053208 0.000000 0.000112
8 0.855443 1.000000 0.046213 0.000000 0.000112
4 0.001109 0.985775 0.002217 0.028451 0.000109
6 0.810835 1.000000 0.036781 0.000000 0.000107
4 0.020689 0.930914 0.041378 0.138173 0.000103
0 0.999701 0.447712 0.000598 0.103248 0.000103
