2 0.510144 0.397307 0.055769 0.123053 0.965343
4 0.664490 0.802640 0.107272 0.296881 0.961497
2 0.617744 0.520435 0.063406 0.209728 0.961199
2 0.695900 0.329414 0.047474 0.071594 0.947421
2 0.652530 0.222142 0.028751 0.076397 0.914777
0 0.248620 0.177330 0.017091 0.079514 0.905739
0 0.297654 0.202013 0.008644 0.031916 0.009151
0 0.304163 0.202310 0.009749 0.034258 0.004087
4 0.297654 0.202013 0.008644 0.031916 0.000760
0 0.299840 0.183852 0.018661 0.068780 0.000257
0 0.294686 0.204833 0.008934 0.031194 0.000169
2 0.248584 0.177223 0.017187 0.079293 0.000123
