2 0.655290 0.490538 0.084953 0.086667 0.953483
0 0.795372 0.044032 0.043025 0.079966 0.947283
2 0.061735 0.027745 0.024960 0.051503 0.894554
4 0.372714 0.061429 0.005755 0.011212 0.000319
8 0.449044 0.064887 0.034074 0.129774 0.000227
8 1.000000 0.069660 0.000000 0.099145 0.000198
8 0.684626 0.000000 0.024341 0.000000 0.000146
8 0.690721 0.000000 0.021508 0.000000 0.000141
8 0.717299 0.000000 0.024499 0.000000 0.000123
8 0.697678 0.000000 0.019447 0.000000 0.000121
8 0.710784 0.000000 0.021149 0.000000 0.000121
8 0.704785 0.000000 0.018920 0.000000 0.000118
8 0.678968 0.000000 0.025206 0.000000 0.000113
8 1.000000 0.051448 0.000000 0.100916 0.000113
9 0.375647 0.994788 0.054799 0.010425 0.000108
