2 0.435798 0.492420 0.112637 0.093828 0.960544
2 0.009148 0.037819 0.017605 0.020158 0.777357
2 0.617945 0.003811 0.015024 0.007622 0.003471
2 0.617242 0.000502 0.026374 0.001004 0.001702
2 0.749291 0.723776 0.036825 0.114631 0.001178
2 0.000686 0.061437 0.001372 0.115444 0.001037
0 0.009086 0.037720 0.017859 0.019658 0.000659
2 0.622239 0.000383 0.027673 0.000765 0.000582
2 0.009670 0.029275 0.018114 0.037690 0.000462
2 0.000000 0.080358 0.000000 0.119248 0.000255
2 0.350640 0.018870 0.006760 0.012575 0.000255
0 0.092362 0.119945 0.023500 0.094929 0.000251
2 0.605371 0.000000 0.046658 0.000000 0.000240
2 0.000489 0.040584 0.000978 0.081167 0.000203
2 0.621581 0.004553 0.017006 0.008743 0.000149
8 0.708548 0.088934 0.017485 0.013883 0.000132
