1 0.519293 0.419212 0.200058 0.081414 0.919711
4 0.389880 0.325567 0.021009 0.028080 0.905546
1 0.892226 0.455801 0.058934 0.020158 0.850917
1 0.877911 0.445325 0.070702 0.024083 0.670256
2 0.627934 0.499734 0.049511 0.054269 0.640438
1 0.884655 0.452157 0.057367 0.021652 0.441955
0 0.066381 0.274408 0.010778 0.044184 0.284016
0 0.014905 0.258076 0.025602 0.093611 0.146899
1 0.875440 0.437038 0.057044 0.028246 0.023903
1 0.895822 0.454378 0.051225 0.014875 0.009977
1 0.877678 0.434155 0.045160 0.033784 0.003744
1 0.854163 0.446862 0.028940 0.023231 0.001910
2 0.389752 0.325340 0.020811 0.027950 0.001829
0 0.886042 0.441858 0.010169 0.012201 0.000986
1 0.848861 0.439710 0.018277 0.028523 0.000967
4 0.937997 0.426275 0.018559 0.043856 0.000526
1 0.516187 0.367725 0.200536 0.199010 0.000505
1 0.880170 0.443121 0.027110 0.021891 0.000340
2 0.015106 0.257982 0.024962 0.093245 0.000279
1 0.896380 0.455269 0.067726 0.026821 0.000274
9 0.526991 0.679201 0.010801 0.043663 0.000250
5 0.389752 0.325340 0.020811 0.027950 0.000245
1 0.884531 0.442066 0.075469 0.039869 0.000241
0 0.890201 0.441468 0.008474 0.014015 0.000233
5 0.891781 0.455909 0.060013 0.019269 0.000191
0 0.901405 0.445921 0.008820 0.018279 0.000120
3 0.891781 0.455909 0.060013 0.019269 0.000120
1 0.389752 0.325340 0.020811 0.027950 0.000118
1 0.703254 0.573675 0.566855 0.107440 0.000117
