2 0.524050 0.436279 0.123480 0.160701 0.963496
2 0.775096 0.466510 0.059543 0.127578 0.956037
2 0.349677 0.388535 0.026849 0.055190 0.902040
8 0.141598 0.337964 0.027279 0.288683 0.000313
2 0.217320 1.000000 0.051718 0.000000 0.000194
0 0.993242 0.999393 0.013517 0.001213 0.000167
2 0.262460 1.000000 0.043005 0.000000 0.000145
4 0.207500 0.998012 0.101655 0.003975 0.000141
4 0.217320 1.000000 0.051718 0.000000 0.000139
0 0.998040 0.987917 0.003920 0.024167 0.000135
2 0.491799 1.000000 0.038048 0.000000 0.000124
2 0.205760 1.000000 0.061892 0.000000 0.000112
