6 0.732011 0.737087 0.401229 0.288309 0.957006
6 0.268494 0.713847 0.156308 0.157589 0.951937
8 0.253024 0.487554 0.066256 0.318698 0.928352
6 0.177587 0.682620 0.080211 0.078593 0.927296
4 0.617033 0.625750 0.026753 0.162579 0.923409
8 0.080259 0.579370 0.049110 0.222257 0.922912
6 0.120813 0.681436 0.065174 0.065711 0.920071
6 0.018870 0.681243 0.037739 0.044475 0.861206
6 0.047343 0.686194 0.056295 0.041037 0.842254
8 0.033608 0.079194 0.067217 0.050931 0.684937
8 0.617057 0.625695 0.027084 0.162822 0.126829
4 0.643702 0.641715 0.016533 0.022648 0.026926
6 0.092211 0.689870 0.018076 0.038285 0.014058
4 0.593335 0.606120 0.015464 0.046155 0.012777
4 0.617099 0.572864 0.026164 0.056490 0.004054
6 0.160555 0.701969 0.046892 0.034695 0.001912
6 0.046720 0.707894 0.059367 0.088565 0.001477
6 0.000000 0.689787 0.000000 0.093872 0.000795
1 0.032921 0.079442 0.065843 0.049173 0.000755
10 0.032921 0.079442 0.065843 0.049173 0.000751
6 0.066678 0.680299 0.015602 0.022961 0.000635
8 0.000000 0.083907 0.000000 0.055959 0.000589
8 0.000000 0.094923 0.000000 0.081182 0.000494
8 0.000000 0.072595 0.000000 0.056286 0.000402
6 0.000000 0.729063 0.000000 0.208759 0.000350
8 0.000000 0.089666 0.000000 0.061182 0.000312
6 0.068088 0.682877 0.015491 0.022745 0.000259
6 0.096192 0.685871 0.021385 0.048936 0.000213
8 0.076183 0.503991 0.041831 0.069250 0.000196
8 0.002487 0.691762 0.004974 0.084693 0.000190
8 0.000000 0.055385 0.000000 0.072245 0.000172
2 0.032921 0.079442 0.065843 0.049173 0.000167
0 0.000000 0.729063 0.000000 0.208759 0.000162
6 0.000000 0.758250 0.000000 0.289193 0.000153
4 0.593650 0.624657 0.015769 0.083312 0.000153
0 0.780141 0.382410 0.317059 0.759610 0.000151
0 0.000000 0.689787 0.000000 0.093872 0.000144
8 0.000000 0.071748 0.000000 0.086697 0.000137
8 0.000000 0.099970 0.000000 0.066743 0.000136
8 0.000000 0.105139 0.000000 0.077175 0.000132
8 0.005994 0.386763 0.011988 0.689888 0.000132
8 0.000000 0.070027 0.000000 0.080972 0.000119
8 0.000000 0.683099 0.000000 0.109059 0.000113
8 1.000000 0.305471 0.000000 0.141574 0.000109
8 0.355568 0.482536 0.033434 0.367128 0.000108
9 0.000843 0.698779 0.001685 0.075791 0.000107
8 0.000000 0.648937 0.000000 0.202538 0.000107
8 0.000000 0.120285 0.000000 0.101211 0.000107
8 0.593410 0.640235 0.016221 0.114141 0.000106
0 0.268578 0.714190 0.155748 0.159073 0.000100
