6 0.294769 0.725355 0.153583 0.158956 0.958360
6 0.794193 0.764506 0.411613 0.470988 0.940480
8 0.103727 0.604064 0.048775 0.223569 0.926409
8 0.272490 0.502354 0.069450 0.314111 0.926092
6 0.146554 0.699205 0.063842 0.064996 0.919191
8 0.042147 0.118561 0.084139 0.063069 0.917839
6 0.203899 0.696784 0.076736 0.074838 0.913227
4 0.638667 0.628604 0.026661 0.176857 0.903187
6 0.044195 0.704390 0.040592 0.043852 0.902630
8 0.017561 0.633596 0.031421 0.151662 0.840145
6 0.074314 0.707350 0.055014 0.040044 0.817723
6 0.188699 0.716836 0.044123 0.035263 0.538925
6 0.018445 0.707879 0.022036 0.027675 0.526612
6 0.109571 0.709073 0.037635 0.038756 0.037848
8 0.638653 0.630196 0.026596 0.180811 0.012492
4 0.666297 0.636917 0.018343 0.026633 0.004102
6 0.096061 0.703969 0.015560 0.025089 0.002693
6 0.022403 0.708213 0.018672 0.031794 0.002361
4 0.986630 1.000000 0.026740 0.000000 0.002314
6 0.031504 0.692912 0.014781 0.020175 0.000859
6 0.042248 0.118691 0.083545 0.063226 0.000847
10 0.042194 0.118638 0.083699 0.062834 0.000784
6 0.013494 0.760215 0.026989 0.386809 0.000774
8 1.000000 0.515118 0.000000 0.094872 0.000679
4 0.638430 0.568210 0.025391 0.055623 0.000617
6 0.073398 0.726557 0.057844 0.084368 0.000576
8 0.000000 0.123982 0.000000 0.059212 0.000494
2 0.042248 0.118691 0.083545 0.063226 0.000487
8 1.000000 0.449868 0.000000 0.128118 0.000456
8 1.000000 0.500431 0.000000 0.085905 0.000442
9 0.000000 0.936297 0.000000 0.127406 0.000415
6 0.999944 0.640416 0.000111 0.138533 0.000401
1 0.042194 0.118638 0.083699 0.062834 0.000376
8 1.000000 0.483968 0.000000 0.081684 0.000370
8 0.044530 0.414280 0.080141 0.610607 0.000317
8 0.007100 0.427563 0.014199 0.655057 0.000303
8 0.009569 0.527923 0.019138 0.437282 0.000301
8 0.000000 0.132629 0.000000 0.061107 0.000293
8 0.000000 0.138404 0.000000 0.084051 0.000258
9 0.000000 0.826003 0.000001 0.136091 0.000241
6 0.290056 0.872522 0.580113 0.254956 0.000234
6 0.000000 0.757604 0.000000 0.368765 0.000230
9 0.999986 0.940576 0.000028 0.118848 0.000226
6 0.018166 0.787258 0.036122 0.310655 0.000225
6 0.092159 0.700219 0.018008 0.022292 0.000223
9 0.999960 0.853021 0.000079 0.161572 0.000216
8 0.002199 0.080338 0.004399 0.159858 0.000200
8 0.001509 0.098023 0.003019 0.110745 0.000198
8 0.991062 0.416518 0.017875 0.375048 0.000193
2 0.483110 0.122948 0.045023 0.103116 0.000187
6 0.121563 0.709413 0.015940 0.038987 0.000186
6 0.092573 0.703586 0.020120 0.026576 0.000175
8 1.000000 0.439580 0.000000 0.178008 0.000172
0 0.273157 0.501995 0.069736 0.312557 0.000170
8 0.000000 0.114390 0.000000 0.084722 0.000168
6 0.330731 0.839423 0.661461 0.321154 0.000166
6 0.999613 0.810562 0.000774 0.150852 0.000161
8 1.000000 0.531272 0.000000 0.118012 0.000154
8 0.000000 0.103494 0.000000 0.075582 0.000148
8 0.000000 0.538473 0.000000 0.066548 0.000148
4 0.000010 0.953696 0.000020 0.092607 0.000145
6 0.097540 0.709550 0.017436 0.033961 0.000144
6 0.014859 0.821455 0.029717 0.357089 0.000140
0 0.146013 0.699333 0.062958 0.064661 0.000139
8 0.000000 0.648210 0.000000 0.203544 0.000138
0 0.836019 0.314010 0.155883 0.596149 0.000136
6 0.999713 0.786584 0.000573 0.129858 0.000135
9 0.000000 0.798285 0.000000 0.115121 0.000134
8 0.000000 0.602885 0.000000 0.104063 0.000129
6 0.999617 0.718245 0.000766 0.164719 0.000128
4 0.987408 0.998107 0.025184 0.003786 0.000124
6 1.000000 0.537498 0.000000 0.115312 0.000124
6 1.000000 0.562566 0.000000 0.241883 0.000123
6 0.034578 0.695418 0.021300 0.028232 0.000123
6 0.999974 0.934426 0.000051 0.131149 0.000122
9 0.999761 0.880231 0.000478 0.146380 0.000122
8 1.000000 0.516207 0.000000 0.087093 0.000121
6 0.999960 0.853021 0.000079 0.161572 0.000120
8 0.000000 0.459370 0.000000 0.076759 0.000117
9 0.999853 0.821038 0.000294 0.154954 0.000116
8 0.000000 0.620321 0.000000 0.088211 0.000114
8 0.000000 0.088922 0.000000 0.144635 0.000113
8 0.000000 0.146240 0.000000 0.074426 0.000111
8 0.000000 0.143377 0.000000 0.065616 0.000110
8 0.000000 0.556344 0.000000 0.063414 0.000109
6 0.999837 0.880055 0.000326 0.146689 0.000109
8 0.000000 0.437517 0.000000 0.077784 0.000109
8 0.009212 0.637155 0.018424 0.262827 0.000106
8 0.000000 0.574978 0.000000 0.090022 0.000106
0 0.000464 0.996287 0.000928 0.007425 0.000106
8 0.000000 0.404522 0.000000 0.084872 0.000105
8 0.059444 0.368965 0.118889 0.650773 0.000104
9 0.000059 0.915628 0.000117 0.159401 0.000103
0 0.760618 0.316074 0.307705 0.632148 0.000101
8 0.000000 0.511046 0.000000 0.105506 0.000101
8 0.000000 0.536319 0.000000 0.383536 0.000101
