0 0.824653 0.639766 0.175517 0.698720 0.966306
0 0.659266 0.705828 0.129502 0.578282 0.961551
0 0.706841 0.593564 0.034721 0.149881 0.925992
8 0.909229 0.375279 0.059581 0.417529 0.925129
8 0.871113 0.411595 0.029157 0.139893 0.921920
8 0.945828 0.476500 0.030903 0.124579 0.919747
8 0.908038 0.497298 0.023833 0.100124 0.784605
6 0.929563 0.540054 0.018074 0.024411 0.774824
4 0.904411 0.495202 0.020596 0.021590 0.589284
8 0.907913 0.482855 0.024524 0.070524 0.138995
6 0.963911 0.533909 0.018430 0.035704 0.106284
4 0.908007 0.497415 0.024202 0.098825 0.049434
6 0.944634 0.537458 0.018033 0.026867 0.031671
4 0.907913 0.482855 0.024524 0.070524 0.009913
0 0.963612 0.534071 0.017856 0.037036 0.008480
4 0.904345 0.529121 0.025844 0.092917 0.005475
4 0.907274 0.489454 0.022782 0.038577 0.003818
4 0.906028 0.505903 0.024108 0.045927 0.003284
6 0.969640 0.535221 0.017069 0.038593 0.002083
0 0.943742 0.538431 0.014939 0.027457 0.002017
6 0.997671 0.537547 0.004658 0.015134 0.001937
6 0.997657 0.509319 0.004687 0.042564 0.001627
4 0.901357 0.495667 0.032328 0.037339 0.001195
6 0.997380 0.517837 0.005239 0.047651 0.000701
6 0.908161 0.495881 0.023792 0.097503 0.000608
8 1.000000 0.463680 0.000000 0.109984 0.000367
0 0.930160 0.540105 0.019368 0.025257 0.000326
8 1.000000 0.129490 0.000000 0.093720 0.000319
8 1.000000 0.149793 0.000000 0.126529 0.000316
8 0.963453 0.534640 0.018003 0.037296 0.000291
6 0.999461 0.503974 0.001079 0.031973 0.000277
0 0.908996 0.373658 0.059196 0.416816 0.000259
8 1.000000 0.180868 0.000000 0.170279 0.000247
8 0.906690 0.474554 0.021224 0.056934 0.000223
5 0.930319 0.540108 0.019410 0.025276 0.000191
8 0.907274 0.489454 0.022782 0.038577 0.000190
6 0.949767 0.532944 0.015342 0.024290 0.000187
6 0.999331 0.520344 0.001338 0.043741 0.000176
8 1.000000 0.482709 0.000000 0.100221 0.000168
6 0.998662 0.537625 0.002676 0.019780 0.000161
9 1.000000 0.580666 0.000000 0.137603 0.000158
8 1.000000 0.436640 0.000000 0.119880 0.000152
6 0.999470 0.513635 0.001061 0.039905 0.000149
8 0.929766 0.540306 0.018900 0.023606 0.000145
6 1.000000 0.506096 0.000000 0.077109 0.000144
6 0.997968 0.552358 0.004065 0.108861 0.000136
5 0.621369 0.749155 0.058183 0.111355 0.000133
8 0.905909 0.496120 0.021837 0.024222 0.000128
6 0.982072 0.491985 0.035855 0.109112 0.000121
8 0.901357 0.495667 0.032328 0.037339 0.000117
6 0.997422 0.499538 0.005157 0.050151 0.000116
6 0.999556 0.492876 0.000887 0.034149 0.000107
6 0.997570 0.541865 0.004861 0.024167 0.000102
