5 0.901841 0.389164 0.107228 0.389504 0.963838
5 0.314444 0.438225 0.116465 0.273666 0.961326
5 0.716996 0.406772 0.108697 0.351348 0.952752
5 0.548473 0.433052 0.083381 0.331114 0.948974
5 0.243555 0.437813 0.073332 0.246105 0.948255
6 0.556503 0.235994 0.310875 0.211031 0.925703
9 0.241471 0.396920 0.077864 0.177439 0.883652
5 0.149112 0.366531 0.092143 0.198874 0.058653
6 0.145805 0.361688 0.105781 0.228521 0.026291
9 0.219231 0.395407 0.123095 0.180596 0.005193
3 0.150531 0.350404 0.085346 0.197956 0.003750
9 0.242321 0.347681 0.073990 0.080793 0.001117
0 0.150667 0.336805 0.082570 0.176397 0.000870
9 0.243687 0.439031 0.073229 0.244506 0.000687
11 0.139760 0.357865 0.119351 0.220685 0.000550
0 0.247894 0.637817 0.007583 0.025671 0.000512
4 0.202464 0.145713 0.009003 0.026155 0.000353
6 0.174249 0.368127 0.140404 0.227519 0.000334
0 0.262898 0.666718 0.015573 0.055857 0.000299
5 0.151141 0.335746 0.082057 0.172481 0.000268
5 0.239231 0.397040 0.083755 0.177747 0.000224
8 0.307724 0.000000 0.030694 0.000000 0.000216
8 0.302761 0.000000 0.028502 0.000000 0.000187
4 0.047950 0.539470 0.034551 0.058309 0.000168
6 0.716888 0.407793 0.109086 0.351671 0.000159
9 0.000042 0.899110 0.000083 0.101290 0.000147
6 0.129811 0.361124 0.149689 0.219332 0.000147
8 0.296568 0.000000 0.034282 0.000000 0.000140
4 0.001281 0.984518 0.002562 0.030964 0.000134
4 0.003086 0.998217 0.006172 0.003567 0.000129
11 0.716888 0.407793 0.109086 0.351671 0.000110
8 0.246012 0.000000 0.046585 0.000000 0.000108
2 0.545682 1.000000 0.035919 0.000000 0.000101
