0 0.396761 0.409989 0.111268 0.518256 0.957187
0 0.284929 0.443715 0.158762 0.708559 0.954535
0 0.520854 0.450735 0.064356 0.154123 0.953005
6 0.096428 0.391663 0.075051 0.072735 0.935799
6 0.047924 0.433141 0.054829 0.078583 0.923718
6 0.197494 0.376726 0.039974 0.055805 0.905753
6 0.120010 0.425663 0.050574 0.064760 0.905624
4 0.536828 0.347706 0.024411 0.048878 0.893953
0 0.473552 0.340364 0.020189 0.036036 0.863468
0 0.447957 0.459523 0.057624 0.135469 0.721206
0 0.196848 0.346785 0.011474 0.027803 0.514239
6 0.851002 0.284416 0.041829 0.034335 0.310229
0 0.195786 0.341352 0.012830 0.036010 0.005894
4 0.282345 0.087079 0.021863 0.046119 0.005642
6 0.032456 0.415332 0.034260 0.060791 0.004391
0 0.437852 0.424680 0.027127 0.051611 0.002568
6 0.004234 0.387642 0.008468 0.240783 0.000827
4 0.314595 0.087019 0.021200 0.045453 0.000697
6 0.989452 0.464773 0.021096 0.206585 0.000623
4 0.411361 0.037793 0.012375 0.011212 0.000614
0 0.453920 0.447674 0.059842 0.114578 0.000608
6 0.010918 0.412763 0.019894 0.061712 0.000456
6 0.013659 0.417133 0.019780 0.058814 0.000454
6 0.003887 0.422075 0.007774 0.162258 0.000418
6 0.009352 0.401148 0.018703 0.215539 0.000387
6 0.000000 0.477703 0.000000 0.287675 0.000377
8 0.003095 0.364916 0.006190 0.296491 0.000374
6 0.536679 0.347784 0.024520 0.048710 0.000323
6 0.971347 0.468527 0.057306 0.174377 0.000293
6 0.008617 0.432035 0.017234 0.111529 0.000289
0 0.871003 0.559075 0.021213 0.103616 0.000244
6 0.473738 0.340756 0.020284 0.036937 0.000237
9 0.536577 0.347352 0.024570 0.049363 0.000231
6 0.990660 0.432087 0.018680 0.235104 0.000227
8 0.001453 0.118739 0.002906 0.231093 0.000194
8 0.536828 0.347706 0.024411 0.048878 0.000184
6 0.000124 0.545091 0.000247 0.124551 0.000178
8 0.001284 0.174935 0.002569 0.335316 0.000159
0 0.536718 0.347513 0.024501 0.049138 0.000150
8 0.008299 0.392951 0.016598 0.229833 0.000147
0 0.438682 0.431295 0.031969 0.061533 0.000143
8 0.003019 0.285597 0.006039 0.478328 0.000138
6 0.003114 0.418644 0.006227 0.085992 0.000131
4 0.246357 0.022947 0.082237 0.045111 0.000124
8 0.005537 0.345160 0.011073 0.332460 0.000124
6 0.000340 0.526225 0.000680 0.106686 0.000123
8 0.959016 1.000000 0.044076 0.000000 0.000122
8 0.248200 0.131939 0.078823 0.263877 0.000121
6 0.001132 0.448068 0.002265 0.269674 0.000119
4 0.002660 0.998292 0.005320 0.003417 0.000116
6 0.991584 0.484484 0.016832 0.221566 0.000108
4 0.990660 0.432087 0.018680 0.235104 0.000107
2 0.990358 0.472886 0.019283 0.208617 0.000107
3 0.536577 0.347352 0.024570 0.049363 0.000107
