0 0.658148 0.559400 0.062384 0.153917 0.952627
0 0.450116 0.570647 0.048351 0.138499 0.939380
0 0.566374 0.565998 0.048224 0.114881 0.931849
6 0.250366 0.476155 0.073047 0.063303 0.931724
6 0.421914 0.456539 0.074329 0.054360 0.930682
0 0.593050 0.566885 0.048483 0.124977 0.930583
6 0.127183 0.532947 0.056787 0.076858 0.929821
6 0.202059 0.511110 0.052956 0.069549 0.920038
8 0.386501 0.311256 0.094862 0.612083 0.915014
4 0.544843 0.517191 0.028670 0.038655 0.912394
6 0.137446 0.490886 0.074891 0.057320 0.907140
6 0.348579 0.465185 0.057431 0.055371 0.906239
6 0.272430 0.509128 0.049234 0.059560 0.905966
4 0.531229 0.582042 0.029525 0.056140 0.904679
4 0.673907 0.456677 0.025063 0.047319 0.904454
8 0.159288 0.497115 0.035684 0.199479 0.903331
6 0.043904 0.490121 0.071054 0.054171 0.881597
0 0.467270 0.473133 0.016070 0.062266 0.861074
0 0.612350 0.446899 0.017222 0.034761 0.834763
0 0.584198 0.454108 0.013352 0.026716 0.791720
6 0.187831 0.497786 0.037510 0.061588 0.526781
0 0.343437 0.434901 0.012602 0.016481 0.469257
0 0.087838 0.509047 0.009615 0.030449 0.403978
6 0.050950 0.531670 0.057597 0.066878 0.295675
0 0.491709 0.510177 0.045285 0.074100 0.208959
0 0.086303 0.508289 0.011465 0.033588 0.092933
6 0.491570 0.510212 0.045057 0.074104 0.086976
0 0.467076 0.445816 0.010526 0.018992 0.066103
0 0.587308 0.454108 0.015626 0.027275 0.019063
8 0.187831 0.497786 0.037510 0.061588 0.017211
6 0.148698 0.493543 0.056375 0.057104 0.009824
0 0.591743 0.454435 0.012390 0.023342 0.008763
0 0.630629 0.450737 0.013424 0.022134 0.005882
0 0.628069 0.452200 0.013217 0.022453 0.003434
6 0.159055 0.496265 0.036770 0.198920 0.003092
0 0.594454 0.456111 0.008871 0.021091 0.002576
2 0.491668 0.510121 0.045031 0.074164 0.002517
0 0.467106 0.448287 0.012344 0.024715 0.002496
0 0.637659 0.447371 0.012862 0.025814 0.002485
0 0.639532 0.442644 0.012563 0.021072 0.002254
0 0.341588 0.440489 0.018194 0.018237 0.002157
0 0.159951 0.495685 0.034943 0.197981 0.002038
6 0.544947 0.517556 0.028702 0.038370 0.001653
6 0.251416 0.492890 0.042012 0.033919 0.001251
9 0.544947 0.517556 0.028702 0.038370 0.001225
6 0.001749 0.498235 0.003497 0.063764 0.001216
6 0.002383 0.503087 0.004766 0.096081 0.000958
4 0.343952 0.434820 0.011441 0.016725 0.000883
0 0.613168 0.434545 0.017359 0.047614 0.000865
8 0.138276 0.492107 0.076400 0.063858 0.000848
0 0.638970 0.441497 0.015713 0.035073 0.000837
0 0.567459 0.447935 0.011154 0.033875 0.000821
6 0.128182 0.502084 0.055700 0.042724 0.000732
9 0.187831 0.497786 0.037510 0.061588 0.000732
8 0.272490 0.509350 0.049299 0.059798 0.000675
0 0.847964 0.585772 0.033892 0.063008 0.000631
6 0.487558 0.400070 0.022645 0.031194 0.000605
6 0.015410 0.503339 0.029618 0.037347 0.000591
8 0.250259 0.475258 0.072480 0.062193 0.000564
6 0.140999 0.500612 0.054436 0.045750 0.000483
0 0.421999 0.456507 0.074816 0.053493 0.000455
4 0.223234 0.054688 0.031633 0.036914 0.000433
4 0.977494 0.264610 0.027604 0.062297 0.000403
5 0.491570 0.510212 0.045057 0.074104 0.000397
4 0.238152 1.000000 0.037943 0.000000 0.000394
6 0.000911 0.482034 0.001822 0.077852 0.000365
6 0.531108 0.582228 0.029563 0.055176 0.000355
3 0.544947 0.517556 0.028702 0.038370 0.000320
0 0.568946 0.450534 0.012835 0.032025 0.000314
6 0.002110 0.524969 0.004220 0.146180 0.000300
3 0.531108 0.582228 0.029563 0.055176 0.000300
0 0.346296 0.427124 0.015751 0.028597 0.000286
0 0.576041 0.567105 0.030747 0.113267 0.000268
2 0.578248 0.767732 0.083549 0.044893 0.000264
8 0.001508 0.148643 0.003016 0.297286 0.000238
0 0.346964 0.432536 0.017111 0.021076 0.000234
0 0.627975 0.449528 0.016173 0.027565 0.000228
1 0.491570 0.510212 0.045057 0.074104 0.000213
9 0.159055 0.496265 0.036770 0.198920 0.000209
8 0.001639 0.111489 0.003277 0.222979 0.000206
8 0.491657 0.510400 0.045383 0.073942 0.000197
4 0.187831 0.497786 0.037510 0.061588 0.000189
0 0.342075 0.436986 0.017990 0.021850 0.000174
0 0.466143 0.449231 0.016160 0.030726 0.000171
4 0.159055 0.496265 0.036770 0.198920 0.000167
6 0.673637 0.456586 0.025174 0.047319 0.000166
5 0.127049 0.532896 0.057115 0.077479 0.000164
5 0.531108 0.582228 0.029563 0.055176 0.000163
6 0.011190 0.502460 0.022381 0.039089 0.000159
9 0.531108 0.582228 0.029563 0.055176 0.000158
6 0.014883 0.500719 0.029767 0.062841 0.000157
8 0.001771 0.261649 0.003542 0.522449 0.000151
0 0.615783 0.449221 0.014783 0.029398 0.000148
6 0.341588 0.440489 0.018194 0.018237 0.000148
6 0.001932 0.449569 0.003864 0.193555 0.000147
4 0.491570 0.510212 0.045057 0.074104 0.000146
8 0.201730 0.512505 0.052909 0.068369 0.000143
8 0.674100 0.456925 0.024838 0.046908 0.000142
5 0.544635 0.518430 0.030880 0.039003 0.000140
6 0.001141 0.517113 0.002282 0.080609 0.000133
