5 0.609225 0.576008 0.112409 0.285476 0.962981
5 0.756847 0.576731 0.101625 0.328650 0.962886
5 0.478619 0.576406 0.093087 0.268703 0.961605
5 0.309474 0.570325 0.073841 0.224353 0.952012
5 0.265770 0.560057 0.060534 0.204387 0.946844
4 0.080641 0.267179 0.034625 0.066692 0.935015
4 0.037648 0.275310 0.035098 0.057644 0.903248
4 0.109579 0.273724 0.019219 0.050366 0.902627
9 0.286834 0.525030 0.092945 0.150314 0.898294
4 0.169185 0.345051 0.015274 0.019244 0.664266
4 0.322864 0.161423 0.048563 0.124544 0.301838
4 0.446894 0.229893 0.017553 0.075586 0.004721
5 0.284176 0.589031 0.027309 0.149691 0.002993
5 0.287521 0.524553 0.088417 0.152586 0.001657
5 0.288428 0.530917 0.042531 0.142367 0.001505
4 0.003902 0.332197 0.006776 0.057049 0.000492
9 0.282592 0.540275 0.047183 0.170046 0.000481
9 0.288810 0.530404 0.046998 0.150573 0.000350
6 0.008397 0.521081 0.016795 0.316799 0.000259
5 0.277355 0.534569 0.046945 0.159298 0.000248
6 0.999857 0.242872 0.000285 0.100849 0.000201
0 0.529265 0.861556 0.187183 0.254958 0.000175
6 0.478649 0.575898 0.093328 0.267306 0.000168
8 0.002265 0.085739 0.004530 0.168499 0.000161
8 0.756804 0.576520 0.101922 0.328802 0.000154
4 0.006431 0.029327 0.012020 0.058653 0.000149
4 0.000244 0.272771 0.000489 0.105435 0.000148
9 0.298376 0.537259 0.047271 0.157365 0.000147
9 0.000055 0.525204 0.000110 0.075280 0.000145
8 0.950190 0.000000 0.040271 0.000000 0.000140
3 0.478649 0.575898 0.093328 0.267306 0.000131
9 0.000103 0.546034 0.000207 0.079348 0.000130
6 0.011267 0.559065 0.022534 0.296201 0.000119
0 0.478649 0.575898 0.093328 0.267306 0.000116
3 0.265719 0.560146 0.061082 0.204076 0.000113
9 0.000028 0.504442 0.000056 0.069914 0.000111
0 0.609339 0.575741 0.113046 0.285598 0.000111
11 0.478649 0.575898 0.093328 0.267306 0.000109
9 0.010770 0.661001 0.021540 0.329630 0.000109
9 0.000117 0.567677 0.000233 0.088735 0.000108
9 0.012479 0.631465 0.024807 0.279064 0.000105
6 0.286834 0.525030 0.092945 0.150314 0.000102
