1 0.593144 0.530493 0.087638 0.162352 0.965748
2 0.770440 0.673486 0.063753 0.098695 0.947582
2 0.969554 0.630962 0.060290 0.079197 0.943416
2 0.448511 0.626592 0.040803 0.055468 0.920211
2 0.798855 0.574171 0.028723 0.048581 0.905627
2 0.751707 0.565554 0.031066 0.050304 0.898151
2 0.863281 0.444135 0.018381 0.025721 0.757075
2 0.681553 0.571819 0.067155 0.077514 0.737598
2 0.526637 0.567307 0.027317 0.047416 0.735405
2 0.662013 0.482175 0.017816 0.022249 0.733373
2 0.605341 0.603257 0.038238 0.054842 0.684537
2 0.503596 0.592373 0.031822 0.059717 0.655480
0 0.614044 0.513940 0.034312 0.066264 0.573283
2 0.715418 0.541577 0.025888 0.043751 0.338028
4 0.137789 0.580084 0.020965 0.034530 0.321797
2 0.217675 0.624201 0.013042 0.020279 0.218154
2 0.680248 0.550551 0.022207 0.043064 0.213312
2 0.479214 0.581368 0.016500 0.041007 0.192378
0 0.573238 0.525492 0.028934 0.059617 0.171784
2 0.666015 0.542194 0.021172 0.037152 0.139690
2 0.968599 0.965407 0.062803 0.069187 0.025652
2 0.205465 0.624653 0.015063 0.019931 0.024570
2 0.239304 0.619442 0.017977 0.021347 0.023282
2 0.483945 0.584539 0.026355 0.044204 0.013408
2 0.508454 0.582646 0.045956 0.040124 0.012522
2 0.688059 0.581048 0.019072 0.055709 0.004391
2 0.699458 0.563287 0.020541 0.038480 0.003056
2 0.671766 0.547721 0.027112 0.045183 0.002590
2 0.491071 0.589125 0.019070 0.049354 0.002024
2 0.688385 0.572172 0.044790 0.061045 0.001769
2 0.487234 0.582744 0.023225 0.039343 0.001687
2 0.496901 0.594477 0.024019 0.058082 0.001641
2 0.716935 0.555486 0.026632 0.033030 0.001010
2 0.962604 1.000000 0.030896 0.000000 0.000882
2 0.967362 0.974374 0.064965 0.051252 0.000810
2 0.953789 1.000000 0.032367 0.000000 0.000698
2 0.718186 0.560881 0.025101 0.025011 0.000661
2 0.206454 0.628745 0.014955 0.023950 0.000589
2 0.947126 1.000000 0.045219 0.000000 0.000534
2 0.681315 0.607354 0.069154 0.156531 0.000499
2 0.679329 0.556394 0.028151 0.056184 0.000431
0 0.969446 0.631047 0.060511 0.078812 0.000401
2 0.217038 0.618851 0.015367 0.031543 0.000364
2 0.695707 0.565181 0.022330 0.041520 0.000325
2 0.969964 1.000000 0.043443 0.000000 0.000299
2 0.685950 0.571170 0.020443 0.058024 0.000297
9 0.000000 0.518825 0.000000 0.083127 0.000270
9 0.000000 0.614631 0.000000 0.093414 0.000270
2 0.968474 0.923147 0.063052 0.153706 0.000264
2 0.981414 1.000000 0.037172 0.000000 0.000263
2 0.487010 0.598605 0.033823 0.062265 0.000260
2 0.958296 0.991752 0.021122 0.016496 0.000258
2 0.100951 0.889021 0.073650 0.221959 0.000250
2 0.507063 0.590340 0.023427 0.057020 0.000212
2 0.658376 0.576081 0.026097 0.049971 0.000200
2 0.959922 0.986217 0.069032 0.027565 0.000174
2 0.699757 0.565338 0.034701 0.046654 0.000167
2 0.684122 0.574220 0.026660 0.068576 0.000157
9 0.000107 0.553208 0.000215 0.088517 0.000143
2 0.559884 0.043476 0.011247 0.037292 0.000140
9 0.000000 0.590884 0.000000 0.091176 0.000139
2 0.747069 0.464090 0.013581 0.021481 0.000135
9 0.000000 0.686030 0.000000 0.110357 0.000129
2 0.660913 0.566711 0.027891 0.062315 0.000123
9 0.000000 0.643084 0.000000 0.098794 0.000113
