0 0.667995 0.525784 0.349972 0.819469 0.965820
3 0.251369 0.616451 0.153717 0.239086 0.958983
8 0.238235 0.076624 0.129974 0.068633 0.946203
8 0.497230 0.055875 0.110012 0.066811 0.940586
8 0.891902 0.131915 0.096859 0.045186 0.930133
8 0.949417 0.029114 0.101165 0.057381 0.926907
8 0.525985 0.153994 0.086854 0.046237 0.924209
8 0.320472 0.168261 0.093176 0.057205 0.923518
6 0.559944 0.671358 0.047383 0.056314 0.922084
6 0.798613 0.669578 0.053481 0.049497 0.898625
6 0.756250 0.671965 0.050658 0.053049 0.891984
6 0.322826 0.672845 0.032449 0.049826 0.873741
6 0.595823 0.669946 0.033186 0.045947 0.003370
8 0.964486 0.000139 0.069958 0.000277 0.000921
8 0.985896 0.000000 0.028208 0.000000 0.000503
8 0.212473 0.000000 0.074451 0.000000 0.000419
8 0.098687 0.048071 0.030685 0.053280 0.000393
4 0.320175 0.168487 0.092823 0.056933 0.000360
8 0.471515 0.000000 0.103351 0.000000 0.000349
0 0.344791 0.489556 0.027651 0.183105 0.000316
8 0.500176 0.000000 0.097506 0.000000 0.000314
6 0.541314 0.000000 0.068463 0.000000 0.000286
8 0.004523 0.164636 0.009046 0.314333 0.000245
8 0.003051 0.244954 0.006103 0.374471 0.000232
8 0.996129 0.000177 0.007743 0.000354 0.000211
8 0.954304 0.000000 0.069469 0.000000 0.000196
8 0.222614 0.000000 0.059756 0.000000 0.000135
8 0.251530 0.616453 0.153387 0.240045 0.000125
8 0.000000 0.208608 0.000000 0.053243 0.000125
8 0.037131 0.162207 0.074261 0.316454 0.000117
0 0.512562 0.881675 0.024918 0.085503 0.000113
8 0.000000 0.200168 0.000000 0.053176 0.000109
5 0.495269 0.000000 0.101990 0.000000 0.000109
