0 0.576793 0.536896 0.176263 0.694060 0.963985
3 0.177355 0.624042 0.152047 0.239340 0.961722
8 0.497877 0.057403 0.109104 0.065774 0.927221
8 0.891259 0.132324 0.104499 0.045547 0.908537
8 0.525517 0.154973 0.079846 0.042622 0.907051
8 0.953397 0.026766 0.092919 0.053532 0.902313
6 0.621128 0.669601 0.027055 0.040926 0.898998
6 0.322846 0.673981 0.033893 0.043398 0.898679
6 0.798624 0.673208 0.052473 0.053345 0.892867
6 0.756480 0.671816 0.048808 0.045604 0.884737
6 0.722660 0.667599 0.033835 0.047308 0.872906
6 0.644345 0.670850 0.033640 0.043340 0.858258
6 0.672815 0.669485 0.033131 0.043642 0.841657
8 0.238260 0.076641 0.129616 0.067567 0.816902
8 0.321397 0.166818 0.095124 0.051728 0.761722
6 0.695219 0.670112 0.032767 0.041357 0.682208
4 0.525689 0.155406 0.079954 0.042837 0.001551
0 0.899480 0.233602 0.028418 0.064423 0.000683
6 0.685781 0.669867 0.021326 0.041297 0.000614
8 0.967563 0.000000 0.063581 0.000000 0.000492
2 0.620869 0.669606 0.027018 0.041006 0.000375
0 0.525689 0.155406 0.079954 0.042837 0.000282
1 0.525689 0.155406 0.079954 0.042837 0.000242
8 0.002486 0.236245 0.004972 0.361865 0.000236
8 0.003220 0.185606 0.006439 0.337517 0.000226
8 0.221051 0.000000 0.068195 0.000000 0.000226
3 0.896255 0.276483 0.036520 0.042119 0.000206
8 0.977975 0.000054 0.041726 0.000109 0.000186
0 0.317630 0.280195 0.010579 0.041730 0.000167
8 0.982287 0.000386 0.035427 0.000772 0.000162
8 0.798683 0.673075 0.051776 0.053257 0.000161
6 0.525689 0.155406 0.079954 0.042837 0.000160
6 0.680720 0.668183 0.022679 0.041935 0.000135
8 0.003513 0.137676 0.007026 0.267562 0.000128
2 0.177322 0.623824 0.151872 0.238878 0.000118
6 0.321392 0.166813 0.095014 0.051513 0.000113
8 0.000007 0.209986 0.000014 0.052907 0.000112
0 0.995623 0.593243 0.008755 0.758961 0.000111
8 0.000000 0.202872 0.000000 0.049621 0.000111
1 0.891137 0.132185 0.104350 0.046023 0.000107
