0 0.451450 0.597243 0.146925 0.302434 0.956717
8 0.206587 0.031906 0.127629 0.063144 0.941636
8 0.234400 0.132234 0.094930 0.049255 0.937792
6 0.533489 0.687056 0.099426 0.063675 0.933077
8 0.654424 0.055197 0.112470 0.054970 0.932073
6 0.404611 0.744692 0.089200 0.063226 0.928549
6 0.269757 0.667456 0.050065 0.050966 0.927527
8 0.590967 0.147880 0.084063 0.043363 0.922365
6 0.380545 0.663656 0.031371 0.039435 0.902761
6 0.013431 0.681877 0.026527 0.046456 0.889769
8 0.026407 0.122554 0.052815 0.048871 0.883888
6 0.330990 0.663382 0.031629 0.045514 0.881903
6 0.356664 0.662996 0.032184 0.044607 0.831777
6 0.307530 0.666114 0.026991 0.038198 0.001435
3 0.000000 0.628724 0.000000 0.309133 0.000985
0 0.307707 0.665787 0.026057 0.038405 0.000448
8 0.000000 0.051022 0.000000 0.102043 0.000343
8 0.646452 0.000000 0.098520 0.000000 0.000231
0 0.709019 0.231927 0.011200 0.044801 0.000229
6 0.000000 0.660955 0.000000 0.184076 0.000216
3 0.010146 0.643569 0.020292 0.232756 0.000198
9 0.000000 0.663133 0.000000 0.038996 0.000198
8 0.213382 0.000000 0.050252 0.000000 0.000184
8 0.000000 0.078025 0.000000 0.127563 0.000181
8 0.229257 0.000000 0.048810 0.000000 0.000179
8 0.001222 0.074486 0.002443 0.136576 0.000164
0 0.272694 0.275034 0.009412 0.051754 0.000164
10 0.026715 0.122883 0.053430 0.049207 0.000152
9 0.000000 0.638975 0.000000 0.050229 0.000144
0 0.369126 0.217349 0.010673 0.068514 0.000144
6 0.045926 0.665256 0.011739 0.017822 0.000139
8 0.000000 0.110407 0.000000 0.102970 0.000134
9 0.000000 0.675739 0.000000 0.038765 0.000125
9 0.000000 0.650573 0.000000 0.043837 0.000116
9 0.000000 0.628199 0.000000 0.055745 0.000113
0 0.262358 0.275089 0.017396 0.058998 0.000107
3 0.000000 0.660955 0.000000 0.184076 0.000104
9 0.000037 0.690476 0.000073 0.047951 0.000104
8 0.181942 0.000000 0.040541 0.000000 0.000102
8 0.000024 0.137607 0.000047 0.097036 0.000101
