2 0.413043 0.466293 0.060085 0.190494 0.956379
2 0.572664 0.551957 0.055790 0.165579 0.955645
2 0.532229 0.616000 0.070538 0.146786 0.953401
2 0.502154 0.553237 0.071178 0.179981 0.948964
2 0.368270 0.487679 0.040151 0.126471 0.930011
2 0.302683 0.414693 0.046585 0.125012 0.922248
2 0.176104 0.560475 0.054542 0.124809 0.240626
2 0.994594 0.527997 0.010812 0.180811 0.000172
2 0.372948 0.406790 0.040222 0.067092 0.000141
4 0.993873 0.506130 0.012254 0.200424 0.000126
2 0.119776 0.385898 0.022693 0.085931 0.000106
