3 0.177873 0.624192 0.150246 0.233684 0.963013
0 0.604188 0.530256 0.252129 0.923483 0.954043
8 0.497993 0.058521 0.109805 0.077081 0.937002
8 0.525521 0.155170 0.094635 0.050965 0.928929
8 0.237562 0.076785 0.130083 0.069128 0.928301
8 0.321094 0.166205 0.088409 0.056931 0.915285
6 0.799004 0.670352 0.054300 0.057658 0.901928
8 0.891215 0.132122 0.095107 0.053780 0.899830
6 0.322946 0.674546 0.034452 0.042148 0.876398
6 0.756475 0.672836 0.049759 0.047609 0.873477
6 0.550486 0.669670 0.032656 0.045508 0.873325
8 0.950675 0.033365 0.098650 0.066729 0.857350
6 0.722757 0.666746 0.035655 0.046516 0.355324
8 0.221770 0.000000 0.054457 0.000000 0.000497
8 0.985075 0.000000 0.029850 0.000000 0.000302
8 0.002230 0.245854 0.004460 0.349513 0.000229
8 0.835883 0.000000 0.057777 0.000000 0.000170
8 0.003748 0.160752 0.007495 0.308397 0.000155
0 0.447891 0.838483 0.018650 0.044166 0.000152
8 0.002869 0.190397 0.005738 0.337358 0.000148
0 0.177758 0.623623 0.150224 0.232123 0.000142
2 0.177758 0.623623 0.150224 0.232123 0.000141
8 0.000000 0.203206 0.000000 0.051646 0.000141
8 0.499090 0.000000 0.090795 0.000000 0.000132
8 0.000010 0.210375 0.000019 0.054110 0.000125
8 0.964679 0.000000 0.065104 0.000000 0.000124
8 0.543538 0.000000 0.049907 0.000000 0.000121
0 0.995747 0.570338 0.008506 0.797163 0.000118
6 0.177758 0.623623 0.150224 0.232123 0.000118
2 0.723012 0.666648 0.035899 0.048232 0.000114
9 1.000000 0.027909 0.000000 0.055818 0.000104
