2 0.211359 0.129307 0.032033 0.101381 0.924164
2 0.142683 0.232371 0.028010 0.087572 0.908886
2 0.484703 0.430229 0.038145 0.057939 0.896688
2 0.417932 0.275450 0.028096 0.071616 0.886010
2 0.045175 0.972353 0.065338 0.055294 0.044077
8 0.269374 0.000000 0.030731 0.000000 0.000366
2 0.371644 0.856031 0.016212 0.040691 0.000279
2 0.019743 1.000000 0.039486 0.000000 0.000190
8 0.252810 0.000000 0.037652 0.000000 0.000170
0 0.453660 0.853947 0.019343 0.137892 0.000169
8 0.001688 0.988588 0.003376 0.022823 0.000162
8 0.258991 0.000000 0.029622 0.000000 0.000156
8 0.264587 0.000027 0.027715 0.000055 0.000150
8 0.131815 0.000000 0.045498 0.000000 0.000145
2 0.029128 0.992337 0.058256 0.015325 0.000138
4 0.205122 0.000000 0.039941 0.000000 0.000123
8 0.049367 0.000000 0.033508 0.000000 0.000114
8 0.188152 0.000000 0.044773 0.000000 0.000113
2 0.024961 0.986594 0.024838 0.026813 0.000112
8 0.002666 0.087335 0.005332 0.174669 0.000106
2 0.046997 1.000000 0.045765 0.000000 0.000104
