2 0.376540 0.839222 0.018740 0.076773 0.907005
2 0.422749 0.160568 0.022166 0.056573 0.890756
2 0.003938 0.590874 0.007636 0.044899 0.056168
0 0.376686 0.838622 0.018528 0.077179 0.001410
4 0.002209 0.591952 0.004418 0.047758 0.001061
2 0.002209 0.591952 0.004418 0.047758 0.000761
0 0.545543 0.805465 0.025422 0.120242 0.000522
8 0.002209 0.591952 0.004418 0.047758 0.000494
2 0.507124 0.574010 0.011506 0.036840 0.000346
2 0.000000 0.591245 0.000000 0.110399 0.000296
9 0.002209 0.591952 0.004418 0.047758 0.000218
4 0.004267 0.590205 0.008446 0.046095 0.000205
2 0.004219 0.602797 0.008101 0.069221 0.000159
6 0.004267 0.590205 0.008446 0.046095 0.000155
9 0.229529 0.577459 0.013798 0.031163 0.000153
3 0.002209 0.591952 0.004418 0.047758 0.000135
4 0.892400 0.682581 0.016941 0.081733 0.000131
8 0.986837 0.000000 0.026326 0.000000 0.000113
2 0.005308 0.598600 0.010467 0.060975 0.000111
6 0.229529 0.577459 0.013798 0.031163 0.000104
6 0.990875 0.270536 0.018251 0.277556 0.000101
