2 0.723483 0.436039 0.047126 0.167309 0.951502
2 0.974905 0.416810 0.046852 0.138254 0.936637
2 0.916778 0.544039 0.057856 0.107265 0.912889
2 0.653232 0.424571 0.018431 0.147890 0.904452
2 0.690235 0.427819 0.017694 0.093590 0.896155
2 0.402405 0.432214 0.027199 0.107134 0.519623
2 0.527937 0.419621 0.019196 0.094897 0.413192
2 0.612333 0.420496 0.035322 0.105288 0.385085
2 0.240134 0.342595 0.022671 0.092974 0.227924
2 0.402229 0.408177 0.026435 0.060350 0.093441
2 0.370244 0.431777 0.016025 0.079606 0.024615
2 0.175460 0.612996 0.037631 0.096816 0.021069
2 0.240005 0.325577 0.021741 0.058642 0.011699
2 0.771462 0.695789 0.022008 0.112007 0.004773
2 0.889683 0.493567 0.004443 0.078861 0.001986
2 0.991993 0.485440 0.015815 0.121427 0.001088
2 0.916119 0.572542 0.057548 0.160885 0.000758
2 0.614406 0.381147 0.028230 0.051716 0.000669
0 0.653369 0.425103 0.018799 0.147793 0.000662
2 0.890004 0.504599 0.004510 0.100709 0.000643
2 0.988508 0.452342 0.019658 0.064086 0.000643
2 0.992919 0.673520 0.014163 0.150731 0.000548
2 0.993354 0.646911 0.013292 0.176170 0.000534
2 0.990457 0.463177 0.017646 0.085738 0.000454
2 0.992675 0.607499 0.014650 0.232769 0.000381
2 1.000000 0.491144 0.000000 0.123128 0.000356
2 0.999989 0.514963 0.000023 0.119783 0.000257
2 0.616240 0.417367 0.041083 0.124264 0.000253
2 0.330045 0.323326 0.025532 0.052333 0.000213
2 0.994030 0.706866 0.011939 0.114681 0.000210
2 0.989216 0.481983 0.020478 0.123767 0.000174
2 0.999503 0.739703 0.000995 0.104064 0.000153
2 0.613083 0.398701 0.029651 0.085729 0.000144
2 0.380206 0.434077 0.033310 0.093628 0.000136
2 0.802801 0.670291 0.046962 0.173918 0.000125
2 0.993784 0.727394 0.012431 0.099876 0.000121
2 1.000000 0.479842 0.000000 0.131616 0.000113
2 0.903215 0.491764 0.030661 0.075913 0.000111
2 0.690504 0.403656 0.016291 0.043804 0.000104
2 1.000000 0.732803 0.000000 0.131979 0.000102
2 0.612668 0.434703 0.032936 0.068251 0.000101
