2 0.603695 0.375178 0.101440 0.364640 0.967428
2 0.520682 0.777040 0.327172 0.442879 0.939244
2 0.466411 0.228418 0.095395 0.109697 0.937022
2 0.542914 0.219318 0.043295 0.088076 0.892092
2 0.429949 0.290071 0.074172 0.167617 0.890769
2 0.578743 0.778362 0.208955 0.440280 0.216017
2 0.549970 0.222325 0.058850 0.083997 0.081257
2 0.528552 0.219905 0.014789 0.053552 0.003286
2 0.271456 0.853276 0.057108 0.058891 0.000458
8 0.620710 0.472268 0.041521 0.159785 0.000428
2 0.608747 0.234721 0.026900 0.069713 0.000339
6 0.250586 0.316067 0.042578 0.034071 0.000233
2 0.611790 0.237795 0.021270 0.061683 0.000187
2 0.358470 0.511957 0.113010 0.184650 0.000151
2 0.456585 0.207173 0.076073 0.059830 0.000150
5 0.542989 0.219396 0.043328 0.088247 0.000130
