2 0.685463 0.621617 0.302026 0.325281 0.952758
2 0.040222 0.430455 0.028844 0.055996 0.898031
2 0.326478 0.355258 0.025139 0.037349 0.657954
2 0.290771 0.343880 0.029900 0.054963 0.623973
2 0.043534 0.537517 0.029697 0.029993 0.035512
9 0.571774 0.275752 0.017206 0.040229 0.001078
2 0.325838 0.361010 0.022927 0.032143 0.000800
0 0.519123 0.404353 0.302375 0.799202 0.000483
0 0.040315 0.430600 0.029000 0.056578 0.000462
2 0.364797 0.384971 0.017898 0.023254 0.000454
2 0.205555 0.444902 0.021466 0.033687 0.000399
9 0.000000 0.487542 0.000000 0.079626 0.000195
8 0.863950 0.000000 0.037429 0.000000 0.000188
9 0.000000 0.444126 0.000000 0.097137 0.000164
2 0.205646 0.440697 0.017291 0.028714 0.000163
9 0.000000 0.513141 0.000000 0.102225 0.000149
2 0.233412 0.377389 0.013931 0.018347 0.000143
9 0.000000 0.464904 0.000000 0.089212 0.000135
8 0.873846 0.000000 0.041784 0.000000 0.000130
2 0.000000 0.424111 0.000000 0.143698 0.000126
4 0.040315 0.430600 0.029000 0.056578 0.000123
9 0.000000 0.441682 0.000000 0.138137 0.000112
9 0.000000 0.606241 0.000000 0.119223 0.000112
2 0.000000 0.483372 0.000000 0.143969 0.000109
8 0.855975 0.000000 0.031317 0.000000 0.000105
9 0.000048 0.423659 0.000095 0.101092 0.000103
2 0.000000 0.381634 0.000000 0.143586 0.000102
2 0.347406 0.328216 0.009859 0.025058 0.000100
