0 0.529510 0.718894 0.312387 0.562212 0.968160
8 0.271765 0.068566 0.114640 0.069750 0.938609
8 0.072642 0.163249 0.109995 0.062120 0.935512
8 0.025770 0.058796 0.051540 0.068015 0.931334
8 0.299388 0.172405 0.089262 0.049662 0.923659
8 0.650535 0.183586 0.088359 0.041454 0.909965
8 0.715753 0.088118 0.116681 0.064173 0.907478
7 0.426054 0.625542 0.025029 0.035459 0.888602
6 0.441805 0.694925 0.031818 0.041779 0.880568
6 0.413771 0.693848 0.030005 0.040993 0.879388
6 0.071354 0.707675 0.041203 0.045866 0.857847
6 0.491945 0.690005 0.037679 0.048213 0.848862
6 0.392227 0.693381 0.028137 0.042555 0.844812
6 0.330443 0.694001 0.047823 0.050354 0.840618
6 0.367560 0.694440 0.033306 0.041220 0.830115
6 0.466169 0.694260 0.033019 0.041661 0.769665
8 0.712316 0.024324 0.099448 0.048647 0.000575
8 0.000000 0.064269 0.000000 0.099022 0.000396
2 0.025683 0.058587 0.051366 0.068172 0.000195
3 0.009878 0.646314 0.019756 0.279106 0.000192
3 0.014964 0.708915 0.029929 0.418689 0.000190
8 0.000000 0.094979 0.000000 0.160747 0.000189
5 0.025683 0.058587 0.051366 0.068172 0.000178
8 0.728987 0.000000 0.052450 0.000000 0.000164
5 0.413765 0.693536 0.029993 0.041357 0.000144
0 0.004451 0.507577 0.008903 0.949829 0.000143
8 0.000000 0.049351 0.000000 0.052669 0.000143
8 0.632807 0.183450 0.052625 0.039656 0.000141
0 0.001796 0.690450 0.003591 0.564999 0.000130
8 0.299968 0.150378 0.091821 0.092486 0.000126
10 0.426185 0.625523 0.025095 0.035812 0.000115
0 0.025735 0.058701 0.051301 0.068186 0.000103
