0 0.317411 0.540027 0.368689 0.888964 0.964196
8 0.208744 0.042546 0.117735 0.081669 0.940609
8 0.237770 0.148821 0.087611 0.070756 0.936097
8 0.657329 0.074658 0.119399 0.072130 0.926781
8 0.594596 0.166284 0.088715 0.076687 0.912240
8 0.027406 0.142378 0.053551 0.074398 0.902899
6 0.472437 0.676986 0.051264 0.047593 0.875411
6 0.511071 0.675912 0.045716 0.046506 0.866042
6 0.404403 0.676064 0.047751 0.043564 0.731441
6 0.391937 0.677900 0.026101 0.036806 0.112289
8 0.000000 0.125721 0.000000 0.119650 0.001226
2 0.014829 0.696256 0.028482 0.041775 0.001063
8 0.000000 0.104040 0.000000 0.129882 0.000988
6 0.014829 0.696256 0.028482 0.041775 0.000884
4 0.657648 0.074667 0.119261 0.072615 0.000851
0 0.998724 0.690351 0.002552 0.270690 0.000708
3 0.000000 0.640341 0.000000 0.293325 0.000658
0 0.993530 0.704510 0.012939 0.212863 0.000431
0 0.992978 0.653646 0.014045 0.321404 0.000419
0 1.000000 0.705195 0.000000 0.242048 0.000378
8 0.026622 0.000000 0.047828 0.000000 0.000327
9 0.000000 0.663972 0.000000 0.095524 0.000283
0 0.997406 0.646719 0.005187 0.350903 0.000247
8 0.000057 0.150319 0.000114 0.106026 0.000242
4 0.594697 0.165988 0.089389 0.077216 0.000242
9 0.000052 0.678940 0.000103 0.075901 0.000236
6 0.594605 0.166876 0.088674 0.076499 0.000208
0 0.998649 0.742744 0.002702 0.291311 0.000186
3 0.017831 0.754711 0.035662 0.405780 0.000182
9 0.000492 0.691950 0.000984 0.065783 0.000177
9 0.000000 0.640341 0.000000 0.293325 0.000170
8 0.000000 0.124797 0.000000 0.153220 0.000164
8 0.210546 0.000000 0.084479 0.000000 0.000152
0 0.000000 0.094368 0.000000 0.188737 0.000150
8 0.035224 0.000000 0.046854 0.000000 0.000149
10 0.657473 0.074993 0.118863 0.073647 0.000143
0 0.996037 0.526639 0.007926 0.602266 0.000141
9 0.999700 0.747525 0.000601 0.131068 0.000141
9 0.000000 0.641733 0.000000 0.110334 0.000140
4 0.027507 0.142006 0.053824 0.074823 0.000139
8 0.144712 0.000000 0.074091 0.000000 0.000136
6 0.237742 0.149344 0.087693 0.070613 0.000134
3 0.993719 0.671419 0.012563 0.284619 0.000128
8 0.223772 0.000000 0.074679 0.000000 0.000123
0 0.991166 0.733619 0.017668 0.184916 0.000120
0 0.237742 0.149344 0.087693 0.070613 0.000114
9 0.000000 0.703117 0.000000 0.324871 0.000112
0 0.996397 0.588908 0.007206 0.464972 0.000112
5 0.027507 0.142006 0.053824 0.074823 0.000110
8 0.044565 0.000000 0.048890 0.000000 0.000109
3 1.000000 0.690315 0.000000 0.261303 0.000107
8 0.409807 0.998578 0.075199 0.002843 0.000103
8 0.191896 0.000000 0.086350 0.000000 0.000101
