2 0.747612 0.397868 0.095431 0.199821 0.958393
2 0.372816 0.558682 0.186040 0.212649 0.957353
2 0.736168 0.279989 0.056631 0.094648 0.264529
2 0.146086 0.277117 0.055924 0.075855 0.028051
2 0.712164 0.277775 0.021085 0.085946 0.004031
2 0.813429 0.304000 0.020565 0.047871 0.003369
9 0.000000 0.488436 0.000000 0.107595 0.000670
2 0.012372 0.491215 0.024143 0.153417 0.000560
9 0.000001 0.466948 0.000002 0.082557 0.000345
2 0.718789 0.278275 0.022523 0.088033 0.000343
2 0.726188 0.279158 0.037256 0.090291 0.000314
9 0.000000 0.506708 0.000000 0.105614 0.000279
9 0.000129 0.532593 0.000259 0.069188 0.000166
4 0.991488 0.783550 0.017025 0.319197 0.000110
9 0.000065 0.550724 0.000131 0.072835 0.000104
4 0.001385 0.486084 0.002770 0.160198 0.000103
