0 0.527409 0.706085 0.217148 0.587048 0.965225
8 0.271913 0.068760 0.118114 0.072538 0.946552
8 0.299027 0.174347 0.088985 0.053401 0.944410
8 0.073035 0.164552 0.111563 0.070574 0.944012
8 0.650296 0.183959 0.090071 0.044385 0.931100
8 0.715739 0.089222 0.109912 0.056747 0.930420
8 0.025748 0.059057 0.051403 0.064400 0.927696
6 0.330953 0.698762 0.047824 0.053264 0.924026
7 0.449254 0.620172 0.019070 0.037155 0.919290
6 0.071188 0.708480 0.039992 0.045678 0.912135
6 0.367993 0.696354 0.031566 0.043484 0.886505
6 0.393115 0.694270 0.027643 0.043561 0.885252
6 0.414941 0.694555 0.029519 0.042342 0.881905
6 0.499388 0.689655 0.039100 0.048655 0.210434
6 0.437742 0.695816 0.030311 0.039314 0.067867
8 0.000343 0.064401 0.000685 0.089035 0.002391
8 0.000000 0.039155 0.000000 0.040888 0.001183
8 0.000000 0.049298 0.000000 0.048040 0.000889
8 0.000000 0.030144 0.000000 0.039098 0.000722
8 0.000000 0.077483 0.000000 0.045788 0.000660
3 0.331105 0.699737 0.047227 0.066928 0.000607
8 0.000000 0.059958 0.000000 0.049585 0.000604
8 0.000000 0.087651 0.000000 0.049269 0.000564
8 0.715326 0.023989 0.097421 0.047978 0.000527
8 0.000000 0.092157 0.000000 0.137369 0.000491
8 0.000000 0.101284 0.000000 0.050230 0.000446
8 0.000000 0.019834 0.000000 0.039669 0.000432
8 0.000000 0.053812 0.000000 0.062874 0.000372
8 0.000000 0.047421 0.000000 0.094842 0.000357
8 0.000000 0.082069 0.000000 0.063097 0.000300
8 0.000000 0.073750 0.000000 0.064863 0.000294
8 0.000787 0.001371 0.001574 0.002742 0.000247
3 0.010663 0.639788 0.021326 0.263817 0.000243
8 0.000000 0.113351 0.000000 0.043588 0.000230
8 0.000000 0.013082 0.000000 0.026164 0.000229
8 0.449266 0.620267 0.019108 0.037209 0.000218
8 0.000000 0.034793 0.000000 0.058014 0.000202
0 0.331105 0.699737 0.047227 0.066928 0.000199
8 0.025153 0.000000 0.050305 0.000000 0.000196
8 0.000000 0.100154 0.000000 0.081518 0.000179
8 0.000000 0.028293 0.000000 0.056586 0.000179
8 0.000000 0.023289 0.000000 0.046577 0.000146
4 0.449372 0.619963 0.019123 0.036117 0.000145
8 0.015110 0.000000 0.030221 0.000000 0.000144
9 0.000000 0.669515 0.000000 0.067642 0.000139
0 0.001670 0.707875 0.003341 0.502564 0.000129
8 0.719534 0.000000 0.070616 0.000000 0.000126
8 0.276348 0.000000 0.112579 0.000000 0.000122
6 0.595921 1.000000 0.059683 0.000000 0.000122
8 0.000000 0.111064 0.000000 0.222128 0.000115
4 0.719789 0.250302 0.024926 0.055184 0.000110
0 0.449254 0.620172 0.019070 0.037155 0.000107
8 0.290236 0.000000 0.079177 0.000000 0.000107
