0 0.362515 0.712452 0.176164 0.575096 0.959617
8 0.271967 0.069368 0.111676 0.069412 0.947325
8 0.072966 0.161935 0.108826 0.057833 0.940667
8 0.026043 0.058775 0.051691 0.071348 0.939243
8 0.299331 0.172208 0.088357 0.050096 0.939025
8 0.650703 0.184515 0.085775 0.037310 0.929714
8 0.715652 0.088103 0.115569 0.062232 0.922625
6 0.072084 0.709281 0.041236 0.044719 0.908585
6 0.444455 0.695392 0.030947 0.038739 0.902127
6 0.525534 0.693522 0.045067 0.043278 0.899176
6 0.566456 0.691860 0.048481 0.047690 0.895278
6 0.491312 0.690849 0.035627 0.047049 0.879193
7 0.329691 0.658854 0.029971 0.041424 0.872470
6 0.467761 0.694614 0.031748 0.039129 0.062399
0 0.329454 0.659040 0.029802 0.040880 0.000895
8 0.712061 0.026345 0.105335 0.052690 0.000730
0 0.518408 0.369325 0.041726 0.236324 0.000350
0 0.576150 0.278190 0.010552 0.049922 0.000335
8 0.000000 0.051633 0.000000 0.101585 0.000224
5 0.025908 0.058708 0.051765 0.071113 0.000187
8 0.000000 0.048876 0.000000 0.065489 0.000177
3 0.011728 0.624184 0.023455 0.270221 0.000167
8 0.000000 0.108816 0.000000 0.217374 0.000155
0 0.025989 0.058573 0.051401 0.071123 0.000152
6 0.715594 0.088319 0.115843 0.062742 0.000142
0 0.002155 0.693242 0.004311 0.574641 0.000140
9 0.000000 0.661215 0.000000 0.066744 0.000126
9 0.000000 0.646480 0.000000 0.071192 0.000117
0 0.000000 0.647730 0.000000 0.326284 0.000105
