0 0.617493 0.716600 0.315146 0.566800 0.968577
8 0.271934 0.073109 0.113246 0.071255 0.947662
8 0.299372 0.176110 0.088397 0.052116 0.944521
8 0.072999 0.167383 0.109591 0.064483 0.939034
8 0.026546 0.062424 0.052772 0.066615 0.931814
8 0.650531 0.188051 0.088964 0.041064 0.926514
8 0.715466 0.092853 0.113551 0.061070 0.918116
0 0.393608 0.669694 0.183081 0.480463 0.910807
6 0.071752 0.712860 0.041139 0.044452 0.898199
6 0.465048 0.697326 0.033435 0.040465 0.892767
6 0.325914 0.701193 0.040074 0.048169 0.885595
7 0.320935 0.497992 0.016856 0.033896 0.868833
6 0.563393 0.694601 0.046061 0.047352 0.845979
6 0.525334 0.697306 0.047377 0.043570 0.830164
6 0.493530 0.695828 0.031825 0.042768 0.701342
10 0.321015 0.497684 0.016654 0.034870 0.000222
5 0.326050 0.701052 0.039406 0.048079 0.000213
6 0.271743 0.072614 0.113061 0.071521 0.000189
8 0.713718 0.026028 0.103649 0.052056 0.000189
8 0.000000 0.048335 0.000000 0.062585 0.000188
8 0.000000 0.081157 0.000000 0.131873 0.000172
8 0.000000 0.051279 0.000000 0.102559 0.000150
2 0.299252 0.176129 0.088454 0.052574 0.000148
7 0.428557 0.594424 0.019035 0.031774 0.000143
2 0.271793 0.072885 0.113422 0.071818 0.000136
3 0.010193 0.641427 0.020387 0.273101 0.000131
8 0.000000 0.100659 0.000000 0.199409 0.000129
8 0.620330 0.000000 0.066163 0.000000 0.000122
6 0.715666 0.092986 0.113575 0.061531 0.000110
6 0.573845 1.000000 0.048274 0.000000 0.000109
8 0.899179 0.141721 0.084092 0.040398 0.000107
5 0.299252 0.176129 0.088454 0.052574 0.000103
5 0.026548 0.062430 0.053001 0.066669 0.000101
