0 0.368850 0.720765 0.264703 0.544130 0.973160
8 0.073211 0.164738 0.109868 0.067252 0.900031
8 0.025569 0.059240 0.051137 0.066835 0.895435
6 0.322475 0.695781 0.040973 0.046617 0.863649
8 0.272046 0.068993 0.110576 0.069980 0.846665
8 0.650192 0.184201 0.089981 0.041181 0.845702
6 0.071508 0.708534 0.040464 0.043861 0.735712
8 0.299400 0.173028 0.089190 0.052262 0.682126
8 0.715637 0.088263 0.115507 0.062596 0.572397
6 0.525569 0.694737 0.047535 0.044006 0.467846
6 0.566281 0.691054 0.047635 0.046349 0.444280
7 0.252765 0.651507 0.017894 0.030953 0.344323
6 0.493257 0.689997 0.030855 0.042280 0.323436
8 0.951412 0.099911 0.033643 0.037407 0.003397
8 0.680844 0.088027 0.040053 0.062712 0.000451
1 0.751775 0.308157 0.081773 0.020584 0.000428
2 0.025543 0.059001 0.051086 0.067173 0.000422
7 0.251774 0.660689 0.035680 0.060381 0.000407
8 0.712820 0.024273 0.103541 0.048546 0.000390
6 0.547710 0.692231 0.016510 0.042639 0.000358
7 0.251240 0.653871 0.025728 0.035693 0.000298
5 0.025474 0.059100 0.050939 0.067277 0.000297
8 0.000000 0.072891 0.000000 0.122174 0.000292
10 0.025474 0.059100 0.050939 0.067277 0.000287
0 0.604396 0.883534 0.044489 0.106011 0.000263
3 0.010899 0.636316 0.021799 0.270688 0.000224
0 0.025474 0.059100 0.050939 0.067277 0.000171
6 0.025543 0.059001 0.051086 0.067173 0.000157
8 0.000000 0.106444 0.000000 0.191305 0.000143
8 0.000000 0.053264 0.000000 0.106528 0.000123
2 0.884573 0.995283 0.029275 0.009434 0.000115
3 0.018016 0.700427 0.036032 0.374065 0.000106
9 0.000000 0.662315 0.000000 0.072667 0.000102
