0 0.209103 0.613136 0.157572 0.297013 0.953200
8 0.210089 0.044940 0.120441 0.068286 0.942982
8 0.238538 0.147792 0.094512 0.053979 0.936553
8 0.657345 0.072560 0.108327 0.055188 0.933999
6 0.134301 0.724949 0.082746 0.070093 0.929832
8 0.594065 0.164408 0.084930 0.044296 0.928818
8 0.030970 0.136891 0.061878 0.045957 0.912462
6 0.471337 0.675657 0.047685 0.040837 0.910421
6 0.277146 0.682376 0.042871 0.048954 0.901141
6 0.385082 0.677837 0.031913 0.037984 0.900472
6 0.015225 0.694816 0.030191 0.045530 0.879396
6 0.409842 0.675995 0.031810 0.037578 0.877266
6 0.332225 0.678072 0.028636 0.042486 0.869969
6 0.437966 0.672231 0.031458 0.042887 0.863916
6 0.309893 0.680747 0.025997 0.038891 0.185857
8 0.000000 0.130975 0.000000 0.037523 0.002768
0 0.309573 0.680693 0.025609 0.039224 0.001731
8 0.000111 0.149615 0.000221 0.076125 0.001378
6 0.358369 0.676632 0.033164 0.044146 0.001286
0 0.677339 0.237142 0.010061 0.043868 0.001088
8 0.000000 0.117447 0.000000 0.111670 0.000896
8 0.000000 0.127652 0.000000 0.046407 0.000777
8 0.000000 0.092511 0.000000 0.033280 0.000772
8 0.000000 0.084635 0.000000 0.140474 0.000694
8 0.000000 0.143566 0.000000 0.041127 0.000668
8 0.206334 0.001277 0.103399 0.002554 0.000627
0 0.357962 0.676264 0.032753 0.043551 0.000566
8 0.001198 0.081104 0.002396 0.162207 0.000479
3 0.000000 0.665592 0.000000 0.238138 0.000452
8 0.000000 0.138188 0.000000 0.044922 0.000447
8 0.190939 0.000681 0.104547 0.001361 0.000441
8 0.026164 0.001352 0.050653 0.002704 0.000420
8 0.000000 0.105809 0.000000 0.040252 0.000416
8 0.000000 0.174564 0.000000 0.125501 0.000389
6 0.000000 0.684526 0.000000 0.182138 0.000374
8 0.000030 0.057156 0.000061 0.114313 0.000362
6 0.000000 0.719927 0.000000 0.193861 0.000333
8 0.000000 0.111317 0.000000 0.052981 0.000326
8 0.000771 0.092346 0.001542 0.154445 0.000319
8 0.000000 0.156395 0.000000 0.045317 0.000306
8 0.000000 0.098849 0.000000 0.044353 0.000272
8 0.000000 0.080370 0.000000 0.032265 0.000265
8 0.000000 0.147220 0.000000 0.045505 0.000254
8 0.224290 0.000754 0.088279 0.001507 0.000243
8 0.000000 0.091548 0.000000 0.041692 0.000238
3 0.000000 0.733620 0.000000 0.246136 0.000198
8 0.000000 0.065315 0.000000 0.037056 0.000167
4 0.021657 0.001650 0.043314 0.003300 0.000166
8 0.647806 0.000000 0.096005 0.000000 0.000157
8 0.036652 0.000326 0.045679 0.000652 0.000139
8 0.178309 0.000000 0.086147 0.000000 0.000134
8 0.000000 0.157801 0.000000 0.048653 0.000133
9 0.000000 0.687837 0.000000 0.035165 0.000132
8 0.000000 0.059851 0.000000 0.048462 0.000126
9 0.000000 0.701553 0.000000 0.042328 0.000125
9 0.000000 0.672659 0.000000 0.033837 0.000125
8 0.001049 0.125567 0.002098 0.130614 0.000124
8 0.000000 0.057399 0.000000 0.036979 0.000121
8 0.000000 0.080212 0.000000 0.047259 0.000114
8 0.000000 0.183303 0.000000 0.184566 0.000113
8 0.000000 0.165372 0.000000 0.044033 0.000109
8 0.151175 0.000000 0.052123 0.000000 0.000107
8 0.018236 0.008832 0.036472 0.017664 0.000105
