0 0.539505 0.699443 0.265303 0.316846 0.962448
6 0.386598 0.835814 0.116788 0.096317 0.940642
6 0.490669 0.795735 0.106008 0.094136 0.938222
8 0.654431 0.055713 0.105339 0.052756 0.928740
6 0.269553 0.666141 0.051007 0.051027 0.926151
8 0.205835 0.033235 0.115912 0.066469 0.918526
8 0.591066 0.147694 0.085977 0.046300 0.915971
6 0.435130 0.659929 0.035154 0.045083 0.914204
6 0.382683 0.662611 0.031692 0.039129 0.908127
6 0.406417 0.660424 0.026196 0.043048 0.894306
8 0.234273 0.130952 0.088603 0.052252 0.892657
8 0.029681 0.122941 0.059362 0.044644 0.891476
6 0.356105 0.660380 0.031643 0.047242 0.885305
6 0.330277 0.662414 0.031003 0.043152 0.880114
6 0.012828 0.681117 0.025432 0.046119 0.866425
6 0.307782 0.664928 0.027047 0.036070 0.256547
8 0.000909 0.079110 0.001818 0.145518 0.001211
0 0.307414 0.664968 0.026797 0.035810 0.001197
8 0.000750 0.093360 0.001500 0.126464 0.001126
3 0.000000 0.636150 0.000000 0.297554 0.000720
8 0.047570 0.123352 0.024469 0.046065 0.000700
8 0.000000 0.119914 0.000000 0.040312 0.000576
0 0.176136 0.224906 0.021805 0.069242 0.000408
8 0.000000 0.054167 0.000000 0.108334 0.000320
8 0.001329 0.136550 0.002657 0.173663 0.000313
6 0.000000 0.662451 0.000000 0.190289 0.000291
9 0.000000 0.662896 0.000000 0.046784 0.000271
9 0.000000 0.637517 0.000000 0.057750 0.000249
8 0.000052 0.130771 0.000104 0.042086 0.000228
8 0.000000 0.076608 0.000000 0.122379 0.000214
8 0.002757 0.071466 0.005514 0.142931 0.000189
8 0.030038 0.078437 0.060075 0.156873 0.000178
8 0.648088 0.000000 0.080904 0.000000 0.000174
9 0.000000 0.648225 0.000000 0.053247 0.000174
9 0.000006 0.676667 0.000012 0.041571 0.000172
0 0.001494 0.665761 0.002988 0.406660 0.000155
9 0.000000 0.614503 0.000000 0.069034 0.000153
8 0.000000 0.120521 0.000000 0.051088 0.000144
8 0.000098 0.143861 0.000195 0.053670 0.000136
8 0.000000 0.128702 0.000000 0.051337 0.000127
3 0.010273 0.646551 0.020545 0.231275 0.000124
9 0.000023 0.696677 0.000047 0.062700 0.000123
6 0.053469 0.678854 0.030731 0.037665 0.000121
8 0.211200 0.000000 0.035113 0.000000 0.000121
6 0.049494 0.671400 0.018527 0.034112 0.000116
8 0.041793 0.000000 0.033366 0.000000 0.000111
0 0.001833 0.595512 0.003665 0.582286 0.000110
8 0.000000 0.064647 0.000000 0.046471 0.000107
9 1.000000 0.688167 0.000000 0.100068 0.000102
6 0.320988 0.664107 0.036461 0.040036 0.000101
8 0.000000 0.137681 0.000000 0.053440 0.000101
4 0.999281 0.989165 0.001438 0.021671 0.000101
8 0.043377 0.080150 0.085236 0.148527 0.000101
8 0.000000 0.113906 0.000000 0.113468 0.000101
