8 0.206318 0.033694 0.120252 0.067389 0.941467
0 0.508500 0.622674 0.131276 0.252377 0.937063
8 0.234475 0.131159 0.092814 0.052315 0.932696
8 0.654987 0.055078 0.107565 0.052282 0.932070
8 0.591496 0.147065 0.086076 0.045249 0.930719
6 0.269879 0.665601 0.051168 0.051449 0.929112
6 0.487632 0.735867 0.096605 0.076731 0.927056
6 0.420499 0.713701 0.058807 0.055905 0.923377
6 0.434929 0.660173 0.036643 0.044095 0.919356
6 0.383922 0.662411 0.033249 0.036166 0.907162
8 0.027219 0.122515 0.054438 0.046097 0.906049
6 0.330273 0.662419 0.030616 0.043011 0.899340
6 0.407361 0.660511 0.027056 0.042363 0.891900
6 0.356526 0.659899 0.032410 0.047900 0.883868
6 0.013313 0.681277 0.026530 0.048419 0.880746
8 0.000000 0.111763 0.000000 0.104969 0.001076
8 0.000003 0.058296 0.000006 0.116593 0.000906
8 0.000000 0.139245 0.000000 0.103837 0.000800
8 0.000000 0.077482 0.000000 0.122288 0.000681
3 0.000000 0.641687 0.000000 0.328173 0.000593
6 0.307881 0.664600 0.024314 0.036262 0.000530
8 0.000000 0.161939 0.000000 0.135277 0.000498
8 0.059426 0.135843 0.019051 0.018919 0.000497
8 0.000737 0.076118 0.001475 0.140284 0.000439
8 0.000000 0.119547 0.000000 0.035406 0.000386
6 0.654980 0.573953 0.021417 0.140401 0.000324
8 0.000000 0.077368 0.000000 0.029861 0.000321
6 0.000000 0.667216 0.000000 0.213312 0.000292
0 0.171321 0.803799 0.012093 0.049668 0.000277
8 0.000000 0.070995 0.000000 0.033666 0.000264
0 0.001567 0.652092 0.003133 0.517611 0.000253
8 0.000560 0.091511 0.001120 0.121966 0.000216
8 0.000000 0.121263 0.000000 0.042563 0.000205
5 0.356647 0.660003 0.031942 0.047920 0.000201
8 0.646744 0.000000 0.100009 0.000000 0.000181
9 0.000000 0.664213 0.000000 0.045404 0.000172
8 0.000000 0.137363 0.000000 0.035545 0.000170
9 0.000000 0.638362 0.000000 0.054474 0.000158
0 0.307766 0.664799 0.026397 0.037036 0.000153
9 0.000000 0.628415 0.000000 0.059406 0.000149
0 0.002504 0.700105 0.005008 0.407430 0.000148
8 0.000000 0.128961 0.000000 0.043138 0.000148
8 0.000000 0.126910 0.000000 0.037784 0.000145
0 0.676851 0.226873 0.010584 0.053327 0.000144
6 0.053940 0.679560 0.030309 0.033359 0.000141
8 0.000000 0.150888 0.000000 0.035460 0.000138
8 0.214686 0.000000 0.048229 0.000000 0.000138
9 0.000000 0.616001 0.000000 0.064858 0.000123
8 0.157211 0.000000 0.057484 0.000000 0.000120
9 0.000000 0.676786 0.000000 0.043765 0.000117
9 0.000000 0.694523 0.000000 0.066425 0.000115
9 0.000000 0.648937 0.000000 0.050084 0.000111
8 0.000000 0.103355 0.000000 0.047219 0.000110
5 0.330314 0.662233 0.030366 0.043465 0.000108
0 0.001854 0.732255 0.003709 0.397504 0.000107
8 0.000000 0.158741 0.000000 0.034638 0.000105
0 0.356598 0.660169 0.032119 0.047320 0.000105
3 0.010005 0.650185 0.020011 0.251285 0.000102
8 0.673077 0.011750 0.137747 0.023499 0.000101
8 0.665313 0.000000 0.093766 0.000000 0.000100
8 0.049093 0.000000 0.032006 0.000000 0.000100
