6 0.617933 0.931644 0.150657 0.131813 0.933454
0 0.506604 0.512615 0.196588 0.952287 0.925723
6 0.371222 0.874169 0.171472 0.154106 0.919676
6 0.269370 0.666645 0.050734 0.050094 0.917452
8 0.233594 0.128913 0.085839 0.054316 0.901424
8 0.205189 0.033263 0.113930 0.065888 0.900119
6 0.381651 0.662717 0.033521 0.037925 0.880102
6 0.308019 0.662853 0.032823 0.041158 0.870422
6 0.013168 0.680988 0.026336 0.046968 0.869520
6 0.410007 0.660517 0.033831 0.041195 0.851518
6 0.356021 0.658415 0.032383 0.042440 0.847910
8 0.654037 0.056590 0.104899 0.062192 0.822708
8 0.026357 0.124961 0.052713 0.057234 0.729651
8 0.589905 0.147272 0.088971 0.049242 0.536805
6 0.435874 0.658305 0.035970 0.040225 0.203662
6 0.387376 0.743648 0.034779 0.035991 0.008911
3 0.000000 0.620693 0.000000 0.269010 0.001655
8 0.000115 0.117878 0.000229 0.065588 0.001414
8 0.000650 0.134216 0.001299 0.099160 0.001114
9 0.000000 0.659241 0.000000 0.060888 0.000676
9 0.000000 0.634232 0.000000 0.066278 0.000547
9 0.000000 0.674546 0.000000 0.050792 0.000378
6 0.337902 0.659030 0.023104 0.039615 0.000374
8 0.000274 0.116959 0.000549 0.112633 0.000300
3 0.010294 0.637031 0.020587 0.224852 0.000293
0 0.233458 0.128543 0.085776 0.055019 0.000243
9 0.000000 0.613728 0.000000 0.067539 0.000228
6 0.000000 0.651420 0.000000 0.192216 0.000221
8 0.000281 0.137675 0.000563 0.077562 0.000217
8 0.642109 0.000000 0.067813 0.000000 0.000196
2 0.233458 0.128543 0.085776 0.055019 0.000168
5 0.233458 0.128543 0.085776 0.055019 0.000168
3 0.000000 0.694297 0.000000 0.245244 0.000160
9 0.505550 0.699702 0.104018 0.260646 0.000157
8 0.000078 0.097880 0.000155 0.076290 0.000147
6 0.499432 1.000000 0.067316 0.000000 0.000144
9 0.000352 0.683456 0.000705 0.048434 0.000140
6 0.512153 1.000000 0.068308 0.000000 0.000133
6 0.233458 0.128543 0.085776 0.055019 0.000125
8 0.000000 0.115748 0.000000 0.093014 0.000125
9 0.499845 0.664865 0.098064 0.213521 0.000120
10 0.387780 0.744100 0.032602 0.034486 0.000114
6 0.328576 0.659503 0.046614 0.043334 0.000112
6 0.455670 1.000000 0.058355 0.000000 0.000111
8 0.570431 0.147932 0.047419 0.050352 0.000111
6 0.045653 0.670655 0.015097 0.026158 0.000110
6 0.046134 0.665378 0.012069 0.017313 0.000108
0 0.995489 0.503162 0.009022 0.809158 0.000108
6 0.358253 0.857698 0.145462 0.119884 0.000103
8 0.926589 0.034430 0.083125 0.068861 0.000101
9 0.514050 0.729393 0.112288 0.260786 0.000101
