0 0.317360 0.528943 0.112496 0.586870 0.964223
8 0.206622 0.032797 0.122549 0.065101 0.944131
6 0.276859 0.789081 0.105021 0.079378 0.936974
8 0.655136 0.055094 0.109942 0.053635 0.930165
8 0.234208 0.132650 0.095396 0.054522 0.929167
8 0.590807 0.148435 0.087908 0.045816 0.919490
6 0.267813 0.667481 0.047509 0.048220 0.919471
6 0.415887 0.716056 0.079958 0.063547 0.919226
8 0.028419 0.123530 0.056837 0.045598 0.899020
6 0.013890 0.681426 0.027655 0.046549 0.889763
6 0.356874 0.660131 0.034095 0.041748 0.848815
6 0.433864 0.658569 0.031892 0.046034 0.710997
6 0.418066 0.660102 0.062194 0.045436 0.601878
6 0.404513 0.660807 0.033587 0.042643 0.466213
6 0.336749 0.661119 0.026934 0.040941 0.005707
8 0.048623 0.135503 0.025167 0.022188 0.003256
3 0.000000 0.627586 0.000000 0.260824 0.002600
8 0.054228 0.135738 0.018997 0.020165 0.002337
8 0.000000 0.121501 0.000000 0.041299 0.002283
8 0.000000 0.114612 0.000000 0.110153 0.001634
8 0.000000 0.138162 0.000000 0.101537 0.001573
8 0.000000 0.135770 0.000000 0.048247 0.001062
8 0.000000 0.144822 0.000000 0.051222 0.000759
8 0.000000 0.078549 0.000000 0.138237 0.000665
8 0.000031 0.057743 0.000061 0.115487 0.000598
8 0.000000 0.125366 0.000000 0.053159 0.000583
8 0.000000 0.077943 0.000000 0.032775 0.000578
8 0.000000 0.070506 0.000000 0.037197 0.000441
9 0.000000 0.662866 0.000000 0.039812 0.000438
8 0.000000 0.139984 0.000000 0.054128 0.000424
8 0.000000 0.154803 0.000000 0.050055 0.000392
8 0.001107 0.077010 0.002214 0.131575 0.000384
6 0.000000 0.665488 0.000000 0.162909 0.000353
8 0.000000 0.168642 0.000000 0.160219 0.000352
9 0.000000 0.674900 0.000000 0.038658 0.000349
8 0.000000 0.096278 0.000000 0.046417 0.000327
3 0.010391 0.647612 0.020781 0.202544 0.000307
8 0.000000 0.105069 0.000000 0.062055 0.000263
8 0.000000 0.148148 0.000000 0.057181 0.000260
8 0.000772 0.103415 0.001544 0.103474 0.000257
8 0.000000 0.166772 0.000000 0.048337 0.000252
9 0.000009 0.689981 0.000018 0.049438 0.000240
8 0.646984 0.000000 0.091664 0.000000 0.000228
9 0.000000 0.639204 0.000000 0.051218 0.000216
3 0.000000 0.710460 0.000000 0.263141 0.000215
8 0.209843 0.000000 0.039619 0.000000 0.000215
8 0.000000 0.092324 0.000000 0.057588 0.000204
8 0.000000 0.156873 0.000000 0.059936 0.000200
8 0.228496 0.000000 0.040837 0.000000 0.000198
9 0.000000 0.650960 0.000000 0.044233 0.000196
8 0.000000 0.080801 0.000000 0.045782 0.000183
8 0.000000 0.057561 0.000000 0.043082 0.000178
8 0.001144 0.135114 0.002288 0.126469 0.000169
8 0.000000 0.040158 0.000000 0.048737 0.000165
8 0.000000 0.183565 0.000000 0.216498 0.000163
8 0.000000 0.071298 0.000000 0.049973 0.000159
9 0.000000 0.627601 0.000000 0.055920 0.000156
3 0.000000 0.665488 0.000000 0.162909 0.000144
8 0.000000 0.166660 0.000000 0.060060 0.000137
8 0.000000 0.062571 0.000000 0.056099 0.000121
6 0.389276 0.659526 0.019555 0.033335 0.000109
8 0.000000 0.177548 0.000000 0.047369 0.000108
9 0.000000 0.614235 0.000000 0.058510 0.000100
