0 0.344552 0.517513 0.210418 0.714483 0.965615
6 0.176833 0.782189 0.128037 0.090364 0.941118
8 0.205637 0.030723 0.116757 0.060382 0.940132
6 0.472352 0.848858 0.125526 0.103085 0.939653
8 0.656050 0.055256 0.099485 0.061698 0.929715
6 0.269942 0.667453 0.048300 0.051649 0.907387
6 0.012437 0.679322 0.024874 0.044885 0.891576
8 0.591207 0.147521 0.078254 0.035878 0.880908
8 0.233643 0.133055 0.088529 0.048413 0.871746
6 0.329387 0.661854 0.029586 0.042446 0.868707
8 0.027708 0.123467 0.055416 0.046881 0.822166
6 0.306942 0.663617 0.030233 0.041433 0.791677
6 0.438285 0.658884 0.030713 0.045276 0.207826
0 0.023718 0.302032 0.022305 0.113524 0.007108
8 0.000000 0.119817 0.000000 0.050052 0.001577
9 0.000000 0.634553 0.000000 0.087888 0.001394
9 0.000000 0.656452 0.000000 0.083218 0.001391
9 0.000000 0.705586 0.000000 0.107312 0.001309
9 0.000612 0.691122 0.001225 0.072975 0.001175
8 0.001075 0.095837 0.002150 0.113002 0.001010
8 0.001567 0.081626 0.003134 0.149428 0.000819
9 0.000530 0.673715 0.001060 0.066171 0.000728
8 0.000000 0.111866 0.000000 0.111626 0.000691
6 0.000000 0.657720 0.000000 0.194140 0.000679
8 0.000000 0.134670 0.000000 0.052174 0.000568
8 0.000000 0.132453 0.000000 0.101237 0.000550
8 0.002235 0.123489 0.004471 0.097771 0.000521
9 0.000000 0.616657 0.000000 0.092730 0.000468
8 0.000000 0.121300 0.000000 0.071863 0.000384
9 0.000000 0.642537 0.000000 0.222232 0.000354
8 0.000000 0.099636 0.000000 0.063505 0.000345
8 0.000000 0.131452 0.000000 0.065702 0.000342
8 0.000000 0.152650 0.000000 0.122507 0.000316
3 0.000000 0.628427 0.000000 0.249174 0.000301
8 0.000000 0.139113 0.000000 0.060954 0.000282
8 0.000000 0.084032 0.000000 0.148573 0.000234
8 0.000085 0.060517 0.000169 0.121035 0.000208
9 0.000000 0.704929 0.000000 0.221444 0.000205
9 0.012511 0.679319 0.025021 0.044926 0.000198
8 0.000000 0.102273 0.000000 0.077548 0.000197
8 0.000000 0.087389 0.000000 0.062907 0.000179
2 0.655984 0.055242 0.099553 0.061678 0.000160
9 0.000000 0.730142 0.000000 0.118852 0.000156
6 0.000000 0.656452 0.000000 0.083218 0.000153
8 0.002372 0.211701 0.004744 0.224996 0.000145
6 0.000000 0.704929 0.000000 0.221444 0.000131
8 0.000074 0.150650 0.000148 0.053668 0.000125
8 0.000000 0.152085 0.000000 0.065736 0.000122
6 0.000612 0.691122 0.001225 0.072975 0.000117
8 0.014588 0.049897 0.029176 0.099794 0.000117
6 0.000530 0.673715 0.001060 0.066171 0.000110
8 0.000000 0.073795 0.000000 0.062490 0.000109
