8 0.327413 0.106377 0.101288 0.073610 0.944608
0 0.523092 0.563151 0.195504 0.873698 0.943552
8 0.356477 0.209756 0.080203 0.049812 0.937418
3 0.068979 0.698275 0.137043 0.260373 0.917178
8 0.141729 0.211936 0.082479 0.046045 0.905630
6 0.390750 0.728149 0.043381 0.042238 0.902566
8 0.051531 0.111484 0.097070 0.074147 0.894881
8 0.706369 0.199413 0.078717 0.052150 0.889187
6 0.426639 0.723571 0.022512 0.033716 0.878769
8 0.743560 0.106097 0.029360 0.069060 0.862157
6 0.141722 0.740768 0.031125 0.030827 0.841335
6 0.624333 0.720786 0.051330 0.035728 0.618038
6 0.997404 0.751375 0.004970 0.035850 0.001048
9 0.000000 0.727554 0.000000 0.098488 0.000957
0 0.998059 0.660035 0.003882 0.252457 0.000852
0 0.997430 0.745927 0.005140 0.049041 0.000488
6 0.596956 0.720534 0.026885 0.030623 0.000445
0 0.996901 0.632291 0.006198 0.296168 0.000440
0 0.996329 0.737905 0.007342 0.066672 0.000421
2 0.743453 0.106260 0.029179 0.069236 0.000411
6 0.634513 0.721157 0.030621 0.035011 0.000377
9 0.000000 0.752670 0.000000 0.121473 0.000345
9 0.000000 0.703406 0.000000 0.081044 0.000333
9 0.000000 0.675730 0.000000 0.081337 0.000306
6 0.467073 1.000000 0.051792 0.000000 0.000300
0 0.995034 0.674845 0.009932 0.198999 0.000248
6 0.999463 0.749304 0.001073 0.040294 0.000237
9 0.000000 0.689428 0.000000 0.075320 0.000234
9 0.553679 0.998693 0.075614 0.002614 0.000223
0 0.997305 0.733175 0.005391 0.074269 0.000217
9 0.000000 0.650592 0.000000 0.083517 0.000203
3 0.000000 0.684810 0.000000 0.274915 0.000198
8 0.002236 0.089911 0.004472 0.179822 0.000197
6 0.602661 0.721024 0.017889 0.030991 0.000196
9 0.535868 0.998512 0.085856 0.002976 0.000188
0 0.996317 0.750552 0.007307 0.042889 0.000178
8 0.001760 0.116982 0.003520 0.207286 0.000168
3 0.996329 0.737905 0.007342 0.066672 0.000168
2 0.997404 0.751375 0.004970 0.035850 0.000166
8 0.000000 0.594185 0.000000 0.071712 0.000159
0 0.994329 0.649707 0.011343 0.250338 0.000146
4 0.743453 0.106260 0.029179 0.069236 0.000139
0 1.000000 0.786637 0.000000 0.267426 0.000112
10 0.743453 0.106260 0.029179 0.069236 0.000111
4 0.995577 0.991463 0.008845 0.017073 0.000110
8 0.248390 0.020254 0.020794 0.038336 0.000103
4 0.998575 0.981080 0.002850 0.037840 0.000103
