3 0.111573 0.595685 0.172037 0.243428 0.950296
8 0.096829 0.030365 0.128815 0.059943 0.946331
0 0.433186 0.455041 0.223680 0.850645 0.944508
8 0.182574 0.122818 0.097348 0.054808 0.937264
8 0.395223 0.119026 0.082087 0.044757 0.932294
8 0.751665 0.107208 0.069835 0.057549 0.883435
8 0.372369 0.025840 0.089688 0.049929 0.880253
8 0.801783 0.012939 0.062981 0.025878 0.861527
6 0.192733 0.650242 0.030795 0.032340 0.849579
6 0.634862 0.633029 0.042796 0.031181 0.806215
6 0.666740 0.631919 0.051254 0.033457 0.731308
8 0.736931 0.107932 0.039178 0.057488 0.010755
6 0.542888 0.633210 0.030873 0.037935 0.008484
6 0.592899 0.631789 0.039204 0.037146 0.007538
6 0.610560 0.632221 0.072876 0.034533 0.001351
6 0.644344 0.632766 0.028744 0.032045 0.001247
8 0.308966 0.000000 0.029942 0.000000 0.000810
6 0.514670 0.632291 0.026399 0.037228 0.000797
6 0.898363 0.472999 0.029419 0.104283 0.000606
8 0.868382 0.000211 0.041627 0.000421 0.000587
8 0.836300 0.010666 0.031215 0.018692 0.000554
0 0.898363 0.472999 0.029419 0.104283 0.000489
8 0.315170 0.000000 0.028499 0.000000 0.000474
9 0.000000 0.584398 0.000000 0.086230 0.000366
8 0.026918 0.000000 0.053837 0.000000 0.000343
8 0.322066 0.000000 0.026146 0.000000 0.000307
9 0.000000 0.617407 0.000000 0.108409 0.000297
6 0.682069 0.631777 0.020415 0.030574 0.000265
9 0.898363 0.472999 0.029419 0.104283 0.000263
0 0.657002 0.234660 0.015759 0.053088 0.000263
9 0.000000 0.569437 0.000000 0.072395 0.000262
8 0.330142 0.000000 0.029231 0.000000 0.000232
8 0.687021 0.000000 0.060036 0.000000 0.000208
3 0.009879 0.572446 0.019758 0.250624 0.000197
8 0.831943 0.012101 0.028285 0.020486 0.000191
5 0.898363 0.472999 0.029419 0.104283 0.000188
8 0.216067 0.000000 0.054195 0.000000 0.000186
3 0.000000 0.578678 0.000000 0.232307 0.000185
2 0.898363 0.472999 0.029419 0.104283 0.000177
8 0.224134 0.000000 0.049521 0.000000 0.000171
8 0.037214 0.008720 0.074429 0.017441 0.000169
8 0.092488 0.000000 0.055524 0.000000 0.000160
0 0.999223 0.989726 0.001554 0.020548 0.000156
8 0.299756 0.000000 0.051364 0.000000 0.000154
4 0.299756 0.000000 0.051364 0.000000 0.000154
8 0.070749 0.000000 0.052601 0.000000 0.000151
3 0.898363 0.472999 0.029419 0.104283 0.000144
8 0.338166 0.000000 0.034351 0.000000 0.000142
4 0.838346 0.609560 0.139948 0.320632 0.000142
9 0.000000 0.554712 0.000000 0.065769 0.000141
8 0.762978 0.000000 0.064963 0.000000 0.000139
11 0.898363 0.472999 0.029419 0.104283 0.000138
4 0.305075 0.000000 0.034376 0.000000 0.000132
8 0.204457 0.000000 0.056344 0.000000 0.000129
8 0.039076 0.000000 0.052276 0.000000 0.000128
8 0.419177 0.000000 0.041133 0.000000 0.000120
8 0.600239 0.000000 0.051579 0.000000 0.000118
0 0.994705 0.994783 0.010591 0.010434 0.000117
10 0.801959 0.012891 0.062846 0.025782 0.000114
8 0.380472 0.000000 0.039591 0.000000 0.000111
8 0.751027 0.000000 0.054795 0.000000 0.000110
8 0.426451 0.000000 0.048039 0.000000 0.000108
8 0.119727 0.000000 0.029380 0.000000 0.000108
0 0.759772 0.990250 0.009054 0.015536 0.000104
8 0.671257 0.000000 0.054793 0.000000 0.000103
