0 0.464879 0.471943 0.391840 0.943887 0.960594
3 0.106242 0.596299 0.168049 0.246756 0.958622
8 0.096328 0.030604 0.129032 0.060527 0.877158
8 0.367196 0.026768 0.100840 0.051469 0.872090
6 0.634899 0.632751 0.041930 0.031232 0.871121
8 0.182612 0.123690 0.096570 0.056004 0.869037
8 0.802082 0.013244 0.063333 0.026488 0.866728
6 0.192343 0.650155 0.030959 0.032323 0.864543
6 0.667016 0.632539 0.049953 0.033162 0.862560
8 0.736632 0.108495 0.039101 0.057146 0.503819
8 0.751432 0.107571 0.070069 0.056910 0.231873
8 0.392930 0.117755 0.081495 0.045468 0.166289
0 0.742000 0.422763 0.015866 0.116419 0.003992
6 0.591086 0.630197 0.034791 0.039893 0.001280
8 0.834058 0.010534 0.036032 0.017969 0.000755
6 0.540336 0.633652 0.030145 0.038083 0.000702
0 0.738675 0.422425 0.019981 0.117691 0.000504
6 0.681943 0.632163 0.020319 0.030291 0.000455
6 0.608131 0.631110 0.064260 0.036031 0.000392
8 0.029069 0.000000 0.058139 0.000000 0.000367
9 0.000000 0.584154 0.000000 0.084185 0.000348
8 0.310288 0.000000 0.057060 0.000000 0.000334
8 0.223738 0.000000 0.056831 0.000000 0.000333
6 0.182630 0.123469 0.096542 0.055270 0.000332
4 0.802108 0.013374 0.063421 0.026749 0.000316
8 0.866686 0.000408 0.048189 0.000816 0.000279
9 0.000000 0.617001 0.000000 0.105466 0.000273
9 0.000000 0.600179 0.000000 0.092180 0.000266
8 0.319925 0.000000 0.047129 0.000000 0.000253
9 0.000000 0.569266 0.000000 0.074397 0.000229
8 0.091086 0.000000 0.058371 0.000000 0.000213
6 0.392456 0.118841 0.082084 0.045325 0.000185
4 0.871317 0.000000 0.048477 0.000000 0.000166
8 0.761260 0.000000 0.071280 0.000000 0.000153
0 0.800088 0.237177 0.021165 0.148505 0.000129
3 0.000000 0.572476 0.000000 0.252431 0.000129
0 0.802108 0.013374 0.063421 0.026749 0.000127
8 0.686985 0.000000 0.066185 0.000000 0.000126
3 0.898499 0.473386 0.030676 0.099989 0.000125
9 0.000000 0.552458 0.000000 0.068251 0.000112
10 0.802082 0.013244 0.063333 0.026488 0.000111
6 0.898499 0.473386 0.030676 0.099989 0.000111
8 0.102993 0.000000 0.041199 0.000000 0.000110
8 0.205083 0.000000 0.064631 0.000000 0.000109
8 0.120661 0.000000 0.037096 0.000000 0.000109
8 0.077744 0.000000 0.061384 0.000000 0.000106
8 0.301720 0.000000 0.057030 0.000000 0.000103
8 0.112662 0.000000 0.037743 0.000000 0.000100
