2 0.419023 0.642399 0.170998 0.245264 0.965598
2 0.390901 1.000000 0.036733 0.000000 0.000631
4 0.324398 1.000000 0.048591 0.000000 0.000322
4 0.460236 0.292891 0.022143 0.051644 0.000288
5 0.976895 0.946196 0.045875 0.107607 0.000212
8 0.593723 0.087251 0.017056 0.080063 0.000204
6 0.903292 1.000000 0.059348 0.000000 0.000167
0 0.983178 0.999268 0.033644 0.001464 0.000156
4 0.335146 1.000000 0.055227 0.000000 0.000153
2 0.399732 1.000000 0.040403 0.000000 0.000138
2 0.183698 0.752517 0.017632 0.032495 0.000106
4 0.312287 1.000000 0.047469 0.000000 0.000106
0 0.001783 0.675662 0.003565 0.341151 0.000102
