2 0.521459 0.429824 0.038548 0.070901 0.926076
2 0.215721 0.461592 0.044012 0.069718 0.925042
2 0.602135 0.440338 0.036831 0.059396 0.914288
2 0.386304 0.439500 0.036772 0.070222 0.909764
2 0.476290 0.437877 0.035537 0.057918 0.906796
2 0.249447 0.450496 0.035781 0.069959 0.891337
2 0.282119 0.460646 0.034459 0.046110 0.854905
2 0.416848 0.438534 0.027371 0.061118 0.831177
2 0.359541 0.434774 0.020212 0.057114 0.298148
8 0.388622 0.070615 0.027831 0.136400 0.060048
2 0.995123 0.433710 0.009005 0.116253 0.000864
6 0.995123 0.433710 0.009005 0.116253 0.000559
9 0.995097 0.436350 0.009154 0.105192 0.000544
2 0.004509 0.911499 0.009019 0.020980 0.000531
0 0.995097 0.436350 0.009154 0.105192 0.000386
4 0.995097 0.436350 0.009154 0.105192 0.000214
2 0.994693 0.426153 0.010614 0.132295 0.000206
6 0.994693 0.426153 0.010614 0.132295 0.000200
6 0.999916 0.426548 0.000168 0.145548 0.000158
2 0.124022 0.704616 0.035940 0.155753 0.000129
0 0.368070 0.749655 0.199610 0.362009 0.000109
0 0.320423 0.764249 0.079688 0.305896 0.000102
2 0.996700 0.416298 0.006555 0.070318 0.000101
