2 0.805333 0.635321 0.053575 0.079301 0.925502
2 0.950771 0.612317 0.041725 0.072741 0.921648
2 0.761633 0.582293 0.046454 0.099849 0.920040
2 0.887414 0.604702 0.039165 0.072509 0.915727
2 0.425133 0.576495 0.019784 0.082206 0.888477
2 0.452844 0.555049 0.030040 0.050163 0.879055
2 0.919875 0.615433 0.026920 0.065408 0.867430
2 0.597702 0.593596 0.027395 0.077099 0.842911
2 0.635656 0.595116 0.043954 0.078874 0.771593
8 0.856410 0.165360 0.048941 0.310684 0.557984
2 0.623769 0.597532 0.059169 0.080772 0.438353
2 0.611232 0.593384 0.032796 0.083177 0.107537
2 0.599266 0.599429 0.021100 0.070872 0.001555
2 0.598022 0.578175 0.026686 0.050120 0.000367
8 0.000000 0.129588 0.000000 0.059522 0.000134
2 0.153770 0.311297 0.013237 0.028807 0.000113
9 0.400431 0.724422 0.012366 0.047569 0.000101
