2 0.311381 0.667320 0.070533 0.300270 0.946098
2 0.799419 0.440319 0.017112 0.060679 0.005043
0 0.750437 1.000000 0.029625 0.000000 0.001115
9 0.680896 1.000000 0.029553 0.000000 0.000612
6 0.657713 0.998618 0.111201 0.002764 0.000510
8 0.431006 0.966841 0.015883 0.030443 0.000466
2 0.750437 1.000000 0.029625 0.000000 0.000373
0 0.762931 1.000000 0.036713 0.000000 0.000357
9 0.673208 1.000000 0.028322 0.000000 0.000356
6 0.166562 0.712220 0.054540 0.157873 0.000329
4 0.648415 0.998433 0.121385 0.003133 0.000308
0 0.310807 0.668382 0.071223 0.300780 0.000293
0 0.000751 0.999913 0.001501 0.000174 0.000276
9 0.662073 1.000000 0.036346 0.000000 0.000254
2 0.777338 1.000000 0.036154 0.000000 0.000249
6 0.762931 1.000000 0.036713 0.000000 0.000229
0 0.772071 1.000000 0.033256 0.000000 0.000214
9 0.708036 1.000000 0.028539 0.000000 0.000208
9 0.780170 1.000000 0.038298 0.000000 0.000202
2 0.762931 1.000000 0.036713 0.000000 0.000188
8 0.772071 1.000000 0.033256 0.000000 0.000186
6 0.676457 0.998802 0.093062 0.002397 0.000186
8 0.762931 1.000000 0.036713 0.000000 0.000182
9 0.688648 1.000000 0.037540 0.000000 0.000181
9 0.702187 1.000000 0.033901 0.000000 0.000180
6 0.772071 1.000000 0.033256 0.000000 0.000180
6 0.780170 1.000000 0.038298 0.000000 0.000175
0 0.009488 1.000000 0.018976 0.000000 0.000175
6 0.755071 1.000000 0.030220 0.000000 0.000164
8 0.000227 0.987818 0.000454 0.024364 0.000163
9 0.654797 1.000000 0.046735 0.000000 0.000161
9 0.762931 1.000000 0.036713 0.000000 0.000161
9 0.637419 1.000000 0.053189 0.000000 0.000159
8 0.001897 0.116912 0.003794 0.233823 0.000158
9 0.755071 1.000000 0.030220 0.000000 0.000154
9 0.800356 1.000000 0.054355 0.000000 0.000154
8 0.699740 0.631000 0.008161 0.040942 0.000149
9 0.932763 1.000000 0.038967 0.000000 0.000149
9 0.772071 1.000000 0.033256 0.000000 0.000147
8 0.000000 0.203869 0.000000 0.096672 0.000141
8 0.001237 0.162806 0.002475 0.298884 0.000138
2 0.680896 1.000000 0.029553 0.000000 0.000136
6 0.680896 1.000000 0.029553 0.000000 0.000136
9 0.017940 1.000000 0.035881 0.000000 0.000131
8 0.014747 1.000000 0.029494 0.000000 0.000131
0 0.000227 0.987818 0.000454 0.024364 0.000129
4 0.676457 0.998802 0.093062 0.002397 0.000125
9 0.892476 1.000000 0.037791 0.000000 0.000124
9 0.901780 1.000000 0.040714 0.000000 0.000123
6 0.017940 1.000000 0.035881 0.000000 0.000119
8 0.755071 1.000000 0.030220 0.000000 0.000118
9 0.975904 1.000000 0.033461 0.000000 0.000117
9 0.909378 1.000000 0.044304 0.000000 0.000117
8 0.000000 0.220383 0.000000 0.087264 0.000117
6 0.417761 0.638350 0.041594 0.111834 0.000115
0 0.014747 1.000000 0.029494 0.000000 0.000115
9 0.925380 1.000000 0.043274 0.000000 0.000106
0 0.673208 1.000000 0.028322 0.000000 0.000106
8 0.000007 0.972030 0.000014 0.055939 0.000105
