2 0.451734 0.784135 0.065300 0.311452 0.189235
0 0.943544 0.989741 0.018126 0.020518 0.006758
0 0.957594 0.964724 0.047826 0.070459 0.001211
2 0.957786 0.965024 0.049127 0.069953 0.000653
6 0.980968 1.000000 0.038065 0.000000 0.000328
8 1.000000 0.659574 0.000000 0.096130 0.000273
0 0.026484 0.620290 0.018754 0.121443 0.000217
0 0.966837 0.963687 0.066325 0.072626 0.000214
0 0.302796 0.597241 0.008945 0.023072 0.000210
9 0.983664 1.000000 0.032671 0.000000 0.000191
8 0.360553 0.998024 0.062392 0.003953 0.000165
8 0.001321 0.208144 0.002641 0.318112 0.000151
0 0.989434 1.000000 0.021132 0.000000 0.000150
2 0.966766 0.964565 0.066468 0.070869 0.000138
8 0.999846 0.662659 0.000309 0.087128 0.000125
0 0.986293 1.000000 0.027415 0.000000 0.000122
8 0.000009 0.260154 0.000019 0.106593 0.000113
0 0.344896 0.992942 0.014248 0.012182 0.000110
8 0.000000 0.193628 0.000000 0.110687 0.000106
9 0.340353 1.000000 0.021230 0.000000 0.000102
