2 0.318982 0.477523 0.083892 0.172783 0.937140
2 0.721637 0.432991 0.034525 0.193972 0.922440
2 0.869465 0.288007 0.046504 0.087209 0.916530
0 0.722754 0.232681 0.010774 0.042704 0.103251
2 0.010493 0.762174 0.019204 0.194769 0.000364
0 0.825243 0.235898 0.013476 0.043786 0.000190
4 0.012799 0.166537 0.025598 0.197016 0.000157
8 1.000000 0.131728 0.000000 0.085962 0.000149
2 0.991629 0.479937 0.015645 0.039241 0.000129
8 1.000000 0.149145 0.000000 0.100111 0.000118
2 0.007942 0.702942 0.015883 0.233049 0.000104
