2 0.449749 0.368013 0.039500 0.067567 0.928701
9 0.215473 0.242414 0.010992 0.034068 0.334374
0 0.228460 0.221841 0.004149 0.013762 0.009215
0 0.230383 0.223071 0.005486 0.011945 0.003924
2 0.442777 0.350800 0.020211 0.032598 0.001664
9 0.220976 0.225206 0.004701 0.011994 0.001141
9 0.230383 0.223071 0.005486 0.011945 0.000846
0 0.222772 0.221789 0.004321 0.013766 0.000414
9 0.217144 0.245088 0.012367 0.033861 0.000393
9 0.204937 0.244125 0.008165 0.022070 0.000337
2 0.392309 1.000000 0.031576 0.000000 0.000307
2 0.346547 1.000000 0.037369 0.000000 0.000157
2 0.360742 1.000000 0.031905 0.000000 0.000143
2 0.355414 1.000000 0.030251 0.000000 0.000138
4 0.000162 0.983745 0.000325 0.032511 0.000138
2 0.399092 1.000000 0.042183 0.000000 0.000137
9 0.215836 0.233580 0.007837 0.038575 0.000134
4 0.153338 0.408866 0.029043 0.061541 0.000124
9 0.153338 0.408866 0.029043 0.061541 0.000118
2 0.336922 1.000000 0.033416 0.000000 0.000109
