2 0.883567 0.378585 0.094541 0.121176 0.960838
2 0.769590 0.314858 0.082813 0.092987 0.955713
2 0.418753 0.436747 0.104017 0.231054 0.955610
0 0.810302 0.047260 0.030265 0.092128 0.930758
0 0.986667 0.065299 0.026666 0.126780 0.893980
0 0.498346 0.051711 0.025327 0.066877 0.867019
8 0.745858 0.076970 0.010784 0.026703 0.856911
8 0.951302 0.110750 0.017722 0.040637 0.851885
8 0.641383 0.063473 0.011333 0.030039 0.837798
9 0.772228 0.027931 0.020509 0.051773 0.770557
8 0.849924 0.096800 0.009076 0.016398 0.404352
0 0.772194 0.027506 0.020534 0.051444 0.086036
8 0.772091 0.027909 0.020263 0.051948 0.009785
8 0.850537 0.105678 0.010480 0.028948 0.005668
0 0.641520 0.063613 0.011841 0.030942 0.004966
4 0.772274 0.027273 0.020475 0.051913 0.003329
0 0.848843 0.095749 0.008456 0.016617 0.002715
6 0.772274 0.027273 0.020475 0.051913 0.002597
0 0.757006 0.030374 0.012201 0.051424 0.001816
8 0.747184 0.080788 0.014760 0.029222 0.001272
2 0.498341 0.051173 0.025791 0.067960 0.000918
8 0.756292 0.030328 0.010694 0.054395 0.000765
8 0.827319 0.000698 0.026686 0.001396 0.000720
8 0.819838 0.000680 0.025183 0.001359 0.000551
8 0.847975 0.001249 0.027455 0.002499 0.000517
8 0.853766 0.001048 0.027492 0.002096 0.000514
0 0.739165 0.030097 0.023004 0.057936 0.000502
8 0.842305 0.001143 0.026237 0.002287 0.000484
8 0.885186 0.001609 0.037248 0.003218 0.000480
8 0.848843 0.095749 0.008456 0.016617 0.000465
8 0.810194 0.047138 0.030102 0.092348 0.000455
8 0.877619 0.001164 0.032207 0.002328 0.000452
8 0.834548 0.000925 0.025425 0.001850 0.000427
8 0.870369 0.000912 0.028393 0.001825 0.000400
0 0.522395 0.043766 0.022636 0.081136 0.000379
3 0.204332 0.677829 0.011361 0.054633 0.000378
0 0.990891 0.068479 0.018217 0.118181 0.000362
8 0.865554 0.000819 0.026598 0.001638 0.000348
8 0.815411 0.000652 0.022569 0.001305 0.000339
8 0.860316 0.000866 0.027057 0.001732 0.000319
2 0.641403 0.063775 0.011296 0.030826 0.000307
9 0.848843 0.095749 0.008456 0.016617 0.000304
8 0.992777 0.000542 0.014446 0.001083 0.000301
8 0.648171 0.000000 0.023742 0.000000 0.000288
8 0.936833 0.883082 0.051770 0.050281 0.000288
8 0.654048 0.000000 0.020787 0.000000 0.000285
8 0.658518 0.000000 0.019640 0.000000 0.000282
8 0.663628 0.000000 0.021873 0.000000 0.000274
8 1.000000 0.111188 0.000000 0.091520 0.000260
0 0.754431 0.000046 0.026987 0.000092 0.000235
8 0.642109 0.000000 0.026279 0.000000 0.000232
8 0.798395 0.000000 0.021288 0.000000 0.000220
0 0.749165 0.000000 0.028628 0.000000 0.000213
5 0.951247 0.110788 0.018024 0.040910 0.000211
8 0.995998 0.107439 0.008004 0.045717 0.000210
4 0.641520 0.063613 0.011841 0.030942 0.000205
8 0.894847 0.001399 0.035117 0.002798 0.000204
0 0.842305 0.001143 0.026237 0.002287 0.000200
0 0.847975 0.001249 0.027455 0.002499 0.000199
2 0.849924 0.096800 0.009076 0.016398 0.000198
8 0.807018 0.000421 0.023854 0.000842 0.000193
8 0.999265 0.108328 0.001469 0.065077 0.000193
8 0.739362 0.040374 0.020410 0.077293 0.000190
3 0.745858 0.076970 0.010784 0.026703 0.000184
4 0.951247 0.110788 0.018024 0.040910 0.000184
8 0.669795 0.000000 0.024226 0.000000 0.000179
8 0.636599 0.000000 0.030775 0.000000 0.000168
8 0.910458 0.000000 0.035494 0.000000 0.000164
8 0.918207 0.000000 0.039052 0.000000 0.000162
8 0.997177 0.000881 0.005647 0.001762 0.000162
8 0.791177 0.000000 0.022487 0.000000 0.000160
8 0.700222 0.000000 0.032388 0.000000 0.000159
2 0.986584 0.064948 0.026833 0.126824 0.000153
8 0.986597 0.066494 0.026807 0.124563 0.000152
0 0.842968 0.008294 0.011410 0.016588 0.000148
8 0.677678 0.000000 0.026893 0.000000 0.000148
0 0.847043 0.008802 0.012041 0.016130 0.000142
8 0.986627 0.000000 0.026747 0.000000 0.000140
4 0.745725 0.077057 0.010863 0.026091 0.000140
8 0.900994 0.000790 0.037696 0.001580 0.000139
0 0.502993 0.042972 0.014631 0.062937 0.000139
1 0.145647 0.283410 0.071297 0.203815 0.000139
8 0.629553 0.000000 0.032936 0.000000 0.000136
8 0.726594 0.082105 0.009664 0.017451 0.000133
4 0.000295 0.986329 0.000590 0.027343 0.000133
0 0.853766 0.001048 0.027492 0.002096 0.000132
8 1.000000 0.093333 0.000000 0.081207 0.000129
6 0.865554 0.000819 0.026598 0.001638 0.000127
3 0.772091 0.027909 0.020263 0.051948 0.000127
0 0.834548 0.000925 0.025425 0.001850 0.000125
2 0.994215 0.433335 0.011570 0.136508 0.000124
8 0.689396 0.000000 0.032090 0.000000 0.000124
8 0.622321 0.000000 0.029615 0.000000 0.000123
0 0.827319 0.000698 0.026686 0.001396 0.000118
0 0.742630 0.000012 0.027265 0.000024 0.000118
6 0.870369 0.000912 0.028393 0.001825 0.000115
6 0.853766 0.001048 0.027492 0.002096 0.000113
5 0.772274 0.027273 0.020475 0.051913 0.000110
0 0.494080 0.040132 0.017391 0.051443 0.000107
6 0.860316 0.000866 0.027057 0.001732 0.000105
