2 0.866134 0.619004 0.246372 0.509015 0.971333
2 0.581765 0.339854 0.133528 0.242292 0.963383
2 0.196691 0.208461 0.028686 0.060104 0.902429
2 0.457174 0.174186 0.021171 0.048119 0.435966
2 0.355088 0.186338 0.025888 0.061853 0.319533
2 0.383969 0.182353 0.022513 0.062286 0.146789
2 0.715925 0.151415 0.026069 0.057933 0.033017
2 0.337813 0.190918 0.018603 0.055391 0.009334
2 0.014018 0.359116 0.027680 0.041103 0.001705
2 0.366643 0.186027 0.013574 0.058607 0.000898
2 0.362879 0.186336 0.020136 0.059840 0.000390
2 0.369351 0.184468 0.016171 0.058609 0.000356
2 0.416711 0.181253 0.022111 0.045528 0.000283
2 0.002557 0.364639 0.005114 0.076693 0.000242
2 0.013488 0.370703 0.026908 0.063810 0.000161
6 0.710153 1.000000 0.048839 0.000000 0.000130
2 0.343852 0.212396 0.012726 0.014856 0.000119
2 0.041465 0.331959 0.075196 0.089944 0.000118
