2 0.529993 0.379218 0.041307 0.056143 0.912055
2 0.670037 0.387072 0.029239 0.066959 0.891618
2 0.439404 0.777505 0.021773 0.045819 0.877651
6 0.995314 0.495922 0.009372 0.094581 0.001491
2 0.350722 0.263172 0.017170 0.069071 0.001476
9 0.993880 0.491370 0.012230 0.098990 0.001046
4 0.691534 0.023364 0.008118 0.041773 0.000810
2 0.691548 0.021472 0.008808 0.039115 0.000489
9 1.000000 0.486050 0.000000 0.142609 0.000333
6 0.999743 0.490363 0.000513 0.117624 0.000258
9 1.000000 0.503748 0.000000 0.142114 0.000249
0 1.000000 0.486050 0.000000 0.142609 0.000174
0 0.364819 0.912469 0.045291 0.173395 0.000171
0 1.000000 0.503748 0.000000 0.142114 0.000149
6 0.991385 0.434813 0.017230 0.215826 0.000130
9 1.000000 0.527165 0.000000 0.181506 0.000130
9 0.993387 0.556152 0.013227 0.265911 0.000123
2 0.999665 0.469639 0.000670 0.146084 0.000119
6 1.000000 0.480081 0.000000 0.148284 0.000108
6 0.991486 0.471828 0.017028 0.140613 0.000103
2 0.991385 0.434813 0.017230 0.215826 0.000102
