0 0.316338 0.268102 0.047406 0.169871 0.948278
2 0.348421 0.719566 0.043601 0.087816 0.930146
0 0.380702 0.256983 0.105691 0.300603 0.914307
2 0.508677 0.522035 0.016856 0.048043 0.909352
4 0.741824 0.187970 0.015044 0.038025 0.874995
0 0.203435 0.194687 0.013620 0.043188 0.871140
4 0.730339 0.184425 0.012913 0.030579 0.855495
2 0.179225 0.367207 0.012437 0.018917 0.577560
2 0.694917 0.247556 0.012830 0.016985 0.569955
2 0.452881 0.323767 0.012381 0.022845 0.339280
2 0.447573 0.323874 0.017950 0.021551 0.039100
2 0.697824 0.247799 0.011696 0.015757 0.007342
2 0.449725 0.325438 0.018002 0.021699 0.006072
9 0.222112 0.197317 0.014120 0.036796 0.003247
2 0.179874 0.364519 0.011005 0.019748 0.002619
0 0.453207 0.324174 0.013128 0.028561 0.002300
2 0.316313 0.268454 0.047365 0.169313 0.000877
2 0.380736 0.256069 0.106354 0.299501 0.000857
2 0.451454 0.326179 0.014732 0.027673 0.000856
4 0.179238 0.367645 0.012316 0.015440 0.000648
0 0.220193 0.197072 0.019788 0.038558 0.000557
2 0.424017 0.300483 0.018753 0.085732 0.000366
2 0.274358 0.324021 0.007543 0.015356 0.000311
1 0.179660 0.367328 0.011620 0.018308 0.000291
6 0.203480 0.195444 0.014292 0.043558 0.000278
0 0.423691 0.293855 0.018905 0.064833 0.000256
2 0.419774 0.304657 0.026583 0.069397 0.000254
2 0.179302 0.370685 0.012670 0.026704 0.000210
6 0.380959 0.256632 0.104759 0.299429 0.000210
8 0.179238 0.367645 0.012316 0.015440 0.000197
4 0.704356 0.196289 0.052169 0.076228 0.000182
2 0.183490 0.355109 0.006748 0.017805 0.000179
2 0.447854 0.327120 0.020338 0.027504 0.000149
0 0.452996 0.323618 0.011504 0.022741 0.000148
10 0.179238 0.367645 0.012316 0.015440 0.000148
2 0.184905 0.364250 0.013462 0.015394 0.000140
0 0.419522 0.290667 0.027199 0.063078 0.000122
2 0.213239 0.348717 0.010540 0.013583 0.000109
2 0.741793 0.188052 0.015029 0.037439 0.000106
1 0.453207 0.324174 0.013128 0.028561 0.000102
2 0.453599 0.319093 0.013210 0.032603 0.000100
