2 0.426126 0.545044 0.031650 0.110459 0.934955
0 0.270096 0.051065 0.033857 0.096809 0.916966
0 0.389848 0.055398 0.043810 0.107285 0.846690
2 0.532282 0.324956 0.032705 0.073821 0.590900
2 0.139707 0.105763 0.007496 0.015681 0.240342
2 0.270148 0.051134 0.033871 0.096619 0.001738
2 0.376311 0.056943 0.068715 0.102085 0.001584
2 0.350793 0.415798 0.027019 0.072450 0.001544
0 0.376311 0.056943 0.068715 0.102085 0.001308
2 0.389081 0.055630 0.044738 0.106471 0.000924
4 0.140088 0.106534 0.008602 0.015973 0.000608
8 0.139707 0.105763 0.007496 0.015681 0.000455
2 0.504084 0.020542 0.007757 0.036692 0.000326
8 0.270004 0.051226 0.033763 0.096473 0.000308
7 0.140088 0.106534 0.008602 0.015973 0.000282
2 0.354372 0.052291 0.025361 0.025178 0.000265
2 0.781200 0.500673 0.017531 0.049781 0.000218
4 0.201297 0.273586 0.032463 0.084287 0.000103
