2 0.414995 0.580163 0.054430 0.103197 0.943743
2 0.548038 0.756100 0.035589 0.084856 0.942781
2 0.962517 0.568260 0.041874 0.067359 0.923323
2 0.885014 0.251926 0.015300 0.035783 0.890880
2 0.705831 0.298153 0.024049 0.046165 0.883993
2 0.865573 0.012667 0.018869 0.024945 0.882480
2 0.357912 0.142160 0.033491 0.041788 0.876897
0 0.137431 0.918266 0.016793 0.089765 0.000301
2 0.993234 0.517708 0.013533 0.135187 0.000209
2 0.993584 0.491784 0.012833 0.177009 0.000167
4 0.270684 0.831528 0.016494 0.105921 0.000138
2 0.875976 0.000000 0.024330 0.000000 0.000114
