2 0.315922 0.690589 0.048744 0.105355 0.934381
2 0.967094 0.798225 0.043085 0.072346 0.930874
2 0.410649 0.915777 0.032804 0.092550 0.930058
2 0.819566 0.716254 0.043068 0.073212 0.916432
2 0.966574 0.520873 0.024824 0.035874 0.901030
2 0.885269 0.669394 0.024960 0.060795 0.900363
2 0.949714 0.557040 0.023616 0.044081 0.897016
2 0.580405 0.449876 0.024843 0.048531 0.894821
2 0.524227 0.114013 0.019759 0.034338 0.856242
2 0.745855 0.435100 0.017215 0.041634 0.850837
2 0.834374 0.081570 0.016641 0.027054 0.819870
0 0.834400 0.081875 0.016644 0.026038 0.001311
2 0.970059 0.777471 0.022533 0.030212 0.000651
2 0.845032 0.826504 0.022602 0.028284 0.000433
7 0.834400 0.081875 0.016644 0.026038 0.000234
9 0.000046 0.461564 0.000092 0.140842 0.000214
8 0.834403 0.081734 0.016672 0.026923 0.000194
0 0.885309 0.669356 0.025347 0.060639 0.000193
6 0.016350 0.000064 0.032700 0.000128 0.000186
2 0.152390 0.485412 0.008684 0.010864 0.000166
6 0.022365 0.000414 0.044731 0.000828 0.000106
