2 0.455297 0.655790 0.046137 0.085570 0.930171
2 0.078279 0.887424 0.047137 0.098868 0.917724
0 0.308054 0.299961 0.039394 0.176276 0.914227
2 0.630197 0.487843 0.036543 0.047035 0.908237
2 0.509875 0.355702 0.007468 0.020377 0.878844
4 0.796281 0.231649 0.015771 0.039071 0.869814
2 0.256971 0.381140 0.010728 0.024493 0.865465
4 0.784466 0.227201 0.013239 0.032314 0.851450
2 0.747035 0.289213 0.010657 0.018384 0.817282
0 0.455473 0.287568 0.049950 0.300758 0.772579
2 0.526399 0.356922 0.009230 0.014140 0.718541
2 0.455809 0.288246 0.050410 0.294139 0.717099
2 0.498358 0.360532 0.007825 0.011997 0.132140
4 0.794327 0.229412 0.014643 0.034978 0.103117
2 0.308104 0.299874 0.039293 0.176482 0.011677
2 0.645370 0.710028 0.014842 0.033932 0.005610
2 0.149365 0.412719 0.014318 0.022748 0.004124
0 0.230396 0.224303 0.010350 0.034506 0.003868
0 0.228536 0.226572 0.013522 0.035808 0.000631
2 0.497335 0.357822 0.011604 0.014766 0.000597
2 0.750530 0.289217 0.013480 0.017123 0.000465
2 0.107532 1.000000 0.051752 0.000000 0.000343
2 0.067508 1.000000 0.050624 0.000000 0.000308
2 0.499042 0.356984 0.010375 0.019031 0.000293
2 0.116488 1.000000 0.042319 0.000000 0.000261
6 0.455809 0.288246 0.050410 0.294139 0.000244
4 0.781412 0.229007 0.022767 0.034586 0.000236
2 0.448525 0.845981 0.020443 0.023991 0.000224
2 0.080347 1.000000 0.052975 0.000000 0.000221
2 0.093156 1.000000 0.053989 0.000000 0.000212
2 0.526187 0.359912 0.009929 0.020561 0.000196
10 0.326658 0.000000 0.026143 0.000000 0.000196
2 0.056677 1.000000 0.051161 0.000000 0.000169
4 0.747276 0.287249 0.010378 0.021857 0.000169
10 0.321591 0.000000 0.026672 0.000000 0.000147
5 0.448525 0.845981 0.020443 0.023991 0.000141
8 0.020931 0.000000 0.041862 0.000000 0.000139
2 0.031635 1.000000 0.051964 0.000000 0.000130
2 0.045475 1.000000 0.055159 0.000000 0.000119
8 0.455991 0.000000 0.040098 0.000000 0.000117
2 0.494947 0.358790 0.010251 0.015361 0.000112
2 0.529365 0.357320 0.014189 0.017276 0.000103
