3 0.542443 0.270438 0.161126 0.200370 0.954072
4 0.542252 0.270064 0.161620 0.200851 0.000592
6 0.072195 0.187925 0.038350 0.041464 0.000574
4 0.993194 0.450254 0.013611 0.209300 0.000283
0 0.704523 0.628194 0.167293 0.671251 0.000265
2 0.941042 0.890111 0.117916 0.204970 0.000222
2 0.293510 1.000000 0.040387 0.000000 0.000185
2 0.620678 0.398466 0.017925 0.032345 0.000175
4 0.992123 0.408836 0.015753 0.228371 0.000140
2 0.542037 0.269437 0.161875 0.200162 0.000133
2 0.991374 0.509226 0.017251 0.250145 0.000131
5 0.269138 0.804152 0.046328 0.075249 0.000125
2 0.457986 0.626233 0.022872 0.033991 0.000122
2 0.009559 0.670055 0.019118 0.297845 0.000119
4 0.992077 0.554696 0.015845 0.248770 0.000116
2 0.570659 0.739182 0.027049 0.035917 0.000110
4 0.992929 0.591958 0.014143 0.206496 0.000105
