4 0.491943 0.589215 0.128796 0.231469 0.948591
8 0.308127 0.890775 0.066676 0.217296 0.926785
8 0.314643 0.979879 0.020973 0.037861 0.837534
8 0.180306 0.965887 0.037538 0.067319 0.700052
8 0.220662 0.984890 0.020871 0.030220 0.319365
8 0.171153 0.989518 0.051226 0.020965 0.003681
8 0.313184 0.985728 0.022607 0.028544 0.001986
8 0.535049 0.475372 0.009415 0.011865 0.001765
4 0.220662 0.984890 0.020871 0.030220 0.001385
8 0.094006 0.923839 0.055930 0.148573 0.001273
8 0.316965 0.942276 0.036324 0.106695 0.001046
8 0.197969 0.763584 0.016123 0.064659 0.001002
8 0.232554 0.990861 0.012748 0.018277 0.000981
8 0.162089 0.996348 0.059129 0.007304 0.000793
8 0.237348 0.997993 0.035464 0.004014 0.000773
4 0.535049 0.475372 0.009415 0.011865 0.000711
0 0.298334 0.993104 0.008182 0.013792 0.000617
8 0.225326 0.991862 0.030467 0.016276 0.000562
8 0.298230 0.997231 0.037882 0.005537 0.000547
0 0.449243 1.000000 0.032401 0.000000 0.000546
0 0.443199 1.000000 0.032300 0.000000 0.000538
8 0.318393 0.983592 0.020151 0.032817 0.000511
8 0.534191 0.478052 0.010850 0.012412 0.000418
0 0.153823 0.993637 0.012983 0.012725 0.000410
4 0.315130 0.980040 0.022061 0.038489 0.000377
6 0.449243 1.000000 0.032401 0.000000 0.000368
8 0.248435 1.000000 0.030167 0.000000 0.000356
6 0.455645 1.000000 0.034864 0.000000 0.000352
6 0.993449 0.579128 0.013102 0.342306 0.000324
6 0.993932 0.544136 0.012136 0.269809 0.000319
8 0.492282 0.589881 0.128727 0.232202 0.000317
0 0.436304 1.000000 0.036267 0.000000 0.000303
9 0.430336 1.000000 0.035235 0.000000 0.000270
8 0.241833 1.000000 0.030343 0.000000 0.000256
9 0.388685 1.000000 0.034923 0.000000 0.000225
6 0.413727 1.000000 0.042029 0.000000 0.000219
9 0.418953 1.000000 0.039399 0.000000 0.000207
9 0.647256 1.000000 0.033476 0.000000 0.000192
8 0.220456 0.972106 0.023677 0.055787 0.000172
6 0.465962 1.000000 0.036828 0.000000 0.000171
6 0.162089 0.996348 0.059129 0.007304 0.000163
0 0.424819 1.000000 0.034282 0.000000 0.000161
9 0.376130 1.000000 0.031225 0.000000 0.000157
8 0.246591 0.993669 0.013709 0.012663 0.000157
9 0.521087 1.000000 0.050560 0.000000 0.000151
8 0.298334 0.993104 0.008182 0.013792 0.000151
0 0.159975 0.993642 0.015337 0.012716 0.000148
0 0.303361 1.000000 0.021791 0.000000 0.000148
9 0.395252 1.000000 0.036872 0.000000 0.000148
9 0.492282 0.589881 0.128727 0.232202 0.000148
7 0.220703 0.985266 0.020984 0.029468 0.000143
6 0.158355 1.000000 0.033707 0.000000 0.000142
0 0.001540 1.000000 0.003080 0.000000 0.000140
9 0.639264 1.000000 0.035513 0.000000 0.000140
5 0.162089 0.996348 0.059129 0.007304 0.000137
0 0.455645 1.000000 0.034864 0.000000 0.000132
8 0.296625 1.000000 0.018392 0.000000 0.000131
9 0.407032 1.000000 0.037845 0.000000 0.000128
6 0.528549 1.000000 0.050517 0.000000 0.000127
6 0.443199 1.000000 0.032300 0.000000 0.000119
6 0.474202 1.000000 0.035037 0.000000 0.000111
8 0.303361 1.000000 0.021791 0.000000 0.000111
0 0.314327 0.983067 0.020648 0.032796 0.000107
4 0.191846 0.126048 0.213222 0.252096 0.000105
6 0.516232 1.000000 0.053746 0.000000 0.000104
9 0.488452 1.000000 0.032642 0.000000 0.000102
6 0.140170 1.000000 0.034093 0.000000 0.000101
8 0.190107 0.944639 0.016798 0.021818 0.000100
