4 0.327492 0.410500 0.121671 0.303892 0.949143
2 0.990926 0.459851 0.017695 0.158033 0.001369
2 0.988315 0.449757 0.022002 0.156812 0.000802
5 0.451081 0.449066 0.020614 0.051092 0.000631
2 0.988101 0.557866 0.023799 0.217794 0.000522
2 0.999702 0.414751 0.000596 0.149397 0.000495
0 0.109663 0.819810 0.014543 0.069387 0.000404
2 0.992269 0.490678 0.015462 0.185076 0.000362
2 0.999686 0.514108 0.000629 0.123173 0.000338
6 0.467896 0.737884 0.330077 0.524233 0.000323
9 0.631797 1.000000 0.048807 0.000000 0.000279
2 0.999393 0.369511 0.001215 0.137719 0.000263
2 0.991498 0.523649 0.017003 0.182348 0.000250
5 0.104333 0.973917 0.085908 0.052166 0.000242
6 0.115589 0.847122 0.007549 0.016072 0.000241
2 0.984948 0.577010 0.030104 0.244889 0.000235
9 0.000078 0.969078 0.000156 0.061844 0.000227
2 0.999422 0.487202 0.001156 0.125608 0.000222
2 0.999879 0.445987 0.000241 0.153834 0.000196
6 0.079215 0.679377 0.025250 0.033857 0.000176
5 0.115589 0.847122 0.007549 0.016072 0.000176
2 0.976444 0.452669 0.043224 0.146183 0.000174
9 0.006951 0.823013 0.013902 0.232799 0.000173
2 0.973286 0.367418 0.051468 0.270533 0.000166
2 0.999622 0.553419 0.000756 0.166080 0.000161
0 0.019050 0.955289 0.038100 0.089423 0.000155
2 0.984457 0.430788 0.029964 0.190867 0.000151
2 0.011864 0.401416 0.023729 0.218616 0.000150
6 0.618587 1.000000 0.048924 0.000000 0.000143
0 0.001686 0.999894 0.003372 0.000212 0.000139
2 0.999691 0.340299 0.000619 0.139249 0.000136
4 0.319758 0.997015 0.117467 0.005970 0.000115
2 0.995270 0.429666 0.009461 0.173541 0.000110
6 0.631797 1.000000 0.048807 0.000000 0.000110
