4 0.727220 0.266883 0.053655 0.077442 0.801313
0 0.741872 0.157236 0.009655 0.035466 0.737433
9 0.706378 0.179962 0.015244 0.033722 0.005970
8 0.827389 0.078962 0.023348 0.101503 0.005244
5 0.742279 0.157417 0.010345 0.035283 0.004848
6 0.706378 0.179962 0.015244 0.033722 0.003755
4 0.827321 0.078535 0.023418 0.098399 0.003107
9 0.652891 0.189909 0.014294 0.029577 0.001519
0 0.652891 0.189909 0.014294 0.029577 0.001225
0 0.747141 0.153212 0.008088 0.026274 0.000988
0 0.006891 0.383176 0.010094 0.023886 0.000803
6 0.652891 0.189909 0.014294 0.029577 0.000771
4 0.706378 0.179962 0.015244 0.033722 0.000739
0 0.706352 0.164313 0.013663 0.022313 0.000683
0 0.706378 0.179962 0.015244 0.033722 0.000581
4 0.652891 0.189909 0.014294 0.029577 0.000575
0 0.706603 0.158982 0.011254 0.023486 0.000567
8 0.737059 0.126656 0.017062 0.084512 0.000544
4 0.746962 0.289870 0.014003 0.029744 0.000346
8 0.006891 0.383176 0.010094 0.023886 0.000339
11 0.706378 0.179962 0.015244 0.033722 0.000314
2 0.006891 0.383176 0.010094 0.023886 0.000265
0 0.741756 0.149490 0.010205 0.049152 0.000220
4 0.741720 0.285958 0.024206 0.040301 0.000184
4 0.736940 0.281493 0.033621 0.049237 0.000179
5 0.706378 0.179962 0.015244 0.033722 0.000170
8 0.741838 0.156996 0.009823 0.035693 0.000150
11 0.652891 0.189909 0.014294 0.029577 0.000148
8 0.706378 0.179962 0.015244 0.033722 0.000141
0 0.146193 0.118446 0.020933 0.088333 0.000131
6 0.654058 0.194062 0.017550 0.034368 0.000127
5 0.652891 0.189909 0.014294 0.029577 0.000126
9 0.000263 0.514553 0.000526 0.134921 0.000111
4 0.731023 0.276145 0.046201 0.058782 0.000107
0 0.010031 0.448418 0.020062 0.414429 0.000102
9 0.000504 0.446521 0.001009 0.121200 0.000101
