0 0.041586 0.563264 0.081499 0.309255 0.953062
0 0.395627 0.512614 0.059905 0.230363 0.944252
0 0.703507 0.497576 0.063913 0.259880 0.943740
0 0.109306 0.528214 0.075893 0.297823 0.942386
0 0.338126 0.493364 0.058647 0.225212 0.938036
0 0.199785 0.567975 0.056006 0.266584 0.934128
0 0.529036 0.482780 0.054619 0.230820 0.926172
0 0.555456 0.427451 0.027476 0.127324 0.923538
0 0.866446 0.448495 0.028847 0.133454 0.921867
0 0.138010 0.524987 0.052425 0.239424 0.916847
0 0.466765 0.476603 0.036507 0.192695 0.915665
0 0.659639 0.461904 0.035341 0.152234 0.915328
8 0.784747 0.201326 0.077743 0.391403 0.914895
0 0.839761 0.467312 0.032889 0.182011 0.907584
0 0.238625 0.456737 0.026668 0.178157 0.899726
0 0.754644 0.468466 0.035044 0.189886 0.894773
0 0.897160 0.437172 0.029221 0.143859 0.883024
0 0.779292 0.453809 0.027864 0.155641 0.881158
0 0.916623 0.434900 0.022559 0.139435 0.872129
0 0.814352 0.447094 0.021806 0.142034 0.868095
0 0.668746 0.410915 0.019812 0.077819 0.837940
0 0.941091 0.439738 0.028597 0.159976 0.837907
0 0.979971 0.415960 0.026099 0.124853 0.820829
0 0.960520 0.411405 0.022517 0.104633 0.789724
0 0.793710 0.449855 0.021687 0.148074 0.779349
0 0.063718 0.514643 0.044885 0.223995 0.630852
0 0.492814 0.433308 0.020416 0.096354 0.630349
0 0.121686 0.461711 0.020515 0.115977 0.604135
0 0.372867 0.442665 0.022351 0.147758 0.600411
0 0.994024 0.433704 0.011141 0.124604 0.519339
0 0.214876 0.492141 0.033331 0.178383 0.329001
0 0.063811 0.475431 0.044469 0.146884 0.307423
0 0.029724 0.467569 0.019883 0.090467 0.299900
0 0.030542 0.478853 0.022433 0.117312 0.203849
0 0.888642 0.400170 0.010870 0.068019 0.173089
0 0.226509 0.525633 0.046624 0.226251 0.104291
0 0.211018 0.444608 0.023431 0.081159 0.043327
0 0.135722 0.452048 0.035257 0.163935 0.021761
0 0.218658 0.521465 0.044421 0.233757 0.019815
0 0.883068 0.418201 0.017943 0.097208 0.019461
0 0.886367 0.412854 0.014786 0.091070 0.017816
0 0.186697 0.485984 0.026952 0.182517 0.016146
0 0.232432 0.588778 0.034340 0.099339 0.015377
0 0.231546 0.542596 0.037332 0.193006 0.012266
0 0.119136 0.403971 0.011164 0.059988 0.008756
0 0.191392 0.429809 0.014777 0.061787 0.008651
0 0.880616 0.415023 0.015763 0.088737 0.006578
0 0.015503 0.469904 0.019048 0.105735 0.003273
0 0.716299 0.466693 0.027613 0.098181 0.002901
0 0.885911 0.394078 0.011640 0.055553 0.002899
0 0.995101 0.410627 0.009323 0.076155 0.002796
0 0.706385 0.421817 0.017789 0.054433 0.002719
0 0.878595 0.424140 0.013479 0.090955 0.002266
0 0.021372 0.479164 0.028602 0.111208 0.002198
0 0.006509 0.479949 0.010771 0.098422 0.002001
0 0.120729 0.469340 0.015752 0.108313 0.001361
0 0.505478 0.416666 0.009027 0.068979 0.001332
0 0.191789 0.418543 0.013190 0.039766 0.001325
0 0.211036 0.472377 0.025507 0.138792 0.001307
0 0.000000 0.642784 0.000000 0.268974 0.001260
0 0.892751 0.398172 0.014775 0.064673 0.001236
0 0.789466 0.449195 0.026476 0.149413 0.001218
4 0.794880 0.450816 0.021535 0.146435 0.001070
0 0.005225 0.479577 0.006981 0.070953 0.000864
0 0.188835 0.471291 0.020768 0.146120 0.000815
0 0.725165 0.402705 0.013828 0.061602 0.000779
6 0.706809 0.421569 0.017982 0.055482 0.000771
0 0.728127 0.405989 0.015382 0.066517 0.000720
0 0.005708 0.512379 0.009867 0.154576 0.000654
0 0.719519 0.482326 0.023347 0.083586 0.000648
0 0.025171 0.474393 0.015326 0.100830 0.000617
0 0.878045 0.392117 0.009385 0.049038 0.000599
0 0.127754 0.488242 0.031022 0.147805 0.000491
0 0.878698 0.397881 0.011377 0.052721 0.000470
0 0.000000 0.562578 0.000000 0.316342 0.000465
0 0.504415 0.412132 0.008193 0.060165 0.000441
0 1.000000 0.437848 0.000000 0.130697 0.000431
0 0.493358 0.418726 0.020854 0.078463 0.000377
0 0.000000 0.688186 0.000000 0.251100 0.000363
0 0.876044 0.427663 0.015360 0.094644 0.000360
0 0.874585 0.385258 0.008195 0.035320 0.000359
0 0.114197 0.409740 0.013003 0.055619 0.000358
0 0.011371 0.473340 0.017799 0.086028 0.000333
0 0.188439 0.428309 0.020655 0.062628 0.000330
0 0.792118 0.407477 0.014540 0.056922 0.000328
0 0.000501 0.479761 0.001001 0.099705 0.000324
0 0.993302 0.416890 0.012354 0.088033 0.000312
0 0.000000 0.501457 0.000000 0.142925 0.000311
0 0.665669 0.415661 0.014779 0.069884 0.000299
0 0.148182 0.472384 0.068060 0.191825 0.000299
0 1.000000 0.454280 0.000000 0.114425 0.000290
0 0.504106 0.423681 0.010664 0.080712 0.000286
0 0.983499 0.419961 0.029376 0.141098 0.000269
0 0.660015 0.419053 0.016809 0.070749 0.000257
0 0.875732 0.395817 0.010474 0.044167 0.000255
8 0.585947 0.000000 0.043049 0.000000 0.000253
0 0.842442 0.375117 0.007725 0.021615 0.000244
9 0.000501 0.479761 0.001001 0.099705 0.000240
0 0.121986 0.394945 0.011999 0.049402 0.000237
5 0.706809 0.421569 0.017982 0.055482 0.000237
