0 0.048648 0.530119 0.075581 0.274559 0.941540
0 0.238235 0.511289 0.056142 0.248219 0.940621
0 0.371003 0.476334 0.041198 0.203082 0.932664
0 0.189748 0.490950 0.050212 0.205450 0.931457
8 0.667927 0.315068 0.052890 0.249224 0.928703
0 0.283333 0.504854 0.040115 0.207893 0.924658
0 0.333500 0.478590 0.030788 0.173454 0.920476
0 0.410089 0.497970 0.048805 0.210680 0.919096
8 0.432513 0.217950 0.073972 0.375054 0.915837
0 0.877687 0.459179 0.020836 0.111747 0.912027
0 0.634495 0.472405 0.027798 0.149201 0.910181
0 0.471812 0.494177 0.033356 0.162385 0.908650
0 0.017664 0.492440 0.035328 0.246592 0.908202
0 0.313154 0.473017 0.026932 0.152774 0.889575
0 0.539757 0.480658 0.026021 0.168829 0.887981
0 0.516209 0.454294 0.017686 0.101244 0.847356
0 0.425015 0.447627 0.020322 0.098133 0.842250
0 0.581354 0.460483 0.019270 0.114008 0.839951
0 0.839495 0.469385 0.023666 0.085253 0.839148
0 0.253069 0.401337 0.020740 0.065785 0.835989
0 0.450134 0.453910 0.021841 0.100869 0.827832
0 0.609382 0.451927 0.016939 0.110518 0.821591
0 0.654182 0.434882 0.014682 0.068473 0.816932
4 0.742965 0.373028 0.015351 0.012301 0.814701
0 0.170173 0.435162 0.013561 0.107753 0.812350
0 0.938014 0.421159 0.016451 0.032251 0.780305
4 0.689381 0.363385 0.011387 0.019072 0.744717
0 0.436564 0.443701 0.011428 0.090396 0.649746
0 0.870784 0.420020 0.006656 0.035075 0.574113
0 0.553092 0.448768 0.011928 0.092453 0.519816
0 0.453815 0.400008 0.007285 0.024961 0.446089
0 0.468962 0.408762 0.008471 0.025663 0.300240
0 0.479438 0.422261 0.012557 0.051386 0.283564
0 0.491804 0.457661 0.015035 0.087956 0.255110
0 0.402664 0.427159 0.020448 0.067626 0.187180
0 0.436985 0.438842 0.009252 0.078117 0.178683
0 0.624426 0.424316 0.010156 0.069367 0.173023
0 0.932240 0.421187 0.010041 0.030729 0.167885
0 0.485163 0.424880 0.011690 0.049830 0.142143
0 0.207915 0.417072 0.013611 0.078907 0.136769
0 0.593693 0.452633 0.009814 0.088667 0.128321
0 0.467495 0.411002 0.008723 0.022819 0.126101
0 0.602864 0.406024 0.009562 0.028244 0.117867
0 0.572244 0.444118 0.011050 0.086097 0.110535
0 0.456441 0.403084 0.007477 0.026911 0.101471
0 0.477416 0.421616 0.010688 0.047731 0.095747
0 0.487114 0.432645 0.012005 0.059278 0.087277
0 0.592542 0.439783 0.009529 0.060743 0.084149
0 0.475542 0.421352 0.010101 0.046670 0.083654
0 0.561174 0.430243 0.013660 0.062434 0.079258
0 0.435903 0.432594 0.008161 0.065868 0.062640
0 0.882967 0.420299 0.009319 0.036357 0.049088
0 0.490759 0.441803 0.014470 0.066584 0.048235
0 0.623483 0.415928 0.010798 0.053018 0.037307
0 0.408550 0.408079 0.007195 0.028059 0.021281
0 0.235590 0.395037 0.008016 0.029275 0.020943
0 0.470050 0.406288 0.008420 0.026521 0.020775
0 0.884852 0.420877 0.007587 0.035551 0.018452
4 0.743006 0.371289 0.016699 0.011849 0.017986
0 0.624045 0.411850 0.009186 0.032477 0.017532
0 0.878370 0.419911 0.013757 0.037905 0.017286
0 0.600732 0.404887 0.011541 0.026514 0.016153
0 0.458899 0.410734 0.005862 0.031147 0.015049
0 0.477487 0.417250 0.009794 0.032829 0.014196
0 0.591790 0.459956 0.011392 0.108378 0.012991
0 0.495959 0.431014 0.009240 0.054501 0.012967
0 0.571588 0.428495 0.010294 0.058133 0.012534
0 0.589738 0.402866 0.007007 0.022737 0.012370
0 0.488397 0.439974 0.016700 0.073256 0.011957
0 0.454964 0.405356 0.008842 0.029167 0.010491
0 0.591520 0.410662 0.008143 0.028320 0.009921
0 0.515045 0.410007 0.010775 0.030854 0.009601
0 0.975829 0.574482 0.043399 0.365463 0.009439
0 0.556959 0.447039 0.013402 0.090599 0.009369
0 0.492793 0.438582 0.013051 0.060159 0.008728
0 0.622574 0.427829 0.010817 0.073217 0.008430
0 0.644266 0.424819 0.008435 0.054804 0.008375
0 0.488554 0.452398 0.018001 0.081003 0.007322
0 0.871419 0.417677 0.008667 0.039088 0.006178
0 0.437577 0.429414 0.008162 0.058860 0.005874
0 0.606028 0.413237 0.009018 0.039924 0.005635
0 0.416215 0.400843 0.005706 0.022080 0.005522
0 0.513382 0.421250 0.012523 0.047702 0.005340
0 0.651681 0.440320 0.013846 0.082073 0.005308
0 0.408839 0.404018 0.007743 0.028056 0.005268
0 0.297271 0.415225 0.015278 0.058919 0.005151
0 0.888474 0.424706 0.007001 0.027701 0.004986
0 0.600653 0.411789 0.009089 0.030249 0.004800
0 0.606091 0.407130 0.008697 0.033303 0.004583
0 0.573583 0.417716 0.009650 0.035312 0.004566
0 0.592492 0.431574 0.010886 0.047333 0.004459
0 0.551684 0.442031 0.012680 0.084505 0.004354
0 0.508776 0.433080 0.009401 0.064549 0.004088
0 0.359867 0.400268 0.009476 0.040232 0.003910
0 0.408993 0.426151 0.010649 0.059204 0.003656
0 0.619279 0.422367 0.010147 0.062894 0.003398
0 0.170748 0.422481 0.013147 0.079436 0.003229
0 0.516808 0.404246 0.008405 0.025274 0.002958
0 0.527086 0.430571 0.009585 0.060294 0.002787
0 0.454288 0.433937 0.008925 0.064955 0.002715
