0 0.234548 0.578334 0.044268 0.195086 0.935874
0 0.347315 0.575862 0.041789 0.194826 0.934882
0 0.161197 0.580481 0.038086 0.183077 0.932812
0 0.402405 0.585555 0.040059 0.186574 0.921766
0 0.313540 0.559634 0.023107 0.140908 0.915953
8 0.647796 0.425649 0.050370 0.242278 0.915201
0 0.083992 0.568407 0.046525 0.213123 0.913763
8 0.409478 0.324617 0.058430 0.359026 0.913143
0 0.565635 0.556955 0.022500 0.121784 0.898462
0 0.018226 0.625569 0.036452 0.266272 0.893148
0 0.738291 0.548132 0.021306 0.098140 0.884492
0 0.668203 0.549863 0.018936 0.088659 0.881188
0 0.540599 0.561406 0.015571 0.108155 0.862402
0 0.436563 0.570708 0.021981 0.137419 0.855611
0 0.615783 0.550795 0.014728 0.091267 0.834792
0 0.520691 0.564258 0.016121 0.114705 0.829804
0 0.605112 0.544400 0.012430 0.086610 0.828116
0 0.472195 0.566145 0.018663 0.111430 0.811154
4 0.722703 0.482799 0.012547 0.011766 0.795698
0 0.694822 0.528679 0.010844 0.058898 0.781887
0 0.416078 0.546383 0.016108 0.087269 0.765046
4 0.670349 0.474846 0.011481 0.018748 0.764741
0 0.856870 0.527539 0.013566 0.030343 0.737489
0 0.460681 0.558069 0.010218 0.094801 0.725340
0 0.496983 0.547265 0.013519 0.076530 0.721345
0 0.415893 0.563615 0.016648 0.123346 0.720520
0 0.379979 0.531362 0.014344 0.061687 0.652347
0 0.484710 0.556505 0.015703 0.096189 0.642190
0 0.973832 0.630309 0.049141 0.305133 0.538985
0 0.549798 0.530799 0.010169 0.061160 0.535135
0 0.479852 0.557778 0.011454 0.096897 0.528558
0 0.028357 0.581112 0.054815 0.216479 0.398015
0 0.504752 0.525966 0.007627 0.033273 0.284713
0 0.482172 0.558021 0.014565 0.094755 0.245290
0 0.379612 0.542685 0.015377 0.084758 0.212018
0 0.485602 0.559916 0.010933 0.103186 0.128395
0 0.415316 0.585083 0.012472 0.086457 0.108707
0 0.485837 0.531892 0.009680 0.046944 0.101986
0 0.509363 0.545629 0.008181 0.077668 0.083344
0 0.499544 0.546919 0.012017 0.075164 0.071503
0 0.506412 0.526166 0.007556 0.035142 0.051855
0 0.492279 0.551048 0.011106 0.083553 0.040825
0 0.507184 0.531506 0.007415 0.046858 0.039853
0 0.490153 0.555484 0.011556 0.094888 0.037126
0 0.570733 0.529312 0.011822 0.064084 0.031899
0 0.511335 0.549196 0.008551 0.085715 0.031733
0 0.495337 0.533985 0.010803 0.051615 0.028824
0 0.729748 0.525409 0.008498 0.062993 0.024982
0 0.530815 0.521648 0.008569 0.030762 0.024148
0 0.551876 0.530016 0.008962 0.057830 0.022046
0 0.491087 0.530234 0.010368 0.042553 0.020754
0 0.515679 0.510252 0.010782 0.026574 0.020451
0 0.513626 0.517115 0.011829 0.032590 0.016882
0 0.488553 0.524883 0.009434 0.033377 0.014208
0 0.556399 0.530699 0.013155 0.067080 0.013046
0 0.530194 0.531545 0.008113 0.049834 0.010595
0 0.478404 0.547811 0.008338 0.078458 0.010574
0 0.485798 0.519582 0.008316 0.032072 0.005769
0 0.425716 0.531104 0.007734 0.057730 0.005036
0 0.860206 0.528315 0.012192 0.030665 0.004521
0 0.517306 0.511452 0.012462 0.025852 0.004391
0 0.530216 0.514067 0.008159 0.025693 0.003942
0 0.572795 0.521269 0.011497 0.045308 0.003928
0 0.604651 0.521460 0.012200 0.043771 0.003801
0 0.529613 0.541619 0.008158 0.070795 0.003661
0 0.531588 0.513327 0.007993 0.025654 0.003608
0 0.413632 0.565652 0.017596 0.136299 0.002921
0 0.504120 0.519713 0.007873 0.032705 0.002812
0 0.495037 0.526369 0.012401 0.038664 0.002794
0 0.526890 0.563114 0.009811 0.109192 0.002636
0 0.477838 0.512130 0.006800 0.018948 0.002440
0 0.730938 0.519233 0.008872 0.048090 0.002429
0 0.491021 0.519287 0.010048 0.031510 0.002230
0 0.531213 0.525904 0.008623 0.040556 0.001705
8 0.974245 0.628114 0.046194 0.302931 0.001665
0 0.615344 0.572395 0.012188 0.049317 0.001574
0 0.731766 0.524463 0.009085 0.056844 0.001461
0 0.436833 0.537534 0.018275 0.071562 0.001306
0 0.409245 0.324966 0.057945 0.358460 0.001208
0 0.863587 0.530391 0.007788 0.027781 0.001154
9 0.000025 0.590460 0.000050 0.114875 0.001010
9 0.000000 0.514210 0.000000 0.077161 0.000964
0 0.515545 0.521903 0.011796 0.045921 0.000938
0 0.426456 0.518444 0.008143 0.038183 0.000936
3 0.974245 0.628114 0.046194 0.302931 0.000895
0 0.425959 0.541115 0.008101 0.077739 0.000798
0 0.528639 0.502132 0.007952 0.019650 0.000739
0 0.424125 0.513462 0.007409 0.026994 0.000628
0 0.733076 0.526188 0.014666 0.065150 0.000600
0 0.605979 0.552400 0.010275 0.078607 0.000551
0 0.496978 0.518356 0.010340 0.029386 0.000516
0 0.000033 0.629976 0.000066 0.258626 0.000504
9 0.000000 0.503701 0.000000 0.066944 0.000457
0 0.475714 0.548867 0.014382 0.081834 0.000452
0 0.572948 0.531907 0.011283 0.064596 0.000450
9 0.000101 0.565663 0.000202 0.104455 0.000450
0 0.445992 0.518198 0.006147 0.033935 0.000436
9 0.000001 0.618307 0.000002 0.113605 0.000334
9 0.000000 0.529413 0.000000 0.076442 0.000323
9 0.000073 0.614067 0.000146 0.167318 0.000316
