0 0.276154 0.676551 0.078990 0.276194 0.961840
0 0.568431 0.620493 0.062530 0.238991 0.952670
0 0.693233 0.616406 0.082393 0.301252 0.949684
0 0.772684 0.602171 0.053665 0.234127 0.948345
0 0.457319 0.611913 0.046947 0.225355 0.945327
0 0.518197 0.602083 0.054580 0.193469 0.943264
0 0.193887 0.638551 0.052416 0.187750 0.937380
0 0.362720 0.612110 0.041188 0.163310 0.937287
5 0.857933 0.567096 0.093845 0.100272 0.935164
0 0.121280 0.647145 0.037091 0.212211 0.911182
8 0.196934 0.336599 0.095581 0.661972 0.911111
0 0.096722 0.657653 0.041488 0.214810 0.899374
4 0.556418 0.374605 0.030472 0.057400 0.896916
0 0.161669 0.618852 0.027945 0.117420 0.894336
0 0.046696 0.624297 0.022390 0.111209 0.889897
0 0.428740 0.614158 0.038272 0.208308 0.884063
9 0.381129 0.618512 0.055834 0.087662 0.759798
0 0.010753 0.636186 0.021180 0.140828 0.714929
0 0.074709 0.623243 0.022898 0.139993 0.567281
4 0.248788 0.526449 0.015926 0.040883 0.303973
9 0.365673 0.625771 0.038394 0.094584 0.213936
0 0.072926 0.594113 0.018486 0.082167 0.144812
0 0.121459 0.592074 0.031173 0.097153 0.055707
0 0.008677 0.694329 0.017354 0.269597 0.054258
4 0.247506 0.545535 0.012993 0.016393 0.050041
4 0.248597 0.536135 0.015783 0.035153 0.023439
9 0.370657 0.618404 0.037121 0.085284 0.022620
0 0.000000 0.699365 0.000000 0.279319 0.003022
0 0.084775 0.624975 0.022348 0.130936 0.002510
9 0.408359 0.618670 0.043141 0.087141 0.001081
0 0.093891 0.623486 0.038944 0.140490 0.000793
0 0.072950 0.607320 0.020060 0.107292 0.000707
9 0.507105 0.590814 0.042789 0.064195 0.000432
0 0.000000 0.617740 0.000000 0.135227 0.000393
9 0.390147 0.618405 0.048659 0.088761 0.000392
3 0.000093 0.698075 0.000187 0.263242 0.000386
0 0.005709 0.696728 0.011418 0.256985 0.000385
8 0.217387 0.348922 0.052630 0.642552 0.000371
0 0.000000 0.507766 0.000000 0.175867 0.000328
2 0.524499 0.925467 0.044308 0.138612 0.000324
0 0.000000 0.752249 0.000000 0.303771 0.000320
9 0.000093 0.632328 0.000187 0.097117 0.000316
9 0.369035 0.627482 0.029116 0.113633 0.000306
0 0.003109 0.695844 0.006218 0.258429 0.000304
9 0.371612 0.632407 0.024503 0.094278 0.000289
9 0.277096 0.625713 0.032249 0.078074 0.000239
3 0.009280 0.696230 0.018561 0.262529 0.000238
9 0.417517 0.614342 0.027378 0.077544 0.000209
6 0.556416 0.374108 0.031344 0.057066 0.000204
9 0.248788 0.526449 0.015926 0.040883 0.000203
0 0.000000 0.565127 0.000000 0.202558 0.000194
4 0.249170 0.548150 0.016009 0.044712 0.000190
0 0.000000 0.742390 0.000000 0.184111 0.000173
8 0.000000 0.481512 0.000000 0.191859 0.000166
0 0.974641 0.314900 0.016469 0.052791 0.000161
9 0.556414 0.374608 0.030481 0.057341 0.000142
0 0.000000 0.461909 0.000000 0.217563 0.000142
9 0.000064 0.654771 0.000128 0.097532 0.000134
9 0.000185 0.741911 0.000370 0.164095 0.000131
6 0.999875 0.069802 0.000251 0.089187 0.000128
9 0.000427 0.615009 0.000854 0.091792 0.000126
2 0.858144 0.567487 0.094135 0.099861 0.000122
0 0.093714 0.602513 0.033466 0.110168 0.000112
8 0.556418 0.374605 0.030472 0.057400 0.000111
0 0.858081 0.567343 0.093364 0.101212 0.000109
9 0.000162 0.591093 0.000323 0.045088 0.000106
6 0.005709 0.696728 0.011418 0.256985 0.000105
0 0.422888 0.594879 0.026781 0.142921 0.000105
2 0.556416 0.374108 0.031344 0.057066 0.000103
9 0.000041 0.584436 0.000082 0.039704 0.000102
0 0.082742 0.629254 0.029242 0.153470 0.000102
