0 0.563024 0.573342 0.063068 0.224627 0.951680
0 0.392112 0.616267 0.063578 0.233862 0.942618
0 0.330612 0.603193 0.044153 0.189734 0.938993
0 0.509469 0.602093 0.059513 0.257445 0.937221
0 0.901435 0.527422 0.065416 0.299786 0.933809
0 0.094170 0.622929 0.039967 0.148229 0.928409
9 0.414918 0.591182 0.061056 0.093611 0.917361
8 0.232803 0.327659 0.085497 0.646432 0.914520
0 0.479579 0.594249 0.037154 0.238601 0.910072
0 0.040460 0.646496 0.041291 0.184332 0.909387
0 0.054671 0.623629 0.032189 0.151878 0.894418
4 0.578921 0.338406 0.031830 0.056345 0.876651
0 0.817079 0.530176 0.030067 0.246963 0.869412
0 0.852271 0.536888 0.069882 0.243966 0.832888
4 0.276856 0.507773 0.017726 0.040983 0.818361
0 0.974874 0.521168 0.047810 0.240528 0.753383
4 0.276926 0.524605 0.018149 0.014985 0.482286
0 0.006983 0.630651 0.013849 0.108919 0.359485
0 0.289544 0.552536 0.005257 0.016881 0.197408
0 0.007119 0.674260 0.013393 0.200245 0.195391
9 0.909956 0.527119 0.047291 0.062911 0.005370
0 0.057790 0.634405 0.026415 0.134057 0.002754
0 0.865452 0.533193 0.043161 0.254941 0.002149
6 0.006985 0.630655 0.013717 0.109768 0.002114
0 0.053549 0.601677 0.030483 0.106180 0.001364
4 0.275552 0.525924 0.016140 0.023218 0.001283
9 0.006833 0.630889 0.013236 0.111275 0.000795
4 0.259464 0.496943 0.008100 0.018071 0.000734
0 0.642678 0.511784 0.006419 0.025555 0.000545
6 0.414821 0.591119 0.061802 0.094518 0.000362
0 0.000000 0.690658 0.000000 0.264292 0.000327
0 0.002087 0.680315 0.004173 0.224977 0.000310
6 0.578852 0.338132 0.032152 0.055549 0.000293
6 0.007119 0.674260 0.013393 0.200245 0.000230
5 0.909743 0.526728 0.047105 0.059373 0.000230
8 0.974873 0.521495 0.047772 0.241668 0.000209
8 0.901458 0.527656 0.064688 0.299336 0.000208
9 0.000257 0.624778 0.000515 0.098794 0.000203
9 0.412676 0.600898 0.045895 0.068579 0.000201
0 0.007740 0.708824 0.012811 0.140511 0.000193
0 0.001138 0.624064 0.002275 0.115911 0.000189
8 0.007347 0.673234 0.013235 0.203821 0.000181
0 0.000000 0.610077 0.000000 0.150124 0.000180
0 0.287290 0.553218 0.007079 0.016768 0.000173
9 0.578951 0.338432 0.031723 0.056298 0.000168
0 0.003957 0.632066 0.007914 0.123506 0.000168
0 0.000000 0.728386 0.000000 0.309224 0.000165
0 0.619473 0.110583 0.034212 0.123183 0.000160
2 0.006983 0.630651 0.013849 0.108919 0.000158
6 0.003174 0.628134 0.006347 0.115114 0.000155
4 0.276639 0.520234 0.018429 0.029738 0.000154
0 0.471302 0.533296 0.019959 0.116119 0.000153
3 0.007050 0.664112 0.014101 0.179572 0.000153
4 0.274099 0.563505 0.038917 0.101716 0.000145
4 0.414821 0.591119 0.061802 0.094518 0.000144
8 0.619473 0.110583 0.034212 0.123183 0.000138
8 0.006833 0.630889 0.013236 0.111275 0.000138
0 0.841120 0.536142 0.048734 0.247635 0.000138
6 0.995850 0.547538 0.007248 0.073708 0.000129
5 0.289544 0.552536 0.005257 0.016881 0.000128
0 0.107110 0.636962 0.015913 0.054503 0.000126
6 0.974873 0.521495 0.047772 0.241668 0.000124
8 0.578951 0.338432 0.031723 0.056298 0.000123
0 0.000000 0.730639 0.000000 0.143165 0.000121
0 0.106708 0.607278 0.018521 0.104329 0.000117
8 0.254646 0.003231 0.115507 0.006461 0.000116
0 0.642113 0.507524 0.007351 0.031870 0.000108
8 0.275094 0.000000 0.048524 0.000000 0.000107
8 0.583356 0.456355 0.039761 0.333678 0.000105
8 0.284706 0.000000 0.051765 0.000000 0.000103
