0 0.772075 0.887907 0.030149 0.150486 0.929958
0 0.986659 0.887903 0.024075 0.114178 0.874336
8 0.438356 0.983131 0.015058 0.032552 0.802165
8 0.016044 0.961718 0.011995 0.038163 0.471060
0 0.997145 0.883591 0.005710 0.065524 0.016358
8 0.986987 0.887779 0.023985 0.113961 0.003295
9 0.015910 0.961888 0.011852 0.038459 0.002230
6 0.668107 0.862698 0.029124 0.036212 0.001503
4 0.015910 0.961888 0.011852 0.038459 0.001146
8 0.996578 0.881505 0.006845 0.071995 0.000599
6 0.072748 0.190697 0.038780 0.040531 0.000540
9 0.000086 0.976203 0.000173 0.047593 0.000466
9 0.985958 0.886897 0.022585 0.109156 0.000446
8 0.000869 0.686247 0.001737 0.132004 0.000389
9 0.996578 0.881505 0.006845 0.071995 0.000376
0 0.996417 0.895339 0.007165 0.061124 0.000332
9 0.778583 1.000000 0.045143 0.000000 0.000283
9 0.997267 0.882855 0.005247 0.062024 0.000277
9 0.998025 0.891740 0.003951 0.068160 0.000270
9 0.000423 0.987883 0.000846 0.024233 0.000260
9 0.292813 1.000000 0.038931 0.000000 0.000246
6 0.996578 0.881505 0.006845 0.071995 0.000233
3 0.804433 0.994803 0.111182 0.010395 0.000228
9 0.792670 1.000000 0.041310 0.000000 0.000216
9 0.764088 1.000000 0.043204 0.000000 0.000213
6 0.996417 0.895339 0.007165 0.061124 0.000201
9 0.998664 0.884483 0.002671 0.061446 0.000192
8 0.453776 1.000000 0.028490 0.000000 0.000190
8 0.438733 0.986727 0.015793 0.026546 0.000190
9 0.001774 0.999724 0.003549 0.000552 0.000183
9 0.349057 1.000000 0.043126 0.000000 0.000175
3 0.292813 1.000000 0.038931 0.000000 0.000167
9 0.996417 0.895339 0.007165 0.061124 0.000163
9 0.750533 1.000000 0.035142 0.000000 0.000162
0 1.000000 0.897845 0.000000 0.103480 0.000161
9 0.000173 0.912307 0.000347 0.108759 0.000159
0 0.446849 0.663000 0.007291 0.029435 0.000158
6 0.998025 0.891740 0.003951 0.068160 0.000154
9 0.000285 0.922936 0.000570 0.154127 0.000153
0 0.993720 0.997788 0.012560 0.004424 0.000144
6 0.685741 0.826358 0.011833 0.019779 0.000144
0 0.221060 0.787617 0.023856 0.085200 0.000139
8 0.079370 0.290416 0.090032 0.234465 0.000137
0 0.453776 1.000000 0.028490 0.000000 0.000136
4 0.438391 0.983294 0.014912 0.033086 0.000134
8 0.000164 0.706561 0.000327 0.099023 0.000129
0 0.015910 0.961888 0.011852 0.038459 0.000128
8 0.003987 0.693960 0.007975 0.135171 0.000127
2 0.292813 1.000000 0.038931 0.000000 0.000127
6 0.999100 0.883983 0.001801 0.075634 0.000122
9 0.999100 0.883983 0.001801 0.075634 0.000121
3 0.792602 0.997048 0.096539 0.005904 0.000120
9 0.743931 1.000000 0.033759 0.000000 0.000118
9 0.000154 0.967984 0.000308 0.059682 0.000118
9 0.375995 1.000000 0.040710 0.000000 0.000117
4 0.644630 0.145000 0.020924 0.059825 0.000116
6 0.998664 0.884483 0.002671 0.061446 0.000113
6 0.998390 0.901430 0.003220 0.060742 0.000112
6 0.015910 0.961888 0.011852 0.038459 0.000112
8 0.980340 1.000000 0.039320 0.000000 0.000112
9 0.998390 0.901430 0.003220 0.060742 0.000110
8 0.446257 1.000000 0.023176 0.000000 0.000107
0 0.556582 0.840814 0.110570 0.223564 0.000100
