0 0.478755 0.614090 0.084634 0.225440 0.931972
0 0.135505 0.523748 0.021931 0.048892 0.756906
1 0.520396 0.710507 0.273248 0.106118 0.572150
0 0.719038 0.404050 0.013504 0.064764 0.547259
0 0.111549 0.525922 0.016774 0.047479 0.499975
3 0.274164 0.683629 0.136550 0.179441 0.222938
0 0.579190 0.660971 0.044338 0.073938 0.107339
5 0.274500 0.683809 0.136456 0.179977 0.078881
6 0.274456 0.683049 0.136519 0.180121 0.034673
1 0.274148 0.683473 0.136642 0.180211 0.007432
0 0.274343 0.683240 0.136247 0.179453 0.007268
2 0.135531 0.524061 0.021874 0.049632 0.005283
4 0.274456 0.683049 0.136519 0.180121 0.002028
8 0.274343 0.683240 0.136247 0.179453 0.001886
2 0.397503 0.223401 0.042531 0.165602 0.000777
11 0.274148 0.683473 0.136642 0.180211 0.000640
0 0.115948 0.525893 0.022627 0.048865 0.000570
2 0.397497 0.270493 0.044551 0.264404 0.000551
1 0.520739 0.687219 0.272753 0.151170 0.000394
0 0.579471 0.673027 0.037457 0.048372 0.000341
2 0.658784 0.151642 0.044179 0.118036 0.000335
2 0.273972 0.683156 0.137143 0.179550 0.000308
9 0.274198 0.683382 0.136911 0.179847 0.000253
0 0.387346 0.463843 0.168221 0.645653 0.000215
2 0.112035 0.525589 0.017158 0.048516 0.000184
1 0.519473 0.635773 0.269062 0.245918 0.000138
0 0.353405 0.468361 0.147710 0.630530 0.000102
