1 0.475028 0.520634 0.260488 0.196198 0.957660
0 0.806497 0.320565 0.120598 0.523166 0.953608
0 0.596873 0.265311 0.024919 0.118590 0.926445
0 0.509496 0.199966 0.013595 0.038281 0.175353
0 0.474780 0.521296 0.261635 0.196628 0.000998
5 0.474695 0.521626 0.261063 0.196343 0.000752
6 0.474695 0.521626 0.261063 0.196343 0.000525
3 0.474780 0.521296 0.261635 0.196628 0.000382
0 0.553307 0.244892 0.020633 0.136205 0.000312
0 0.118600 0.052007 0.010465 0.035163 0.000223
11 0.474780 0.521296 0.261635 0.196628 0.000215
2 0.474780 0.521296 0.261635 0.196628 0.000208
4 0.349978 0.859709 0.017837 0.022666 0.000170
0 0.116939 0.050578 0.036241 0.059626 0.000169
9 0.000027 0.470416 0.000054 0.122706 0.000156
4 0.474563 0.520908 0.260709 0.196247 0.000142
4 0.001238 0.606233 0.002475 0.321163 0.000141
8 0.474563 0.520908 0.260709 0.196247 0.000138
4 0.001421 0.654678 0.002842 0.315224 0.000114
9 0.000041 0.494196 0.000081 0.113432 0.000112
