0 0.718727 0.304735 0.113817 0.504807 0.953436
1 0.385600 0.488238 0.262353 0.192437 0.952431
0 0.564823 0.290951 0.125264 0.577390 0.944758
6 0.148992 0.414179 0.064515 0.131103 0.001586
0 0.511046 0.210271 0.029345 0.168436 0.000928
3 0.385873 0.488340 0.261781 0.192382 0.000751
6 0.385873 0.488340 0.261781 0.192382 0.000518
0 0.385782 0.488252 0.263216 0.192407 0.000501
5 0.385873 0.488340 0.261781 0.192382 0.000497
11 0.385873 0.488340 0.261781 0.192382 0.000298
0 0.124517 0.389211 0.017058 0.098325 0.000214
2 0.016128 0.719734 0.032257 0.112204 0.000212
2 0.016768 0.733870 0.033537 0.072350 0.000195
2 0.385873 0.488340 0.261781 0.192382 0.000182
3 0.991267 0.740980 0.017465 0.192736 0.000167
4 0.385873 0.488340 0.261781 0.192382 0.000157
4 0.001207 0.600737 0.002415 0.304863 0.000117
2 0.013102 0.763492 0.026203 0.208143 0.000110
6 0.718355 0.304721 0.113927 0.503249 0.000110
2 0.015324 0.693776 0.030648 0.167304 0.000109
9 0.999898 0.734102 0.000204 0.151548 0.000104
