0 0.168202 0.058897 0.027355 0.117794 0.928604
5 0.539512 0.060181 0.029472 0.068202 0.909032
9 0.272110 0.040413 0.023049 0.034869 0.891524
0 0.307405 0.033130 0.014037 0.056246 0.880781
0 0.194185 0.064302 0.031575 0.128604 0.868114
0 0.375591 0.039038 0.033201 0.078075 0.846613
5 0.452143 0.056103 0.021097 0.057886 0.769324
0 0.654900 0.153773 0.033271 0.161185 0.594714
5 0.629059 0.066697 0.018129 0.057079 0.552061
0 0.418684 0.041107 0.017690 0.073078 0.521231
0 0.387455 0.026400 0.012853 0.046056 0.492312
0 0.703386 0.075984 0.008857 0.036817 0.379612
0 0.790513 0.057576 0.012091 0.055985 0.302222
0 0.715361 0.060175 0.011615 0.057481 0.116961
0 0.714471 0.053730 0.011627 0.046306 0.091628
5 0.245619 0.032323 0.016492 0.052348 0.072512
6 0.768158 0.078456 0.010864 0.020696 0.053262
5 0.716842 0.075120 0.011682 0.038259 0.044926
5 0.418684 0.041107 0.017690 0.073078 0.041020
5 0.252722 0.033755 0.012222 0.047498 0.017867
0 0.680218 0.073504 0.016159 0.044308 0.010146
9 0.418798 0.040510 0.018600 0.072330 0.009025
9 0.629222 0.066513 0.018146 0.057269 0.007994
5 0.712311 0.072833 0.021547 0.043583 0.006864
0 0.716486 0.069000 0.011662 0.049456 0.005895
6 0.350156 0.034534 0.010416 0.017733 0.004338
0 0.966569 0.644857 0.025541 0.081656 0.004030
0 0.629131 0.066598 0.018204 0.057070 0.003234
0 0.081139 0.010986 0.007719 0.020479 0.002262
0 0.713443 0.062851 0.016460 0.061473 0.002010
0 0.711678 0.074334 0.024624 0.041449 0.001752
8 0.433582 0.001008 0.022149 0.002016 0.001607
8 0.427518 0.001474 0.020878 0.002947 0.001212
6 0.767905 0.075358 0.011905 0.022043 0.001197
8 0.440324 0.001557 0.023595 0.003114 0.000901
0 0.253108 0.031966 0.013915 0.046677 0.000860
3 0.629111 0.066785 0.018161 0.056973 0.000778
0 0.539957 0.060614 0.029093 0.068686 0.000693
8 0.446494 0.002167 0.023569 0.004333 0.000693
5 0.307818 0.034778 0.013770 0.055312 0.000637
0 0.717455 0.075897 0.011249 0.038680 0.000609
8 0.460308 0.002884 0.017740 0.005768 0.000591
8 0.421433 0.002044 0.017511 0.004089 0.000590
8 0.453599 0.002928 0.020688 0.005856 0.000569
9 0.733658 0.078459 0.009760 0.020485 0.000555
4 0.628976 0.066701 0.017981 0.056833 0.000528
0 0.549069 0.053515 0.011103 0.054130 0.000498
5 0.375854 0.039351 0.034049 0.078100 0.000478
4 0.416075 0.510557 0.128732 0.072951 0.000449
9 0.350224 0.034790 0.010254 0.017848 0.000428
0 0.245791 0.032029 0.016507 0.052610 0.000381
6 0.693337 0.076383 0.015756 0.031126 0.000379
6 0.692765 0.080295 0.012363 0.024427 0.000363
5 0.223375 0.020080 0.015615 0.035840 0.000358
8 0.466293 0.002673 0.017402 0.005347 0.000356
8 0.425461 0.019643 0.012609 0.039286 0.000355
5 0.549069 0.053515 0.011103 0.054130 0.000342
1 0.629071 0.066627 0.018193 0.057212 0.000334
3 0.092619 0.000051 0.017395 0.000102 0.000333
5 0.709691 0.075908 0.021844 0.039236 0.000330
6 0.629222 0.066513 0.018146 0.057269 0.000324
5 0.254710 0.032185 0.010182 0.049563 0.000324
0 0.247737 0.000847 0.014133 0.001694 0.000323
9 0.790986 0.058517 0.012757 0.054445 0.000320
6 0.503918 0.045245 0.096577 0.086116 0.000319
5 0.680110 0.073731 0.015841 0.044050 0.000317
8 0.347394 0.016896 0.018105 0.033792 0.000309
2 0.046975 0.892000 0.038906 0.214011 0.000304
0 0.060284 0.017451 0.010467 0.034901 0.000301
8 0.343439 0.011377 0.017101 0.022754 0.000289
3 0.734299 0.078936 0.009780 0.019139 0.000285
8 0.360833 0.005417 0.018231 0.010834 0.000284
5 0.388142 0.027180 0.012512 0.048098 0.000279
8 0.417508 0.001745 0.019329 0.003489 0.000274
6 0.688342 0.072930 0.024537 0.040150 0.000268
8 0.352853 0.011406 0.018358 0.022811 0.000267
0 0.443255 0.219990 0.004614 0.032525 0.000258
0 0.254976 0.029116 0.010526 0.047063 0.000247
9 0.000078 0.024709 0.000156 0.049417 0.000241
0 0.062279 0.015835 0.009510 0.031669 0.000237
3 0.097765 0.000267 0.020530 0.000534 0.000235
9 0.730129 0.080250 0.012921 0.024809 0.000229
8 0.629111 0.066785 0.018161 0.056973 0.000223
0 0.227564 0.000072 0.019819 0.000143 0.000216
6 0.690165 0.075907 0.020004 0.034876 0.000214
8 0.434895 0.031772 0.017103 0.063545 0.000212
0 0.242666 0.000438 0.018024 0.000875 0.000207
6 0.817857 0.000263 0.024404 0.000527 0.000205
0 0.252495 0.000924 0.014080 0.001848 0.000203
8 0.817857 0.000263 0.024404 0.000527 0.000194
6 0.834734 0.000000 0.030602 0.000000 0.000192
11 0.539512 0.060181 0.029472 0.068202 0.000190
0 0.221102 0.000003 0.018085 0.000007 0.000188
0 0.233920 0.000232 0.021972 0.000464 0.000186
8 0.741681 0.000000 0.024995 0.000000 0.000185
9 0.731147 0.079756 0.008686 0.020607 0.000185
6 0.680587 0.073138 0.016666 0.043485 0.000184
8 0.734821 0.000000 0.028441 0.000000 0.000183
0 0.020366 0.000364 0.032005 0.000728 0.000180
0 0.420786 0.031500 0.013114 0.061601 0.000180
