0 0.045266 0.935138 0.034444 0.128912 0.932505
0 0.323507 0.919385 0.026526 0.152846 0.932151
0 0.418298 0.921826 0.026806 0.146161 0.929718
0 0.707953 0.895215 0.034000 0.079019 0.905054
0 0.251665 0.916560 0.025364 0.144306 0.879568
0 0.304058 0.926057 0.024418 0.134716 0.827315
0 0.624327 0.886466 0.019292 0.081186 0.825022
0 0.646706 0.917485 0.019937 0.130097 0.729369
5 0.080738 0.887335 0.017349 0.040931 0.553036
0 0.106305 0.901932 0.026832 0.055169 0.545363
0 0.646566 0.898790 0.019947 0.091720 0.435607
0 0.661967 0.922219 0.026502 0.143928 0.418203
0 0.110762 0.866523 0.012102 0.034300 0.231650
0 0.662955 0.951988 0.023996 0.090313 0.148850
0 0.661778 0.903298 0.024836 0.103663 0.121254
5 0.179296 0.892564 0.010746 0.036952 0.120353
0 0.009618 0.876216 0.018560 0.083024 0.022052
0 0.080517 0.887895 0.016912 0.040936 0.013761
0 0.035991 0.882424 0.015062 0.049175 0.008726
0 0.608291 0.893215 0.017430 0.048187 0.004891
5 0.130226 0.898315 0.015740 0.027386 0.004524
0 0.010081 0.912813 0.018937 0.156356 0.002945
0 0.110837 0.872680 0.014295 0.045870 0.002484
5 0.207186 0.894065 0.017747 0.032159 0.002479
5 0.161256 0.893279 0.018865 0.037819 0.000942
0 0.110471 0.888274 0.015456 0.077191 0.000823
0 0.607553 0.888701 0.014423 0.041295 0.000808
5 0.125709 0.897147 0.013892 0.030532 0.000667
5 0.190139 0.884147 0.009796 0.021427 0.000574
5 0.106127 0.901729 0.027150 0.053774 0.000481
5 0.175348 0.893220 0.013827 0.036124 0.000396
0 0.002659 1.000000 0.005318 0.000000 0.000366
5 0.190248 0.891736 0.010601 0.023322 0.000353
5 0.170671 0.893527 0.016222 0.035663 0.000349
5 0.131583 0.895421 0.017815 0.034378 0.000325
0 0.001072 0.990505 0.002144 0.018990 0.000313
6 0.993168 0.680674 0.013664 0.252189 0.000303
5 0.150718 0.895217 0.026561 0.037662 0.000277
0 0.006023 1.000000 0.012046 0.000000 0.000268
4 0.205935 0.133408 0.017951 0.043485 0.000230
0 0.423504 1.000000 0.032244 0.000000 0.000227
0 0.611599 0.927695 0.024373 0.114224 0.000225
0 0.850527 1.000000 0.041291 0.000000 0.000223
0 0.008049 0.924594 0.016097 0.150813 0.000216
6 0.081226 0.887619 0.017527 0.039367 0.000211
0 0.010961 0.918439 0.021922 0.163123 0.000194
0 0.157918 0.889913 0.010504 0.041872 0.000191
9 0.000655 0.886146 0.001310 0.081452 0.000184
3 0.081226 0.887619 0.017527 0.039367 0.000181
9 0.843223 1.000000 0.039038 0.000000 0.000180
4 0.993168 0.680674 0.013664 0.252189 0.000176
0 0.843223 1.000000 0.039038 0.000000 0.000166
0 0.455363 1.000000 0.032132 0.000000 0.000166
5 0.082556 0.890391 0.016971 0.035244 0.000162
4 0.017405 0.290233 0.034811 0.387744 0.000155
0 0.654933 0.912132 0.030508 0.117835 0.000154
6 0.857028 1.000000 0.038262 0.000000 0.000153
4 0.013418 0.377359 0.025706 0.224361 0.000149
9 0.609189 0.895515 0.018749 0.049743 0.000145
6 0.843223 1.000000 0.039038 0.000000 0.000143
5 0.100861 0.897520 0.040918 0.045628 0.000138
0 0.444323 1.000000 0.034418 0.000000 0.000137
0 0.016060 0.877144 0.018448 0.080022 0.000137
0 0.001299 0.917513 0.002598 0.164975 0.000136
0 0.433089 1.000000 0.033175 0.000000 0.000136
0 0.004111 0.914225 0.008221 0.171551 0.000131
9 0.600590 0.952042 0.048602 0.089253 0.000130
6 0.044859 0.898801 0.021230 0.054444 0.000123
0 0.260760 1.000000 0.035177 0.000000 0.000121
9 0.850527 1.000000 0.041291 0.000000 0.000119
9 0.000827 0.861683 0.001654 0.053449 0.000119
0 0.130226 0.898315 0.015740 0.027386 0.000117
4 0.544772 0.020243 0.222307 0.040487 0.000116
9 0.375723 1.000000 0.035259 0.000000 0.000114
6 0.192073 1.000000 0.036365 0.000000 0.000112
0 0.629204 0.513187 0.068605 0.260089 0.000112
4 0.472640 0.022383 0.080990 0.042094 0.000112
9 0.345597 1.000000 0.029884 0.000000 0.000109
9 0.308553 1.000000 0.033210 0.000000 0.000106
0 0.417102 1.000000 0.033547 0.000000 0.000105
0 0.007283 0.926556 0.014566 0.146888 0.000100
