0 0.232220 0.466074 0.074906 0.322269 0.940906
0 0.291593 0.517576 0.130451 0.426635 0.923058
0 0.018177 0.597378 0.036353 0.364285 0.917400
0 0.423433 0.566714 0.163836 0.832503 0.895875
0 0.616091 0.551731 0.021742 0.026941 0.885562
0 0.249845 0.465116 0.050812 0.322603 0.539439
0 0.895818 0.387343 0.009148 0.041163 0.513079
0 0.874676 0.413211 0.011530 0.057812 0.370220
0 0.284566 0.363335 0.021931 0.103587 0.004842
9 0.000000 0.684897 0.000000 0.181593 0.001975
9 0.000000 0.483302 0.000000 0.146654 0.001154
0 0.000000 0.597497 0.000000 0.364130 0.001005
9 0.000000 0.573427 0.000000 0.104243 0.000753
9 0.000008 0.450429 0.000017 0.113016 0.000651
0 0.265592 0.490286 0.087237 0.414695 0.000620
9 0.000076 0.430024 0.000152 0.096789 0.000592
9 0.000000 0.595167 0.000000 0.112350 0.000467
9 0.000000 0.510836 0.000000 0.146043 0.000432
9 0.000000 0.535709 0.000000 0.134262 0.000415
9 0.000000 0.630749 0.000000 0.141048 0.000411
9 0.000238 0.710046 0.000475 0.138458 0.000370
9 0.000086 0.407641 0.000171 0.080088 0.000293
9 0.000070 0.455460 0.000140 0.166578 0.000266
8 0.588637 0.226476 0.072629 0.154624 0.000232
9 0.000000 0.597914 0.000000 0.169248 0.000184
0 1.000000 0.384264 0.000000 0.116412 0.000181
9 0.000083 0.388493 0.000167 0.088434 0.000156
2 0.616116 0.551769 0.021819 0.027305 0.000147
9 0.000000 0.535150 0.000000 0.183934 0.000127
3 0.000032 0.637192 0.000063 0.289598 0.000120
9 0.000013 0.740122 0.000027 0.093954 0.000112
0 0.000000 0.539954 0.000000 0.267120 0.000104
5 0.000000 0.479071 0.000000 0.143396 0.000103
9 0.000000 0.635896 0.000000 0.201111 0.000101
