8 0.343574 0.391274 0.140052 0.203824 0.955500
9 0.999721 0.983353 0.000557 0.033294 0.001457
9 0.997092 0.999013 0.005816 0.001975 0.001168
9 0.999749 0.964305 0.000502 0.071389 0.000990
6 0.999749 0.964305 0.000502 0.071389 0.000813
6 0.999208 0.933135 0.001584 0.123413 0.000635
8 0.966875 0.998554 0.065119 0.002892 0.000622
6 0.999425 0.949428 0.001151 0.101144 0.000501
6 0.999721 0.983353 0.000557 0.033294 0.000484
6 0.997092 0.999013 0.005816 0.001975 0.000423
6 0.976083 1.000000 0.037743 0.000000 0.000412
9 0.999842 0.994319 0.000316 0.011362 0.000396
6 0.987003 0.952415 0.025994 0.087446 0.000313
8 0.249105 0.997380 0.147511 0.005240 0.000297
6 0.949305 1.000000 0.045998 0.000000 0.000274
6 0.980490 1.000000 0.036091 0.000000 0.000267
2 0.148968 0.534959 0.016254 0.036811 0.000235
8 0.721397 0.000000 0.050636 0.000000 0.000196
8 0.975564 0.998069 0.048585 0.003861 0.000185
8 0.999731 0.218348 0.000537 0.119034 0.000179
4 0.999721 0.983353 0.000557 0.033294 0.000178
0 0.976083 1.000000 0.037743 0.000000 0.000144
6 0.989687 0.989645 0.020626 0.020711 0.000142
4 0.690679 0.000000 0.062405 0.000000 0.000135
4 0.165801 0.995335 0.130605 0.009330 0.000125
0 0.968070 1.000000 0.034415 0.000000 0.000123
9 0.148968 0.534959 0.016254 0.036811 0.000122
8 0.827061 0.000000 0.060252 0.000000 0.000121
0 0.997092 0.999013 0.005816 0.001975 0.000120
4 0.997092 0.999013 0.005816 0.001975 0.000119
0 0.961316 1.000000 0.033983 0.000000 0.000118
4 0.247709 0.997511 0.151274 0.004978 0.000111
6 0.968070 1.000000 0.034415 0.000000 0.000104
