0 0.567636 0.480538 0.186569 0.961075 0.861236
0 0.466997 0.138061 0.011819 0.055009 0.823587
0 0.143788 0.204478 0.016597 0.058112 0.606089
0 0.166887 0.191881 0.017874 0.068550 0.449633
9 0.986585 0.342813 0.026469 0.106812 0.313963
9 0.922891 0.457168 0.039275 0.233620 0.293805
0 0.339006 0.172307 0.014368 0.051665 0.282394
5 0.690000 0.722103 0.382976 0.555044 0.254617
0 0.344040 0.172056 0.008427 0.048186 0.034178
9 0.922884 0.423616 0.038647 0.165483 0.008531
9 0.951182 0.660903 0.097635 0.653507 0.007641
3 0.690572 0.737529 0.382165 0.520287 0.003553
8 0.986288 0.342490 0.026649 0.107250 0.002785
4 0.986288 0.342490 0.026649 0.107250 0.001574
3 0.986288 0.342490 0.026649 0.107250 0.001068
9 0.940356 0.461006 0.073651 0.242530 0.000964
0 0.130788 0.204634 0.013220 0.055422 0.000746
0 0.457186 0.155120 0.009859 0.028862 0.000580
11 0.690000 0.722103 0.382976 0.555044 0.000487
11 0.714356 0.577263 0.366129 0.789432 0.000477
8 0.963750 0.999904 0.072501 0.000191 0.000470
0 0.134424 0.204345 0.019317 0.057712 0.000365
6 0.405282 1.000000 0.038535 0.000000 0.000361
9 0.942623 0.581140 0.044773 0.206554 0.000354
11 0.795926 0.512178 0.390889 0.924405 0.000341
0 0.399762 1.000000 0.039869 0.000000 0.000254
0 0.144976 0.196213 0.015867 0.053977 0.000250
6 0.690572 0.737529 0.382165 0.520287 0.000174
0 0.196022 0.175665 0.015052 0.035721 0.000165
6 0.411213 0.998794 0.092811 0.002413 0.000162
8 0.411213 0.998794 0.092811 0.002413 0.000152
3 0.612457 0.588149 0.207908 0.330828 0.000149
9 0.952167 0.441366 0.094590 0.234424 0.000141
6 0.442275 1.000000 0.051313 0.000000 0.000131
0 0.702267 0.605257 0.362263 0.732859 0.000122
0 0.413412 1.000000 0.036935 0.000000 0.000111
9 0.951505 0.556491 0.096990 0.435336 0.000111
0 0.659533 0.448392 0.367388 0.896783 0.000110
9 1.000000 0.229802 0.000000 0.095240 0.000106
9 0.935259 0.544164 0.059706 0.264577 0.000103
6 0.395279 1.000000 0.047784 0.000000 0.000103
9 0.989632 0.290617 0.020736 0.212101 0.000101
