0 0.258126 0.495415 0.210955 0.978856 0.929169
0 0.515272 0.496351 0.252210 0.988589 0.689239
0 0.100629 0.491184 0.201258 0.973166 0.607645
0 0.803108 0.504801 0.391511 0.979823 0.529565
0 0.621792 0.496016 0.462779 0.990005 0.144749
2 0.800051 0.505359 0.385469 0.979058 0.003617
6 0.803350 0.496921 0.390192 0.993841 0.000869
9 1.000000 0.545538 0.000000 0.139618 0.000602
6 0.645419 0.000000 0.059092 0.000000 0.000357
9 0.990861 0.506842 0.018279 0.387522 0.000203
6 0.660068 0.000000 0.060575 0.000000 0.000169
0 0.184928 0.493542 0.366213 0.981301 0.000168
8 0.475998 0.000000 0.045885 0.000000 0.000165
3 0.099391 0.489422 0.198751 0.968609 0.000163
3 0.802876 0.503541 0.390204 0.977626 0.000157
6 0.632632 0.000000 0.050072 0.000000 0.000139
6 0.592588 0.000000 0.050409 0.000000 0.000123
9 1.000000 0.482809 0.000000 0.106235 0.000107
6 0.579579 0.000000 0.051245 0.000000 0.000102
