2 0.375694 0.680108 0.089089 0.152195 0.961025
2 0.500514 0.800963 0.076945 0.287140 0.943205
2 0.251931 0.648674 0.052443 0.119577 0.938591
2 0.201747 0.634928 0.022842 0.085603 0.897802
2 0.300730 0.608555 0.037417 0.063295 0.894981
2 0.082209 0.640764 0.027084 0.082033 0.804684
2 0.123020 0.651277 0.050498 0.034366 0.002624
0 0.742926 0.991288 0.013207 0.017424 0.000342
2 0.109270 0.643908 0.083454 0.090177 0.000317
3 0.628418 0.159677 0.095823 0.112829 0.000208
2 0.120096 0.633901 0.055773 0.070652 0.000153
0 0.252050 0.648769 0.052419 0.119716 0.000144
0 0.500370 0.800140 0.076965 0.286962 0.000132
0 0.709004 0.518067 0.009315 0.032023 0.000122
4 0.211337 0.997425 0.117439 0.005149 0.000117
2 0.500643 0.735442 0.076153 0.158464 0.000108
