2 0.592083 0.557584 0.051172 0.143308 0.951298
2 0.473326 0.178356 0.037162 0.085979 0.950217
2 0.356635 0.263781 0.040438 0.230653 0.948928
2 0.605847 0.526418 0.049614 0.110107 0.944467
2 0.754062 0.317944 0.021255 0.113498 0.930107
2 0.602949 0.511864 0.043957 0.079528 0.322244
2 0.459655 0.179303 0.062550 0.084148 0.000221
2 0.490892 0.991598 0.009015 0.016804 0.000209
8 0.003155 0.160551 0.006311 0.321101 0.000177
2 0.491600 0.991878 0.013296 0.016243 0.000156
0 0.753956 0.317872 0.021388 0.113236 0.000129
4 0.602949 0.511864 0.043957 0.079528 0.000120
4 0.999416 0.987027 0.001167 0.025945 0.000106
2 0.589306 0.539763 0.045113 0.106988 0.000101
8 1.000000 0.078217 0.000000 0.127671 0.000101
