2 0.567182 0.499038 0.199109 0.225234 0.966201
4 0.395531 0.081527 0.012227 0.019970 0.001430
7 0.395531 0.081527 0.012227 0.019970 0.001137
8 0.999828 0.112103 0.000344 0.087776 0.000378
8 0.995020 0.126046 0.009961 0.062694 0.000321
8 0.999850 0.128627 0.000301 0.068831 0.000262
8 0.999843 0.142959 0.000313 0.085351 0.000187
2 0.258202 0.000000 0.050193 0.000000 0.000140
4 0.879809 0.133755 0.014465 0.030538 0.000138
4 0.995020 0.126046 0.009961 0.062694 0.000120
2 0.927165 1.000000 0.050377 0.000000 0.000120
8 0.949329 1.000000 0.067552 0.000000 0.000108
