2 0.617837 0.396588 0.031391 0.131969 0.919721
2 0.696893 0.444443 0.031668 0.098575 0.918339
2 0.759975 0.493156 0.043453 0.142815 0.917037
4 0.082466 0.514173 0.039647 0.056792 0.914197
2 0.550593 0.397029 0.036139 0.127283 0.904312
2 0.521890 0.382013 0.015821 0.084894 0.898993
2 0.484874 0.377328 0.017862 0.101617 0.898008
2 0.569503 0.234426 0.020420 0.051474 0.892796
2 0.573732 0.424207 0.057190 0.106933 0.888953
2 0.595285 0.234566 0.024169 0.045328 0.886614
2 0.580528 0.360931 0.027957 0.038343 0.886131
2 0.714344 0.435474 0.032362 0.064806 0.884968
2 0.642728 0.345003 0.021782 0.046710 0.871708
2 0.704210 0.363852 0.042793 0.071825 0.870975
2 0.782832 0.472816 0.025618 0.113839 0.858098
2 0.762082 0.394597 0.047490 0.061350 0.850796
2 0.746711 0.358271 0.026130 0.035578 0.825792
2 0.762578 0.363868 0.025753 0.044704 0.809729
2 0.652441 0.423464 0.053874 0.115789 0.744760
2 0.675029 0.352848 0.021833 0.038003 0.731035
2 0.590198 0.342291 0.019054 0.058738 0.378457
2 0.669581 0.416765 0.025575 0.111043 0.287693
2 0.490679 0.624708 0.021071 0.047446 0.174377
2 0.766419 0.369044 0.036013 0.054278 0.085514
2 0.677177 0.417661 0.039179 0.111421 0.068229
2 0.545617 0.346407 0.013078 0.028225 0.014603
2 0.681802 0.417471 0.036027 0.091845 0.013126
2 0.674584 0.358653 0.024142 0.053229 0.010905
2 0.684491 0.399758 0.029920 0.034122 0.010469
2 0.573629 0.404972 0.055043 0.063278 0.008660
2 0.490338 0.635112 0.019911 0.027586 0.003119
2 0.548863 0.352234 0.024900 0.041320 0.002893
2 0.692839 0.356110 0.017610 0.063037 0.001206
2 0.549796 0.386413 0.033572 0.081782 0.001159
2 0.673394 0.401897 0.028325 0.130970 0.001133
2 0.757742 0.401371 0.039354 0.050594 0.001060
0 0.042058 0.363306 0.039478 0.089046 0.001051
2 0.681745 0.377028 0.032090 0.074530 0.001027
2 0.696269 0.422830 0.032672 0.052853 0.000998
4 0.401252 0.500000 0.187150 1.000000 0.000800
2 0.594290 0.366675 0.011466 0.037288 0.000703
2 0.566054 0.367877 0.011605 0.028721 0.000665
2 0.561559 0.418821 0.035364 0.076105 0.000611
2 0.581206 0.371573 0.028420 0.049041 0.000548
2 0.556260 0.414853 0.028414 0.086264 0.000532
2 0.579969 0.398403 0.042324 0.048622 0.000514
2 0.549379 0.414859 0.033348 0.089980 0.000396
3 0.651557 0.424040 0.052535 0.115967 0.000354
2 0.685575 0.416602 0.031696 0.066068 0.000294
2 0.560944 0.376488 0.022775 0.039971 0.000287
2 0.694026 0.361451 0.021649 0.072952 0.000274
2 0.596077 0.367927 0.011410 0.034840 0.000261
2 0.770168 0.439829 0.041775 0.053326 0.000251
2 0.685393 0.423643 0.060996 0.104419 0.000234
0 0.550704 0.396736 0.036483 0.125848 0.000191
2 0.559873 0.397118 0.027718 0.051901 0.000174
2 0.490359 0.616535 0.023223 0.062644 0.000163
2 0.783552 0.440274 0.024435 0.046962 0.000160
2 0.570753 0.416555 0.049066 0.084556 0.000139
2 0.747514 0.350352 0.027222 0.050614 0.000131
0 0.617907 0.396896 0.031139 0.131770 0.000118
2 0.750514 0.384073 0.030239 0.075377 0.000114
2 0.682808 0.352196 0.019891 0.041986 0.000110
2 0.549656 0.346857 0.021002 0.028765 0.000103
2 0.692026 0.343414 0.016326 0.039381 0.000102
