2 0.165079 0.185751 0.073628 0.244343 0.962849
2 0.464662 0.323948 0.155553 0.218516 0.958334
2 0.000409 0.201688 0.000819 0.074585 0.000631
2 0.000588 0.214978 0.001177 0.057464 0.000329
2 0.007374 0.221048 0.014748 0.039113 0.000297
2 0.000000 0.262500 0.000000 0.236390 0.000273
2 0.000395 0.222754 0.000789 0.057650 0.000258
2 0.019820 0.201069 0.039641 0.092648 0.000210
2 0.289983 1.000000 0.043458 0.000000 0.000200
0 0.298724 0.097106 0.028832 0.110584 0.000190
2 0.054026 1.000000 0.035014 0.000000 0.000169
8 0.034759 1.000000 0.044300 0.000000 0.000166
6 0.021959 1.000000 0.043919 0.000000 0.000165
8 0.022733 1.000000 0.044296 0.000000 0.000160
2 0.014804 0.205966 0.029608 0.078362 0.000157
2 0.034759 1.000000 0.044300 0.000000 0.000153
2 0.046020 1.000000 0.035687 0.000000 0.000147
0 0.046020 1.000000 0.035687 0.000000 0.000142
8 0.000895 0.990419 0.001791 0.019162 0.000126
0 0.054026 1.000000 0.035014 0.000000 0.000122
8 0.000297 0.974352 0.000595 0.051296 0.000121
6 0.016943 1.000000 0.033885 0.000000 0.000119
0 0.034759 1.000000 0.044300 0.000000 0.000116
6 0.054026 1.000000 0.035014 0.000000 0.000111
2 0.000177 0.233738 0.000354 0.082953 0.000111
