1 0.937702 0.504888 0.124596 0.164884 0.965288
1 0.619525 0.424932 0.099326 0.081918 0.944511
2 0.597251 0.513135 0.027475 0.043763 0.909491
1 0.706075 0.481087 0.146033 0.141106 0.908599
0 0.704802 0.481587 0.021133 0.038800 0.836171
2 0.717854 0.451086 0.012783 0.021458 0.819367
2 0.875716 0.441325 0.011617 0.026192 0.795394
2 0.802638 0.445757 0.016121 0.028071 0.770226
3 0.634142 0.432166 0.024626 0.015368 0.768648
2 0.890741 0.423028 0.011103 0.017890 0.734347
2 0.790875 0.442765 0.008097 0.024255 0.714781
2 0.778160 0.410809 0.012028 0.013717 0.634695
9 0.633093 0.319286 0.008213 0.014353 0.522859
2 0.792085 0.444889 0.008642 0.025646 0.423445
2 0.848674 0.418405 0.011072 0.014991 0.345458
2 0.731398 0.451005 0.010021 0.021183 0.342522
2 0.795291 0.410766 0.008377 0.016155 0.331918
2 0.845603 0.417596 0.017129 0.016246 0.241639
1 0.087883 0.536284 0.071915 0.017868 0.230978
2 0.843089 0.416168 0.021656 0.016640 0.228754
1 0.113773 0.532159 0.070618 0.017122 0.192132
3 0.734948 0.501962 0.087070 0.036397 0.184043
0 0.607319 0.419706 0.014955 0.024967 0.181447
2 0.874086 0.437689 0.008400 0.020978 0.148223
2 0.874979 0.413224 0.008951 0.013896 0.109759
2 0.811069 0.389918 0.009208 0.010592 0.077708
1 0.064839 0.535752 0.027239 0.016587 0.075654
2 0.727989 0.402483 0.008448 0.012712 0.060956
1 0.100177 0.533685 0.044915 0.022078 0.058003
2 0.874894 0.414878 0.006952 0.016228 0.057558
2 0.520592 0.398624 0.010163 0.013017 0.048960
2 0.811005 0.388046 0.008675 0.010941 0.033684
2 0.683980 0.433492 0.007949 0.013255 0.032114
2 0.846897 0.415900 0.014760 0.014924 0.023909
0 0.739243 0.474551 0.027053 0.054725 0.022190
2 0.701255 0.445062 0.014059 0.026817 0.020595
2 0.868206 0.398118 0.007430 0.010066 0.016356
3 0.741397 0.497513 0.085776 0.041038 0.010888
3 0.908102 0.528475 0.063985 0.059973 0.010694
2 0.702363 0.450054 0.015892 0.023685 0.010665
2 0.729234 0.402407 0.007239 0.011363 0.009762
6 0.100335 0.533548 0.044955 0.021738 0.009124
0 0.674833 0.478108 0.019605 0.049923 0.007024
2 0.804330 0.448595 0.013292 0.026323 0.006827
2 0.872269 0.395331 0.007366 0.011296 0.006535
2 0.725710 0.404472 0.009194 0.010376 0.005952
2 0.706039 0.482618 0.145336 0.143222 0.004991
1 0.674585 0.209635 0.037005 0.018279 0.004581
2 0.873420 0.410288 0.008108 0.013738 0.004486
2 0.764835 0.428944 0.005502 0.014383 0.003370
4 0.632383 0.317918 0.007895 0.016881 0.002802
2 0.562087 0.394605 0.010603 0.012279 0.002751
0 0.645912 0.413051 0.012068 0.020845 0.002531
2 0.878176 0.441919 0.013027 0.035706 0.002388
3 0.287923 0.595864 0.015332 0.026511 0.002228
2 0.867095 0.394994 0.007960 0.010837 0.001224
1 0.680570 0.210163 0.039341 0.019377 0.001191
0 0.688365 0.471440 0.019629 0.061036 0.000973
4 0.099282 0.534082 0.051127 0.023735 0.000934
2 0.779622 0.408331 0.009458 0.017925 0.000914
2 0.731349 0.403428 0.007367 0.011252 0.000905
1 0.070384 0.535153 0.039981 0.017746 0.000813
0 0.634155 0.431983 0.024325 0.017002 0.000809
2 0.806381 0.392242 0.014739 0.009236 0.000796
2 0.807432 0.399268 0.013150 0.015353 0.000791
2 0.682218 0.431594 0.010114 0.010842 0.000706
2 0.844968 0.415112 0.018818 0.020445 0.000693
2 0.854449 0.399947 0.010855 0.014328 0.000647
2 0.704724 0.466293 0.018309 0.016894 0.000621
3 0.727449 0.495984 0.065917 0.044317 0.000589
2 0.699329 0.440267 0.010465 0.025676 0.000579
5 0.100623 0.533493 0.044999 0.023836 0.000553
2 0.871451 0.390842 0.008831 0.017569 0.000551
3 0.112200 0.532852 0.074068 0.019723 0.000543
0 0.648429 0.422825 0.013881 0.026863 0.000530
0 0.717761 0.451504 0.012259 0.022515 0.000524
3 0.716704 0.491084 0.044806 0.040407 0.000502
2 0.836529 0.412426 0.008233 0.014430 0.000495
2 0.717050 0.430480 0.011060 0.009506 0.000487
0 0.581766 0.418237 0.014110 0.018813 0.000433
2 0.859436 0.395857 0.009547 0.010032 0.000427
2 0.100177 0.533685 0.044915 0.022078 0.000396
0 0.649146 0.412799 0.018571 0.025057 0.000383
2 0.795321 0.423010 0.028271 0.060674 0.000371
2 0.838888 0.417212 0.017595 0.018629 0.000367
2 0.853395 0.395957 0.009330 0.010964 0.000367
2 0.850414 0.413063 0.011667 0.018519 0.000362
0 0.731579 0.449699 0.009551 0.022968 0.000359
3 0.739172 0.475995 0.028796 0.058782 0.000348
2 0.735035 0.454999 0.016298 0.018963 0.000340
1 0.677484 0.481192 0.086189 0.140658 0.000339
6 0.112801 0.533292 0.069347 0.023981 0.000339
2 0.677484 0.481192 0.086189 0.140658 0.000338
2 0.937573 0.504533 0.123786 0.164158 0.000335
2 0.862252 0.428601 0.010315 0.009806 0.000311
2 0.861596 0.435811 0.008504 0.014622 0.000301
3 0.752157 0.501699 0.051825 0.035756 0.000292
4 0.064181 0.535905 0.025329 0.016987 0.000287
0 0.937786 0.504870 0.124429 0.165582 0.000286
3 0.605010 0.420540 0.020001 0.023882 0.000284
