2 0.701975 0.554581 0.170972 0.405359 0.951661
0 0.797944 0.047900 0.054893 0.094524 0.895105
0 0.836584 0.037939 0.029444 0.059108 0.326330
0 0.790557 0.045070 0.039784 0.089211 0.013723
0 0.916544 0.184982 0.049598 0.179797 0.009968
0 0.975387 0.028496 0.023581 0.054078 0.003893
0 0.956217 0.004912 0.010014 0.008940 0.001680
0 0.828816 0.115876 0.050383 0.221476 0.001533
0 0.804557 0.042809 0.042137 0.084496 0.000769
4 0.701699 0.554317 0.170863 0.405567 0.000514
0 0.757727 0.039740 0.035242 0.072290 0.000441
0 0.764191 0.014692 0.014631 0.025620 0.000286
2 0.153617 0.660340 0.007911 0.012447 0.000239
0 0.978938 0.041043 0.020247 0.034969 0.000225
0 0.955464 0.017097 0.012030 0.033374 0.000193
0 0.940695 0.242887 0.098338 0.296158 0.000161
7 0.956217 0.004912 0.010014 0.008940 0.000159
2 0.120147 0.578568 0.015765 0.054908 0.000134
0 0.715468 0.065485 0.053124 0.130659 0.000130
