1 0.529056 0.379851 0.125815 0.123601 0.967454
2 0.510235 0.678049 0.082597 0.086835 0.954152
2 0.440806 0.680146 0.075867 0.089495 0.950165
2 0.354245 0.664824 0.063305 0.062159 0.938121
2 0.114384 0.569565 0.035298 0.054651 0.922004
2 0.693406 0.402220 0.028353 0.035373 0.913538
2 0.766029 0.386052 0.024716 0.033647 0.909933
0 0.493115 0.373317 0.028728 0.050756 0.887879
2 0.412836 0.415203 0.022601 0.036619 0.848005
2 0.384402 0.415667 0.025512 0.035595 0.841879
2 0.427071 0.422340 0.018033 0.039021 0.683010
0 0.523189 0.358357 0.024417 0.049798 0.484429
2 0.416905 0.417370 0.029454 0.037794 0.313144
2 0.421635 0.420039 0.027829 0.036934 0.029911
2 0.384974 0.382757 0.013152 0.016259 0.016753
1 0.345265 0.394759 0.035730 0.018098 0.012552
2 0.085257 0.582348 0.030483 0.039627 0.005314
2 0.400583 0.413308 0.012571 0.025461 0.001152
4 0.054028 0.800987 0.044179 0.157632 0.001045
9 0.972123 0.581508 0.023422 0.047633 0.000877
1 0.347754 0.395912 0.028138 0.014343 0.000770
1 0.153481 0.403615 0.079923 0.035950 0.000547
4 0.972158 0.581372 0.022524 0.050980 0.000514
3 0.563156 0.383532 0.047188 0.033498 0.000502
0 0.524890 0.365098 0.030469 0.065864 0.000398
0 0.735044 0.225139 0.034650 0.158366 0.000373
2 0.076492 0.546034 0.020443 0.050774 0.000319
1 0.365087 0.394928 0.020076 0.012683 0.000310
1 0.347739 0.392006 0.029749 0.022036 0.000285
3 0.493392 0.375008 0.028314 0.046473 0.000258
3 0.488057 0.401963 0.043747 0.036588 0.000248
1 0.492913 0.373748 0.029386 0.050301 0.000162
1 0.766877 0.334486 0.028136 0.014919 0.000134
1 0.374427 0.395298 0.011559 0.010458 0.000133
5 0.693514 0.402289 0.028041 0.036141 0.000129
3 0.537344 0.376604 0.016859 0.047947 0.000124
2 0.406222 0.411882 0.012043 0.037442 0.000123
0 0.428682 1.000000 0.038487 0.000000 0.000121
0 0.354278 0.665015 0.063763 0.061900 0.000119
6 0.322535 0.225471 0.031244 0.063389 0.000106
3 0.497645 0.408883 0.065038 0.051593 0.000104
2 0.177875 0.720861 0.091044 0.059965 0.000102
6 0.434514 1.000000 0.036748 0.000000 0.000101
