1 0.308337 0.521040 0.271401 0.222059 0.958367
0 0.323952 0.515586 0.040849 0.084299 0.945790
2 0.110655 0.713998 0.042794 0.109816 0.943784
2 0.171897 0.822416 0.044890 0.110954 0.942928
0 0.234137 0.512738 0.040570 0.095363 0.938422
2 0.946852 0.550593 0.022684 0.057942 0.911565
0 0.360208 0.503466 0.031693 0.077432 0.905250
2 0.443111 0.497236 0.023293 0.037925 0.866917
2 0.470057 0.636591 0.050189 0.075866 0.853219
2 0.047749 0.508550 0.029891 0.024305 0.849120
2 0.470328 0.651035 0.049934 0.046008 0.644609
2 0.844508 0.499494 0.011428 0.026878 0.296720
2 0.466511 0.617957 0.037384 0.038231 0.198653
0 0.265622 0.499713 0.016062 0.026886 0.034578
2 0.443454 0.503950 0.023174 0.024438 0.014600
2 0.440206 0.582940 0.007745 0.012299 0.004063
3 0.287318 0.504662 0.028059 0.018701 0.003641
2 0.436374 0.549852 0.011609 0.017356 0.003048
2 0.212776 0.454296 0.010586 0.017477 0.002223
0 0.640590 0.461428 0.006741 0.013118 0.001004
3 0.212831 0.539737 0.083624 0.054974 0.000512
2 0.640590 0.461428 0.006741 0.013118 0.000434
0 0.642153 0.465289 0.008372 0.015704 0.000416
2 0.469184 0.465372 0.007197 0.011274 0.000398
2 0.476856 0.468112 0.009812 0.010213 0.000376
3 0.288965 0.504881 0.033339 0.023523 0.000370
3 0.281709 0.501999 0.023423 0.022768 0.000320
0 0.946945 0.550510 0.022540 0.057781 0.000307
0 0.471543 0.464131 0.008152 0.011066 0.000283
2 0.473625 0.467579 0.008223 0.011003 0.000260
2 0.580308 0.050332 0.014268 0.049571 0.000244
2 0.434432 0.481184 0.008161 0.015268 0.000238
0 0.460444 0.452473 0.006239 0.011514 0.000196
2 0.471543 0.464131 0.008152 0.011066 0.000185
2 0.292296 0.467178 0.010243 0.015679 0.000184
1 0.234299 0.512222 0.040278 0.095611 0.000180
2 0.393392 0.634662 0.048733 0.036400 0.000179
0 0.467687 0.460660 0.007793 0.009481 0.000167
0 0.686623 0.366441 0.310266 0.708127 0.000162
0 0.740715 0.859068 0.221485 0.281864 0.000156
2 0.234299 0.512222 0.040278 0.095611 0.000147
2 0.640351 0.465838 0.006827 0.015091 0.000127
2 0.393278 0.642574 0.048855 0.051682 0.000105
2 0.460444 0.452473 0.006239 0.011514 0.000103
0 0.610284 0.348546 0.424380 0.664290 0.000101
2 0.437550 0.567098 0.013228 0.042375 0.000100
