0 0.059544 0.700510 0.119089 0.592264 0.959532
6 0.374025 0.748358 0.127614 0.115324 0.958460
6 0.771884 0.768690 0.046118 0.057354 0.938739
4 0.648708 0.594419 0.035628 0.065160 0.934952
6 0.512655 0.753430 0.071510 0.074634 0.931540
4 0.239275 0.599113 0.030536 0.041033 0.884539
4 0.691182 0.596220 0.023411 0.048165 0.858751
0 0.554101 0.751228 0.022464 0.084976 0.849593
6 0.639857 0.768492 0.133156 0.130750 0.733477
0 0.093993 0.702520 0.187957 0.594960 0.607602
4 0.153534 0.627241 0.029997 0.081190 0.569454
0 0.572622 0.752277 0.018655 0.076872 0.527573
0 0.090704 0.592174 0.181408 0.373232 0.282175
5 0.126235 0.869062 0.252469 0.261875 0.131642
0 0.563720 0.751170 0.015761 0.082299 0.080266
6 0.723121 0.764824 0.038282 0.063443 0.050969
6 0.703369 0.761583 0.027018 0.076426 0.036736
0 0.059163 0.592356 0.118253 0.372990 0.011775
0 0.567862 0.753417 0.015155 0.077929 0.007205
6 0.615488 0.712154 0.052807 0.022902 0.007087
6 0.713243 0.763285 0.043107 0.068228 0.003202
5 0.191099 0.866737 0.121070 0.266357 0.002944
4 0.691369 0.641982 0.024109 0.142163 0.002923
9 0.000000 0.846026 0.000000 0.125468 0.001040
9 0.000000 0.582523 0.000000 0.104725 0.000684
8 0.638969 0.769046 0.131219 0.131279 0.000614
6 0.059471 0.702469 0.118621 0.591550 0.000522
9 0.000000 0.871907 0.000000 0.126032 0.000486
7 0.853610 0.392360 0.007476 0.020783 0.000445
9 0.000000 0.823363 0.000000 0.106478 0.000441
6 0.758595 0.767243 0.073925 0.060328 0.000415
9 0.000000 0.560334 0.000000 0.105178 0.000413
5 0.073348 0.861245 0.146696 0.277510 0.000377
9 0.000000 0.968731 0.000000 0.062538 0.000327
6 0.093458 0.696966 0.186719 0.585439 0.000297
4 0.205357 0.011071 0.025357 0.021862 0.000297
5 0.000000 0.571661 0.000000 0.105417 0.000273
6 0.613443 0.716457 0.059357 0.028718 0.000227
6 0.104285 0.839731 0.206756 0.320539 0.000222
6 0.540479 0.750148 0.015153 0.058314 0.000212
6 0.538547 0.737291 0.018619 0.038145 0.000208
3 0.771983 0.769061 0.046290 0.058177 0.000203
4 0.154221 0.618337 0.027919 0.059004 0.000201
9 0.000000 0.806329 0.000000 0.121911 0.000184
0 0.000000 0.588037 0.000000 0.311097 0.000173
9 0.000000 0.899945 0.000000 0.131745 0.000171
9 0.000000 0.609424 0.000000 0.103626 0.000170
3 0.638969 0.769046 0.131219 0.131279 0.000167
5 0.000000 0.589939 0.000000 0.104105 0.000165
6 0.734621 0.758280 0.016070 0.047650 0.000161
0 0.754850 0.533353 0.028269 0.139264 0.000159
9 0.000000 0.757000 0.000000 0.122528 0.000143
6 0.095116 0.194088 0.037618 0.057249 0.000140
4 0.691116 0.666402 0.025591 0.193760 0.000139
9 0.000000 0.948815 0.000000 0.097874 0.000133
9 0.000000 0.778434 0.000000 0.123377 0.000115
2 0.648768 0.594172 0.035732 0.065666 0.000115
9 0.000000 0.931783 0.000000 0.091935 0.000114
9 0.000065 0.439307 0.000129 0.098309 0.000110
9 0.000178 0.456687 0.000357 0.099108 0.000106
5 0.638969 0.769046 0.131219 0.131279 0.000104
6 0.095342 0.784686 0.190338 0.430628 0.000104
9 0.000000 0.498065 0.000000 0.093818 0.000101
8 0.714183 0.449784 0.023632 0.048234 0.000101
6 0.614182 0.723854 0.059151 0.042748 0.000100
