9 0.955323 0.687939 0.052890 0.096207 0.951933
5 0.248858 0.626953 0.022543 0.068995 0.914085
0 0.301139 0.599043 0.024402 0.095691 0.898744
0 0.248935 0.600673 0.025440 0.096367 0.894782
5 0.300016 0.624625 0.023484 0.063344 0.888393
0 0.138107 0.578336 0.015061 0.063746 0.879330
4 0.187296 0.433995 0.036197 0.061544 0.871271
4 0.460930 0.413891 0.020870 0.034865 0.867533
6 0.219421 0.583529 0.017556 0.022724 0.822373
6 0.381213 0.598752 0.016820 0.020432 0.806362
5 0.115592 0.616119 0.043187 0.061227 0.797488
0 0.190349 0.581899 0.007050 0.019181 0.793767
4 0.891996 0.525560 0.030063 0.036506 0.786964
6 0.232655 0.584867 0.009667 0.021076 0.703856
4 0.257676 0.514383 0.008723 0.010211 0.658900
6 0.229159 0.584037 0.011959 0.022966 0.652773
6 0.222600 0.583448 0.017381 0.023358 0.241189
0 0.270573 0.590747 0.004638 0.019315 0.206699
4 0.891617 0.610447 0.034791 0.211197 0.133558
0 0.300471 0.624592 0.023415 0.063867 0.021100
6 0.190349 0.581899 0.007050 0.019181 0.009708
6 0.238562 0.584898 0.007611 0.024404 0.006460
0 0.273936 0.593920 0.006933 0.022276 0.005525
0 0.222600 0.583448 0.017381 0.023358 0.005034
0 0.228612 0.583151 0.011725 0.023220 0.003818
6 0.313246 0.580319 0.007880 0.025007 0.003779
4 0.908085 0.618854 0.015841 0.058337 0.002126
6 0.205217 0.582218 0.008472 0.020201 0.001822
9 0.313246 0.580319 0.007880 0.025007 0.001526
6 0.238200 0.582953 0.009429 0.027100 0.001362
0 0.283777 0.594274 0.005594 0.021047 0.001224
0 0.232134 0.585256 0.009563 0.021292 0.001138
0 0.253591 0.610556 0.015061 0.050305 0.001047
0 0.269381 0.599167 0.008358 0.029974 0.000943
0 0.277322 0.593510 0.004291 0.022377 0.000940
4 0.313246 0.580319 0.007880 0.025007 0.000917
0 0.252544 0.603966 0.019039 0.072676 0.000737
6 0.260672 0.183378 0.026895 0.058439 0.000612
0 0.264146 0.590139 0.004757 0.019421 0.000607
0 0.205217 0.582218 0.008472 0.020201 0.000483
0 0.190142 0.573809 0.006474 0.032192 0.000452
6 0.202442 0.581154 0.006696 0.017854 0.000424
0 0.248858 0.626953 0.022543 0.068995 0.000384
6 0.215399 0.581107 0.013078 0.022041 0.000367
0 0.313498 0.587732 0.007113 0.026079 0.000347
6 0.992109 0.465778 0.015782 0.380961 0.000285
11 0.381214 0.598667 0.018069 0.023458 0.000273
0 0.263441 0.591074 0.005491 0.019905 0.000269
11 0.222600 0.583448 0.017381 0.023358 0.000249
9 0.222600 0.583448 0.017381 0.023358 0.000229
4 0.313498 0.587732 0.007113 0.026079 0.000225
5 0.222600 0.583448 0.017381 0.023358 0.000216
9 0.313498 0.587732 0.007113 0.026079 0.000214
0 0.313246 0.580319 0.007880 0.025007 0.000213
0 0.230274 0.584237 0.011888 0.023910 0.000203
9 0.992553 0.632611 0.014894 0.191123 0.000184
0 0.202442 0.581154 0.006696 0.017854 0.000184
0 0.271165 0.597677 0.004923 0.032089 0.000170
2 0.115586 0.616083 0.043139 0.061329 0.000163
0 0.277781 0.591430 0.004341 0.022753 0.000158
6 0.375990 0.600324 0.022245 0.024010 0.000154
9 0.187271 0.434497 0.036288 0.061989 0.000150
5 0.381420 0.598747 0.016631 0.020863 0.000146
8 0.596143 0.409162 0.011260 0.048378 0.000142
6 0.313498 0.587732 0.007113 0.026079 0.000135
9 0.999974 0.656582 0.000053 0.137554 0.000129
4 0.222600 0.583448 0.017381 0.023358 0.000126
4 0.256048 0.536006 0.013345 0.052201 0.000123
6 0.627335 0.396819 0.014063 0.030672 0.000123
5 0.190349 0.581899 0.007050 0.019181 0.000121
5 0.232134 0.585256 0.009563 0.021292 0.000118
3 0.115485 0.616704 0.042784 0.060579 0.000115
6 0.192401 0.581994 0.009683 0.019328 0.000114
6 0.248865 0.627408 0.022919 0.066327 0.000114
6 0.245112 0.597553 0.044043 0.063235 0.000109
4 0.381214 0.598667 0.018069 0.023458 0.000109
5 0.253591 0.610556 0.015061 0.050305 0.000104
5 0.270563 0.590985 0.004586 0.020478 0.000103
8 0.257676 0.514383 0.008723 0.010211 0.000102
9 0.000213 0.587771 0.000426 0.076325 0.000100
