2 0.450898 0.666291 0.055287 0.059960 0.931837
0 0.649833 0.529646 0.032868 0.099331 0.916517
8 0.840592 0.460828 0.017479 0.066208 0.901989
2 0.107611 0.556891 0.036150 0.038794 0.001422
0 0.631402 0.514846 0.011460 0.017692 0.000452
2 0.649650 0.528841 0.032909 0.100166 0.000370
2 0.840619 0.460855 0.017470 0.065739 0.000348
0 0.631996 0.513044 0.013463 0.021569 0.000254
4 0.987511 0.992882 0.024977 0.014236 0.000219
4 0.998153 0.985586 0.003695 0.028828 0.000165
0 0.635072 0.507586 0.016062 0.040898 0.000112
4 0.999846 0.990137 0.000308 0.019726 0.000109
0 0.150721 0.089900 0.012311 0.043932 0.000104
