6 0.511596 0.457823 0.101635 0.109473 0.959423
6 0.572791 0.447333 0.050186 0.083798 0.922420
5 0.151674 0.470345 0.034610 0.074184 0.910923
6 0.434583 0.431628 0.070160 0.071248 0.901955
0 0.152972 0.444178 0.032430 0.098170 0.884911
0 0.424922 0.451558 0.024606 0.130023 0.884561
4 0.351815 0.264480 0.039506 0.059990 0.868424
0 0.124516 0.460048 0.008890 0.040006 0.253101
0 0.151608 0.470353 0.034586 0.073302 0.036632
6 0.445485 0.449690 0.019372 0.036950 0.007319
4 0.403156 0.338583 0.031545 0.058983 0.002308
5 0.124903 0.460117 0.008413 0.037001 0.001377
6 0.451924 0.431992 0.035583 0.071310 0.000882
6 0.441914 0.450664 0.016072 0.035586 0.000767
6 0.451777 0.444603 0.035460 0.047145 0.000603
8 0.124516 0.460048 0.008890 0.040006 0.000399
0 0.148048 0.447544 0.021338 0.059741 0.000360
8 0.027711 0.223752 0.014539 0.057221 0.000356
0 0.421971 0.432809 0.040831 0.075851 0.000221
9 0.124516 0.460048 0.008890 0.040006 0.000192
4 0.988619 0.993379 0.022762 0.013242 0.000192
8 0.001797 0.105916 0.003594 0.210897 0.000191
6 0.124516 0.460048 0.008890 0.040006 0.000182
5 0.151238 0.462479 0.028290 0.064505 0.000175
0 0.155405 0.444462 0.028560 0.079523 0.000172
9 0.000158 0.518436 0.000316 0.063299 0.000161
8 0.003187 0.146123 0.006373 0.266181 0.000153
9 0.000122 0.536553 0.000244 0.077279 0.000145
4 0.002619 0.340160 0.005238 0.016040 0.000136
0 0.419228 0.430945 0.029140 0.068599 0.000133
6 0.653162 0.371274 0.112724 0.368219 0.000127
6 0.421920 0.441044 0.041564 0.060038 0.000127
4 0.997179 0.990792 0.005643 0.018416 0.000125
9 0.000158 0.500398 0.000315 0.058451 0.000119
9 0.000000 0.018575 0.000000 0.037150 0.000118
4 0.274113 0.285947 0.021601 0.032479 0.000117
0 0.000000 0.491767 0.000000 0.323077 0.000113
0 0.147931 0.421419 0.019908 0.050456 0.000112
0 0.125838 0.457647 0.009031 0.041388 0.000111
0 0.147083 0.432009 0.019120 0.072701 0.000109
6 0.151238 0.462479 0.028290 0.064505 0.000105
8 0.004690 0.168968 0.009381 0.271652 0.000104
5 0.123346 0.459024 0.010525 0.039946 0.000103
0 0.533769 0.168518 0.006661 0.029953 0.000103
