0 0.512467 0.643097 0.055007 0.230305 0.955714
0 0.674245 0.643120 0.018986 0.084762 0.580609
4 0.624702 0.648014 0.028854 0.053255 0.011043
0 0.210979 0.419353 0.019139 0.097016 0.004140
4 0.372499 0.457602 0.020066 0.037559 0.002002
6 0.112083 0.493600 0.139398 0.987201 0.000439
8 0.925299 0.200913 0.059299 0.390256 0.000338
4 0.365091 0.459013 0.006770 0.035433 0.000285
2 0.661189 0.899893 0.044410 0.090081 0.000248
4 0.674308 0.643170 0.019016 0.084767 0.000200
6 0.129790 0.549581 0.180526 0.866966 0.000176
5 0.372499 0.457602 0.020066 0.037559 0.000112
