6 0.562635 0.590963 0.191893 0.266869 0.969542
6 0.302094 0.452585 0.102203 0.080939 0.949168
4 0.321406 0.327122 0.042633 0.048182 0.916018
6 0.375255 0.446202 0.029749 0.046821 0.913561
6 0.475798 0.522775 0.077362 0.145688 0.911447
6 0.249515 0.423041 0.042002 0.084391 0.904139
0 0.433405 0.453959 0.010130 0.049089 0.874201
4 0.619475 0.269483 0.090148 0.178790 0.862018
8 0.107644 0.228104 0.098805 0.445094 0.714240
6 0.764030 0.536410 0.137457 0.085999 0.525469
4 0.343159 0.404667 0.008988 0.017464 0.282759
0 0.487351 0.440888 0.014209 0.022094 0.110564
6 0.764344 0.523715 0.136228 0.059782 0.035261
6 0.642760 0.525820 0.088201 0.100713 0.022335
4 0.107495 0.227078 0.099671 0.445985 0.004773
6 0.576690 0.518220 0.212816 0.123081 0.002198
8 0.426624 0.376410 0.023831 0.134990 0.001925
6 0.622148 0.520836 0.130541 0.112715 0.001646
6 0.369634 0.439737 0.018894 0.035967 0.001326
0 0.488599 0.442005 0.019413 0.022795 0.001177
0 0.403897 0.441611 0.006750 0.024796 0.000801
9 0.000029 0.492796 0.000058 0.084915 0.000698
9 0.000181 0.470026 0.000361 0.093510 0.000558
9 0.000031 0.506475 0.000062 0.082194 0.000509
5 0.403755 0.441248 0.006541 0.024763 0.000463
6 0.730208 0.534523 0.069670 0.080050 0.000438
9 0.000259 0.457863 0.000519 0.088849 0.000373
9 0.000077 0.519967 0.000154 0.073143 0.000348
4 0.671821 0.000215 0.063466 0.000429 0.000324
0 0.563516 0.590390 0.194407 0.266873 0.000306
4 0.452888 0.398919 0.011640 0.019790 0.000293
0 0.836534 0.306175 0.066793 0.270729 0.000293
9 0.000103 0.532653 0.000205 0.068914 0.000283
9 0.000237 0.435723 0.000474 0.080176 0.000282
4 0.313082 0.361887 0.032546 0.116706 0.000276
6 0.187837 0.617357 0.046682 0.204503 0.000271
5 0.405754 0.441368 0.007924 0.025854 0.000261
6 0.769820 0.516228 0.124233 0.044203 0.000248
4 0.613578 0.000000 0.050577 0.000000 0.000216
3 0.562997 0.590951 0.193687 0.267134 0.000206
4 0.660463 0.000000 0.059936 0.000000 0.000205
9 0.000144 0.546217 0.000289 0.082243 0.000204
6 0.380705 0.432915 0.018137 0.022575 0.000189
9 0.000120 0.564865 0.000241 0.091053 0.000186
8 0.076896 0.244486 0.038015 0.407754 0.000184
9 0.000204 0.414933 0.000408 0.072602 0.000165
4 0.683052 0.000145 0.062939 0.000289 0.000163
9 0.000077 0.578071 0.000153 0.094047 0.000156
4 0.596336 0.000000 0.059042 0.000000 0.000147
9 0.000245 0.403112 0.000491 0.070835 0.000146
8 0.071464 0.254734 0.029392 0.387431 0.000142
4 0.165801 0.375389 0.012771 0.052944 0.000139
6 0.989350 0.516419 0.020540 0.018772 0.000137
4 0.320021 0.363386 0.042448 0.123011 0.000135
8 0.253613 0.349991 0.077364 0.192254 0.000133
4 0.164420 0.367598 0.014016 0.036363 0.000132
8 0.230122 0.308274 0.029304 0.277706 0.000130
6 0.404481 0.441588 0.006715 0.022625 0.000130
6 0.387937 0.440167 0.014142 0.034986 0.000122
6 0.793500 0.509741 0.075640 0.032998 0.000109
6 0.948996 0.535940 0.102008 0.056175 0.000104
8 0.030530 0.226296 0.047689 0.449546 0.000103
4 0.427390 0.398279 0.013079 0.039666 0.000103
6 0.344094 0.446365 0.012533 0.043670 0.000103
