2 0.494874 0.644351 0.052359 0.092910 0.945098
0 0.792864 0.486109 0.025517 0.120061 0.938166
0 0.955235 0.509872 0.035456 0.167751 0.934302
0 0.736533 0.470339 0.031546 0.123166 0.929279
8 0.566975 0.345403 0.017222 0.061247 0.907207
0 0.900931 0.504254 0.028376 0.140157 0.901265
0 0.830654 0.489068 0.029308 0.136131 0.860781
0 0.334930 0.398539 0.012803 0.021874 0.845837
0 0.915514 0.511311 0.020264 0.122695 0.842834
0 0.463878 0.409719 0.012320 0.021762 0.735221
0 0.840021 0.482202 0.021809 0.152097 0.394087
0 0.991062 0.491417 0.016803 0.224248 0.067708
0 0.463728 0.421053 0.013368 0.042608 0.066230
0 0.921320 0.455795 0.012407 0.057091 0.065065
0 0.815374 0.498319 0.022125 0.102640 0.038747
0 0.918941 0.460220 0.012497 0.047361 0.016058
0 0.841140 0.463301 0.020203 0.116132 0.007465
0 0.840778 0.442525 0.019636 0.074011 0.003580
0 0.323882 0.429890 0.014806 0.046212 0.002600
0 0.917929 0.469683 0.014100 0.037963 0.002461
8 0.718259 0.527834 0.009583 0.010892 0.001931
0 0.180978 0.083754 0.012245 0.037347 0.000860
0 0.990630 0.525928 0.018739 0.152620 0.000818
0 0.993005 0.507122 0.013989 0.191929 0.000448
0 0.916508 0.475759 0.015853 0.048836 0.000427
0 0.921025 0.461788 0.014710 0.061703 0.000410
8 0.718153 0.531979 0.011170 0.016065 0.000360
0 0.788560 0.442192 0.013648 0.033309 0.000254
0 0.336815 0.421965 0.022046 0.073467 0.000202
2 0.792669 0.486900 0.025610 0.121009 0.000201
0 0.986140 0.500080 0.024210 0.198384 0.000199
2 0.579165 0.641856 0.030528 0.051776 0.000183
0 1.000000 0.522885 0.000000 0.139316 0.000179
0 0.839152 0.427756 0.014906 0.047359 0.000174
4 0.986998 0.999950 0.026005 0.000099 0.000159
0 0.801376 0.489000 0.030313 0.118272 0.000155
0 1.000000 0.549777 0.000000 0.127884 0.000146
0 0.399260 0.405892 0.006978 0.009702 0.000137
4 0.983691 1.000000 0.032618 0.000000 0.000131
2 0.566953 0.345281 0.017175 0.061525 0.000131
0 0.791173 0.451803 0.019879 0.048996 0.000128
0 0.325083 0.407381 0.019644 0.031956 0.000126
8 0.991491 0.486076 0.015785 0.247158 0.000121
0 0.033799 0.781821 0.024057 0.086398 0.000115
0 0.916482 0.505414 0.016083 0.107591 0.000107
0 0.463768 0.405841 0.011759 0.024214 0.000104
