2 0.513545 0.572585 0.129559 0.151134 0.961238
0 0.768675 0.446367 0.046060 0.169335 0.939423
0 0.676167 0.446711 0.032237 0.097943 0.917054
0 0.633375 0.430422 0.034314 0.104664 0.906158
2 0.495368 0.499213 0.091881 0.036611 0.867076
0 0.573504 0.416302 0.012975 0.037109 0.794100
2 0.534863 0.478815 0.029025 0.048444 0.616608
2 0.344879 0.481648 0.011416 0.024659 0.468685
0 0.587892 0.423530 0.025406 0.097955 0.405712
0 0.687473 0.450786 0.014454 0.088152 0.311779
0 0.687354 0.432350 0.014593 0.045813 0.137558
2 0.535165 0.471175 0.028163 0.033611 0.086538
0 0.573723 0.418075 0.013441 0.056538 0.022695
9 0.721395 0.431063 0.015048 0.044965 0.018093
2 0.768479 0.446614 0.046041 0.168090 0.009275
3 0.743258 0.442958 0.011004 0.028927 0.007792
0 0.686021 0.439029 0.017481 0.063172 0.006897
2 0.527903 0.484545 0.015931 0.033199 0.004738
0 0.604132 0.427197 0.032891 0.094687 0.004354
9 0.743079 0.443330 0.012262 0.029269 0.003290
2 0.346896 0.481854 0.015754 0.026270 0.001200
0 0.721395 0.431063 0.015048 0.044965 0.001003
0 0.618052 0.412803 0.011015 0.041997 0.000845
8 0.759081 0.339651 0.011425 0.026485 0.000739
9 0.733504 0.437556 0.017873 0.039961 0.000591
2 0.635653 1.000000 0.039415 0.000000 0.000327
2 0.496396 0.538571 0.094590 0.117243 0.000294
0 0.586866 0.404702 0.022141 0.064434 0.000226
2 0.499377 0.508454 0.099044 0.080630 0.000223
2 0.573761 0.416441 0.013063 0.039257 0.000210
3 0.742310 0.465459 0.012200 0.074699 0.000191
2 0.721810 0.431526 0.015321 0.044325 0.000149
3 0.738226 0.440832 0.012573 0.032857 0.000146
2 0.642728 1.000000 0.044181 0.000000 0.000142
2 0.629067 1.000000 0.037226 0.000000 0.000128
1 0.768641 0.446143 0.045812 0.169069 0.000116
0 0.596838 0.425334 0.040118 0.092770 0.000115
0 0.742938 0.443050 0.011055 0.029629 0.000100
