8 0.173075 0.304279 0.054409 0.259640 0.952809
8 0.377524 0.231251 0.087863 0.404206 0.941894
6 0.385531 0.394980 0.027261 0.036110 0.933063
0 0.433292 0.414887 0.024869 0.092222 0.922193
0 0.475022 0.407060 0.020806 0.101417 0.914269
6 0.401886 0.388872 0.015328 0.031233 0.901317
9 0.217871 0.412525 0.008652 0.026259 0.895350
6 0.335289 0.394498 0.014306 0.023573 0.892971
6 0.358121 0.382120 0.017327 0.047308 0.884126
6 0.456094 0.389277 0.020833 0.022184 0.874957
8 0.426312 0.308060 0.038026 0.175354 0.871095
5 0.232002 0.405186 0.009499 0.023832 0.789594
6 0.317086 0.394357 0.019526 0.033851 0.691603
0 0.293020 0.396378 0.006646 0.026841 0.507461
6 0.376011 0.381853 0.016512 0.043934 0.325605
4 0.438363 0.362387 0.008912 0.012857 0.214556
4 0.863708 0.194802 0.030714 0.094957 0.013810
0 0.232171 0.405835 0.010414 0.023250 0.011326
0 0.295537 0.397143 0.006023 0.026392 0.005970
5 0.217674 0.412057 0.008844 0.026835 0.003455
9 0.225302 0.406690 0.006316 0.023344 0.002870
6 0.382860 0.392012 0.025655 0.033930 0.002516
9 0.232171 0.405835 0.010414 0.023250 0.002379
0 0.300756 0.397586 0.007752 0.025671 0.002211
0 0.230815 0.404001 0.009507 0.025968 0.002160
6 0.369579 0.382562 0.010444 0.044782 0.001837
6 0.426162 0.308430 0.038315 0.175715 0.001518
6 0.232002 0.405186 0.009499 0.023832 0.001481
5 0.234890 0.404787 0.012489 0.024195 0.001478
6 0.474350 0.403828 0.020796 0.095037 0.001171
8 0.160998 0.313371 0.032162 0.243705 0.001001
6 0.438761 0.385483 0.013666 0.030294 0.000995
6 0.373062 0.382211 0.016409 0.044382 0.000965
0 0.630760 0.857658 0.031565 0.201607 0.000867
6 0.310065 0.397473 0.013120 0.028981 0.000759
5 0.232845 0.413428 0.011078 0.031657 0.000685
0 0.460408 0.380632 0.020237 0.037393 0.000608
0 0.299863 0.398210 0.006106 0.029723 0.000565
6 0.455458 0.391763 0.021155 0.030527 0.000490
6 0.368197 0.386314 0.007231 0.041961 0.000487
6 0.217674 0.412057 0.008844 0.026835 0.000465
6 0.460408 0.380632 0.020237 0.037393 0.000461
6 0.375962 0.385391 0.029928 0.043501 0.000384
5 0.045127 0.588523 0.012609 0.060936 0.000333
9 0.990119 0.297067 0.019200 0.152954 0.000305
3 0.762722 0.609525 0.016399 0.060937 0.000290
4 0.217674 0.412057 0.008844 0.026835 0.000283
5 0.225302 0.406690 0.006316 0.023344 0.000280
5 0.236307 0.413406 0.015720 0.031170 0.000275
9 0.212097 0.409506 0.008201 0.025223 0.000270
0 0.821205 0.990434 0.016402 0.018317 0.000267
4 0.225302 0.406690 0.006316 0.023344 0.000262
3 0.377838 0.232084 0.088511 0.407059 0.000235
3 0.217784 0.413003 0.008813 0.026172 0.000230
0 0.317021 0.395284 0.019508 0.034917 0.000229
6 0.301436 0.398478 0.007647 0.025716 0.000212
4 0.426372 0.308775 0.037589 0.176865 0.000203
8 0.350216 0.250114 0.049770 0.446463 0.000194
6 0.234890 0.404787 0.012489 0.024195 0.000179
5 0.456283 0.389313 0.020746 0.021376 0.000177
5 0.368197 0.386314 0.007231 0.041961 0.000176
6 0.225302 0.406690 0.006316 0.023344 0.000176
0 0.310065 0.397473 0.013120 0.028981 0.000176
8 0.225302 0.406690 0.006316 0.023344 0.000173
8 0.004675 0.174034 0.009349 0.338362 0.000172
11 0.232171 0.405835 0.010414 0.023250 0.000167
9 0.426162 0.308430 0.038315 0.175715 0.000165
8 0.005082 0.240519 0.010163 0.374359 0.000162
6 0.455206 0.384170 0.021262 0.030836 0.000161
9 0.757475 0.460274 0.014983 0.052831 0.000159
0 0.377838 0.232084 0.088511 0.407059 0.000157
3 0.232171 0.405835 0.010414 0.023250 0.000156
6 0.474603 0.380167 0.019400 0.046113 0.000146
0 0.000000 0.496336 0.000000 0.336244 0.000144
6 0.429297 0.391467 0.017696 0.044276 0.000143
5 0.633440 0.692448 0.064991 0.088180 0.000142
4 0.357711 0.382154 0.017401 0.046869 0.000138
8 0.217784 0.413003 0.008813 0.026172 0.000137
9 0.000328 0.425277 0.000656 0.066853 0.000135
5 0.402500 0.391784 0.014804 0.029267 0.000134
5 0.299863 0.398210 0.006106 0.029723 0.000130
9 0.000196 0.464718 0.000392 0.098589 0.000129
0 0.227041 0.394648 0.010771 0.036187 0.000129
9 0.217568 0.407883 0.009811 0.030582 0.000126
0 0.217784 0.413003 0.008813 0.026172 0.000125
9 0.790411 0.623684 0.016897 0.058141 0.000125
2 0.682547 1.000000 0.044749 0.000000 0.000124
6 0.253757 0.402883 0.006679 0.018897 0.000123
1 0.231964 0.405824 0.009505 0.023580 0.000122
5 0.377838 0.232084 0.088511 0.407059 0.000119
4 0.456283 0.389313 0.020746 0.021376 0.000119
0 0.173075 0.304279 0.054409 0.259640 0.000117
0 0.002750 0.436485 0.005499 0.646977 0.000116
9 0.745086 1.000000 0.035223 0.000000 0.000113
5 0.253757 0.402883 0.006679 0.018897 0.000110
2 0.745086 1.000000 0.035223 0.000000 0.000108
4 0.377624 0.228971 0.087532 0.400608 0.000108
5 0.191658 0.956081 0.117978 0.087838 0.000108
5 0.198458 0.939485 0.120824 0.121030 0.000107
0 0.013366 0.498530 0.026732 0.320794 0.000106
