0 0.937201 0.126260 0.061378 0.245343 0.955662
0 0.814774 0.080787 0.053781 0.161544 0.948429
0 0.884339 0.099619 0.060335 0.197297 0.946476
0 0.735425 0.043762 0.039017 0.087494 0.942263
0 0.980925 0.047686 0.036152 0.095372 0.885848
0 0.984128 0.219915 0.031743 0.176130 0.859955
0 0.983123 0.151973 0.033397 0.303947 0.204962
2 0.865093 0.798412 0.082513 0.225473 0.009467
0 0.651362 0.009449 0.017147 0.017647 0.003285
0 0.994657 0.072364 0.010109 0.052397 0.001725
4 0.394738 0.575436 0.006511 0.017910 0.001071
8 0.999759 0.292339 0.000482 0.105683 0.000891
4 0.403997 0.578753 0.011786 0.026735 0.000753
2 0.773175 0.718589 0.022068 0.062664 0.000316
0 0.992855 0.058917 0.013717 0.073124 0.000256
9 0.403997 0.578753 0.011786 0.026735 0.000233
8 1.000000 0.093911 0.000000 0.103160 0.000231
0 0.976833 0.083289 0.045179 0.166578 0.000231
8 0.999921 0.317701 0.000158 0.108690 0.000223
8 0.996160 0.282558 0.007680 0.104594 0.000214
8 1.000000 0.308868 0.000000 0.119075 0.000183
0 0.687224 0.000000 0.045100 0.000000 0.000170
0 0.651130 0.007979 0.022950 0.015959 0.000165
0 0.999322 0.072423 0.001357 0.065950 0.000160
2 0.000339 0.488496 0.000678 0.102992 0.000153
8 0.999898 0.096829 0.000205 0.099767 0.000152
0 1.000000 0.240102 0.000000 0.137944 0.000138
8 1.000000 0.111501 0.000000 0.124240 0.000133
8 0.999171 0.269488 0.001659 0.105565 0.000132
0 0.764099 0.000000 0.031539 0.000000 0.000131
0 0.651570 0.017230 0.021859 0.033681 0.000126
8 0.403997 0.578753 0.011786 0.026735 0.000124
2 0.009757 0.685209 0.019513 0.243303 0.000123
0 0.698678 0.000000 0.046138 0.000000 0.000123
2 0.005115 0.573627 0.009411 0.060433 0.000106
2 0.006821 0.644339 0.013642 0.216542 0.000105
0 1.000000 0.040745 0.000000 0.081490 0.000104
2 0.007576 0.602887 0.015152 0.261142 0.000101
