3 0.951989 0.511437 0.096021 0.116145 0.956249
2 0.491152 0.469519 0.038495 0.047249 0.922228
2 0.615235 0.472107 0.021654 0.047059 0.920641
2 0.758349 0.445174 0.029006 0.043333 0.915285
2 0.729922 0.435043 0.026281 0.036709 0.907392
2 0.704618 0.438908 0.015077 0.014287 0.004659
0 0.548911 1.000000 0.037839 0.000000 0.000142
2 0.474672 1.000000 0.035252 0.000000 0.000132
9 1.000000 0.412398 0.000000 0.119714 0.000130
9 1.000000 0.424763 0.000000 0.137568 0.000120
4 0.290508 0.113114 0.006867 0.014479 0.000116
4 0.648357 0.384725 0.068683 0.202495 0.000111
