0 0.945287 0.459812 0.105323 0.453921 0.964243
2 0.302238 0.297428 0.107316 0.153891 0.962608
0 0.120567 0.189086 0.036993 0.184087 0.935055
2 0.744102 0.592160 0.174185 0.317509 0.922993
0 0.832276 0.398479 0.069491 0.360149 0.910764
0 0.042779 0.169698 0.038895 0.183495 0.885721
0 0.075605 0.166534 0.034318 0.197471 0.873972
0 0.790260 0.497126 0.089775 0.487240 0.635265
0 0.810489 0.419402 0.077198 0.379934 0.002941
0 0.304038 0.218130 0.009735 0.009773 0.002924
0 0.055221 0.153620 0.012640 0.080771 0.001394
0 0.790923 0.425567 0.092034 0.337847 0.000744
0 0.744890 0.592224 0.176386 0.315863 0.000570
0 0.747711 0.507282 0.177241 0.484895 0.000487
0 0.980649 0.610303 0.037454 0.575117 0.000282
0 0.118732 0.135460 0.032112 0.077465 0.000172
0 0.304656 0.218512 0.011899 0.011913 0.000165
8 0.233238 1.000000 0.052820 0.000000 0.000155
4 0.998741 0.979996 0.002517 0.040008 0.000152
10 0.472222 0.000000 0.040006 0.000000 0.000139
0 0.000000 0.234249 0.000000 0.268612 0.000138
2 0.785556 0.501747 0.096490 0.493255 0.000125
4 0.743887 0.592034 0.173793 0.318298 0.000118
4 0.990519 0.995111 0.018962 0.009779 0.000114
0 0.015695 0.130263 0.018431 0.051969 0.000107
8 0.000000 0.310773 0.000000 0.111347 0.000107
