2 0.888618 0.716979 0.222764 0.565431 0.965549
2 0.664098 0.421595 0.098994 0.340731 0.961428
2 0.196729 0.166972 0.025341 0.069939 0.909119
2 0.345019 0.170934 0.037477 0.085658 0.367220
2 0.341824 0.177824 0.030892 0.070312 0.025263
2 0.832193 0.715156 0.109607 0.562731 0.008359
2 0.158800 0.150409 0.052000 0.067725 0.004000
2 0.165106 0.156679 0.065912 0.077616 0.001217
2 0.793364 0.848167 0.413272 0.303666 0.000706
6 0.229589 0.777855 0.041474 0.063794 0.000566
2 0.793454 0.892868 0.413093 0.214264 0.000482
4 0.888692 0.717258 0.222617 0.565223 0.000258
0 0.196792 0.166764 0.025321 0.069319 0.000199
2 0.922359 0.327761 0.026359 0.070247 0.000144
