2 0.730876 0.938937 0.024051 0.080960 0.923774
2 0.543751 0.732735 0.010110 0.048038 0.045310
6 0.369211 0.225594 0.016426 0.021200 0.001350
2 0.434112 0.563264 0.008246 0.049080 0.000684
2 0.522975 0.804853 0.025499 0.097092 0.000506
2 0.510423 0.573381 0.009147 0.019010 0.000266
8 0.999806 0.117515 0.000388 0.073284 0.000138
9 0.616237 0.701616 0.021930 0.117830 0.000134
8 0.999942 0.103510 0.000116 0.073195 0.000122
2 0.726214 1.000000 0.038194 0.000000 0.000106
8 0.999863 0.084391 0.000274 0.091148 0.000104
9 0.000023 0.568063 0.000047 0.063231 0.000104
