3 0.849376 0.611201 0.150650 0.141700 0.954007
9 0.953143 0.540358 0.047680 0.093450 0.948788
2 0.374902 0.443602 0.048475 0.050951 0.931071
2 0.646538 0.488912 0.031700 0.044759 0.916082
2 0.502175 0.481239 0.024288 0.042398 0.915049
2 0.617299 0.469900 0.024874 0.040985 0.911159
3 0.953848 0.631596 0.092304 0.104911 0.394112
3 0.934372 0.632148 0.131256 0.107538 0.000829
4 0.789813 0.352722 0.365295 0.669545 0.000305
9 0.956076 0.626073 0.087848 0.096344 0.000265
0 0.973940 0.752439 0.052121 0.344602 0.000100
