0 0.932094 0.502550 0.132280 0.402498 0.954780
0 0.902941 0.468201 0.082233 0.451246 0.947785
2 0.183009 0.381664 0.113617 0.150488 0.943761
0 0.663785 0.495497 0.198880 0.546120 0.899350
2 0.664814 0.603405 0.205127 0.331989 0.272255
0 0.958601 0.501629 0.075506 0.403021 0.007917
0 0.737771 0.057985 0.028917 0.046727 0.007418
0 0.696912 0.495767 0.131368 0.550160 0.004703
0 0.722184 0.402627 0.067275 0.364206 0.003729
2 0.664566 0.496642 0.199916 0.545534 0.003492
6 0.664566 0.496642 0.199916 0.545534 0.000934
0 0.921858 0.558720 0.113509 0.282035 0.000737
2 0.932897 0.501863 0.132362 0.401785 0.000573
6 0.932897 0.501863 0.132362 0.401785 0.000553
3 0.932897 0.501863 0.132362 0.401785 0.000544
9 0.000000 0.496026 0.000000 0.097777 0.000172
5 0.932897 0.501863 0.132362 0.401785 0.000112
