2 0.729030 0.958882 0.031331 0.082237 0.930368
2 0.097140 0.819880 0.033916 0.057571 0.928643
0 0.904612 0.311626 0.024391 0.067515 0.915487
0 0.858184 0.329425 0.015587 0.038393 0.900478
0 0.824723 0.332148 0.014054 0.044710 0.887990
0 0.274681 0.448915 0.011149 0.044722 0.883299
0 0.644216 0.368084 0.011594 0.033257 0.882678
0 0.209688 0.465320 0.012961 0.027007 0.859635
0 0.544999 0.401001 0.011517 0.033254 0.847667
0 0.764839 0.340588 0.015697 0.042748 0.834789
0 0.951370 0.318988 0.013359 0.048039 0.832506
0 0.941269 0.321507 0.016540 0.044030 0.829130
0 0.739946 0.356494 0.010614 0.020248 0.757503
0 0.296381 0.447743 0.012872 0.040892 0.683971
0 0.229151 0.463439 0.007716 0.026486 0.258011
0 0.964454 0.316976 0.015491 0.050847 0.195049
2 0.428196 0.391740 0.023724 0.027277 0.163772
0 0.760714 0.345680 0.010651 0.033735 0.101024
0 0.550149 0.401340 0.016369 0.032696 0.055805
0 0.962152 0.318797 0.014616 0.047355 0.045900
0 0.206173 0.463567 0.011776 0.029296 0.016148
0 0.639467 0.367539 0.011291 0.039583 0.007703
0 0.203962 0.465297 0.013416 0.025995 0.006687
0 0.227693 0.463915 0.009218 0.026722 0.004640
0 0.552876 0.400580 0.014803 0.032520 0.001230
0 0.091066 0.471136 0.005478 0.045104 0.001192
0 0.855859 0.329643 0.014843 0.035848 0.001142
0 0.978898 0.325109 0.019325 0.045990 0.001102
0 0.974490 0.322332 0.012564 0.040466 0.001019
0 0.971738 0.321768 0.008941 0.040218 0.001014
0 0.427171 0.392195 0.026049 0.027253 0.000685
2 0.711868 1.000000 0.055818 0.000000 0.000313
4 0.658162 0.609318 0.065986 0.218859 0.000310
2 0.730035 0.984150 0.027237 0.031700 0.000261
0 0.202193 0.463516 0.011633 0.028055 0.000186
2 0.715551 1.000000 0.037977 0.000000 0.000182
0 0.536694 0.404660 0.011431 0.036559 0.000181
0 0.534959 0.409451 0.011099 0.028040 0.000162
2 0.728879 0.941520 0.030515 0.046984 0.000161
0 0.457538 0.417519 0.013788 0.057306 0.000161
2 0.741027 1.000000 0.047773 0.000000 0.000157
0 0.001421 1.000000 0.002843 0.000000 0.000146
8 0.000258 0.471049 0.000516 0.064352 0.000136
9 0.007280 0.514445 0.013113 0.110590 0.000133
8 0.000057 0.430361 0.000114 0.049795 0.000127
2 0.760714 0.345680 0.010651 0.033735 0.000118
8 0.000116 0.445071 0.000231 0.057023 0.000109
0 0.091511 0.473410 0.007227 0.041045 0.000106
0 0.639110 0.357510 0.011588 0.040163 0.000102
0 0.230465 0.462596 0.009478 0.027429 0.000102
0 0.426947 0.415038 0.026205 0.072364 0.000101
9 0.007559 0.544175 0.013724 0.186004 0.000101
