2 0.540539 0.292714 0.125488 0.087797 0.954889
2 0.344865 0.804022 0.100046 0.166206 0.952466
2 0.399326 0.602031 0.117266 0.115358 0.949877
2 0.520505 0.264867 0.054505 0.106154 0.934827
2 0.108169 0.026853 0.030081 0.051313 0.883231
0 0.108150 0.026674 0.029758 0.051351 0.000253
0 0.862946 0.042255 0.010249 0.050390 0.000218
2 0.514921 0.306626 0.071642 0.048932 0.000172
8 0.731048 0.996810 0.028362 0.006379 0.000132
2 0.108732 0.010602 0.032838 0.021034 0.000110
0 0.186892 0.245196 0.151818 0.335849 0.000106
