2 0.645264 0.729365 0.219981 0.359146 0.970133
2 0.765761 0.459653 0.113150 0.223656 0.954736
2 0.597880 0.552993 0.055159 0.180955 0.952365
0 0.643336 0.362076 0.028703 0.083856 0.913665
0 0.944766 0.321471 0.021376 0.093784 0.869305
0 0.991866 0.307796 0.016269 0.117747 0.859890
0 0.323044 0.407807 0.009103 0.034366 0.805078
0 0.425813 0.403250 0.007864 0.049861 0.774801
2 0.327395 0.456950 0.045335 0.059735 0.001912
0 0.993591 0.278053 0.012818 0.057596 0.001449
0 0.992611 0.286345 0.014778 0.075186 0.001304
0 0.389261 0.403724 0.011228 0.051545 0.001187
0 0.322940 0.400739 0.009521 0.037234 0.001004
2 0.021676 0.917284 0.043291 0.157595 0.000667
2 0.991899 0.306872 0.016202 0.118712 0.000295
0 0.427554 0.402877 0.009681 0.053245 0.000244
2 0.643131 0.361907 0.029099 0.084032 0.000186
0 1.000000 0.298363 0.000000 0.099456 0.000112
8 0.294915 0.000000 0.031607 0.000000 0.000109
