2 0.705561 0.770535 0.015467 0.039896 0.913373
0 0.023250 0.314538 0.019682 0.089372 0.906592
2 0.692737 0.052638 0.029115 0.051585 0.894655
0 0.008537 0.322789 0.015338 0.083252 0.887199
2 0.509926 0.287734 0.014380 0.029213 0.825046
2 0.915265 0.020987 0.053893 0.041973 0.747636
2 0.700701 0.051554 0.013455 0.050583 0.147433
2 0.527939 0.572569 0.019920 0.046219 0.142171
2 0.607448 0.112567 0.014228 0.035145 0.046022
0 0.692630 0.053020 0.028816 0.051304 0.005419
0 0.700750 0.051361 0.013310 0.049486 0.001350
2 0.689149 0.055466 0.021716 0.046439 0.000730
8 0.581384 0.000157 0.027134 0.000314 0.000601
8 0.577168 0.000000 0.026624 0.000000 0.000498
2 0.008482 0.322166 0.015743 0.083626 0.000413
2 0.886207 0.006059 0.010791 0.010213 0.000397
8 0.604236 0.000000 0.025738 0.000000 0.000351
0 0.000633 0.320522 0.001267 0.073808 0.000285
8 0.564307 0.000000 0.038673 0.000000 0.000284
8 0.589257 0.000318 0.025164 0.000635 0.000275
2 0.523890 0.595321 0.029150 0.089473 0.000272
8 0.597020 0.000289 0.023610 0.000579 0.000235
8 0.000000 0.261301 0.000000 0.076038 0.000232
2 0.895696 0.005532 0.012928 0.011064 0.000208
8 0.000000 0.248047 0.000000 0.089706 0.000205
8 0.609635 0.000000 0.024745 0.000000 0.000205
8 0.789737 0.000000 0.019636 0.000000 0.000189
0 0.017721 0.318400 0.010083 0.085184 0.000180
0 0.010020 0.313835 0.011221 0.066903 0.000179
0 0.607541 0.112709 0.014101 0.034950 0.000176
8 0.622188 0.000127 0.023411 0.000255 0.000169
8 0.628423 0.000000 0.026750 0.000000 0.000165
2 0.455576 1.000000 0.045301 0.000000 0.000148
9 0.000633 0.320522 0.001267 0.073808 0.000145
8 0.634424 0.000000 0.030985 0.000000 0.000144
2 0.504821 0.990307 0.016608 0.018650 0.000144
8 0.750154 0.000184 0.018554 0.000368 0.000140
9 0.805093 0.007580 0.012463 0.015161 0.000137
0 0.773421 0.011599 0.010884 0.020823 0.000135
0 0.769763 0.013667 0.008329 0.025712 0.000131
8 0.615450 0.000032 0.025465 0.000064 0.000128
8 0.846111 0.000388 0.023423 0.000776 0.000128
8 0.000000 0.398805 0.000000 0.070264 0.000127
9 0.000336 0.305838 0.000672 0.054198 0.000125
8 0.562925 0.003581 0.083619 0.007162 0.000122
2 0.476359 1.000000 0.052672 0.000000 0.000121
0 0.771831 0.007858 0.017774 0.015716 0.000121
8 0.761149 0.000098 0.018309 0.000195 0.000119
8 0.000000 0.278763 0.000000 0.049080 0.000119
8 0.697139 0.000000 0.025826 0.000000 0.000115
8 0.002716 0.149519 0.005432 0.275152 0.000107
8 0.542670 0.000000 0.042932 0.000000 0.000104
8 0.755373 0.000306 0.016470 0.000612 0.000101
8 0.766101 0.000000 0.016337 0.000000 0.000100
