2 0.511799 0.875902 0.172235 0.248195 0.970329
2 0.072203 0.929167 0.113533 0.141499 0.943837
2 0.051552 0.645421 0.033464 0.082874 0.329298
2 0.172973 0.829027 0.020159 0.095573 0.003459
2 0.607328 0.602339 0.039559 0.037247 0.000471
0 0.511776 0.875733 0.172252 0.248534 0.000433
2 0.049765 0.790728 0.036765 0.383253 0.000347
2 0.044247 0.644986 0.048820 0.082508 0.000341
8 0.046834 1.000000 0.044780 0.000000 0.000191
9 0.312073 0.770462 0.038106 0.261790 0.000152
8 0.104826 1.000000 0.042676 0.000000 0.000149
2 0.048471 0.799141 0.073682 0.400491 0.000128
2 0.209944 0.827472 0.018734 0.085377 0.000112
8 0.054396 1.000000 0.040563 0.000000 0.000110
8 0.086580 1.000000 0.041123 0.000000 0.000108
2 0.081919 1.000000 0.039459 0.000000 0.000107
