0 0.616681 0.703129 0.104543 0.590132 0.958795
0 0.758301 0.645703 0.078812 0.478086 0.958685
0 0.515100 0.736672 0.094818 0.522213 0.953776
0 0.647719 0.593757 0.067904 0.371993 0.939266
0 0.023105 0.650688 0.046118 0.316337 0.918354
0 0.264499 0.647332 0.101541 0.367060 0.795926
0 0.283236 0.646485 0.068613 0.365531 0.748521
0 0.167438 0.458379 0.014436 0.032987 0.309338
0 0.491765 0.435248 0.012691 0.028217 0.211812
4 0.725311 0.653291 0.033800 0.092419 0.037160
0 0.515302 0.441644 0.013137 0.034701 0.020165
0 0.242193 0.647154 0.056745 0.369350 0.014170
0 0.456284 0.429964 0.009311 0.021838 0.001443
0 0.220237 0.448029 0.006409 0.022923 0.001274
0 0.409696 0.441123 0.009624 0.021854 0.001131
0 0.416604 0.441124 0.007899 0.023026 0.000745
9 0.000069 0.705123 0.000138 0.151796 0.000583
0 0.516208 0.451164 0.013947 0.042540 0.000534
0 0.517007 0.456859 0.013447 0.029345 0.000206
2 0.757268 0.645104 0.078963 0.481256 0.000203
0 0.000144 0.763688 0.000287 0.076220 0.000160
6 0.757268 0.645104 0.078963 0.481256 0.000133
0 0.567570 0.475995 0.083316 0.133758 0.000132
0 0.000296 0.744826 0.000592 0.089614 0.000128
3 0.515227 0.736019 0.094381 0.524275 0.000120
9 0.000075 0.438457 0.000150 0.075790 0.000105
0 0.427065 0.471688 0.019476 0.057776 0.000104
0 0.393242 0.464337 0.013455 0.027352 0.000101
