2 0.349887 0.516664 0.007734 0.012736 0.011068
2 0.338941 0.508153 0.008249 0.013335 0.006152
2 0.350523 0.519154 0.007564 0.013030 0.005475
2 0.337684 0.503747 0.008860 0.014556 0.002118
2 0.370951 0.539069 0.006721 0.010851 0.001627
2 0.365244 0.529291 0.008202 0.012374 0.001272
2 0.336324 0.498803 0.008627 0.013295 0.000475
2 0.341750 0.512127 0.009204 0.014346 0.000401
2 0.351016 0.522869 0.007551 0.013967 0.000284
8 1.000000 0.116294 0.000000 0.137174 0.000117
0 0.350523 0.519154 0.007564 0.013030 0.000106
8 0.988116 0.000336 0.023768 0.000672 0.000105
0 0.955147 0.747724 0.016813 0.085630 0.000101
