2 0.474706 0.531485 0.117616 0.119664 0.952695
0 0.595981 0.295792 0.015099 0.057510 0.876207
0 0.625631 0.291624 0.020266 0.058208 0.874334
0 0.608551 0.284304 0.010104 0.040925 0.315361
0 0.608370 0.277859 0.010295 0.027711 0.013429
8 0.320915 0.199443 0.015896 0.035994 0.003829
0 0.608664 0.293630 0.010720 0.059092 0.003475
0 0.604727 0.294776 0.010037 0.058325 0.002522
9 0.225563 0.216552 0.011272 0.066362 0.000821
0 0.622031 0.290950 0.015980 0.055163 0.000233
0 0.608462 0.272462 0.010382 0.023862 0.000207
0 0.660609 0.289232 0.010526 0.037694 0.000186
2 0.328899 0.517667 0.034775 0.049167 0.000141
9 0.661106 0.291560 0.010666 0.034183 0.000138
0 0.791405 0.698315 0.027897 0.100583 0.000112
