2 0.553840 0.667184 0.171417 0.201862 0.955618
0 0.078572 0.327989 0.157144 0.648111 0.010864
2 0.219456 0.595902 0.066460 0.076090 0.008408
6 0.418883 0.665575 0.020397 0.033040 0.005641
2 0.418883 0.665575 0.020397 0.033040 0.003280
6 0.901916 0.350489 0.046719 0.030403 0.001919
4 0.418883 0.665575 0.020397 0.033040 0.001392
9 0.418883 0.665575 0.020397 0.033040 0.000974
4 0.986687 0.398554 0.026137 0.124352 0.000494
5 0.418883 0.665575 0.020397 0.033040 0.000466
0 0.122035 0.270751 0.244070 0.541501 0.000331
4 0.962954 0.397346 0.025520 0.139198 0.000311
11 0.418883 0.665575 0.020397 0.033040 0.000278
3 0.418883 0.665575 0.020397 0.033040 0.000271
8 0.901965 0.350271 0.046156 0.030920 0.000250
1 0.418883 0.665575 0.020397 0.033040 0.000203
0 0.418883 0.665575 0.020397 0.033040 0.000177
8 0.500919 0.457023 0.008977 0.049335 0.000152
0 0.094941 0.223466 0.189883 0.446931 0.000150
6 0.102082 1.000000 0.049022 0.000000 0.000149
