2 0.579215 0.324717 0.175929 0.240968 0.965978
2 0.806504 0.023591 0.011758 0.017732 0.446625
2 0.817370 0.015288 0.026855 0.029528 0.346948
2 0.681829 0.165584 0.024574 0.111653 0.002022
2 0.807723 0.017946 0.015037 0.030900 0.001782
2 0.605662 0.580649 0.016944 0.041096 0.000696
8 0.005955 0.995340 0.011904 0.009321 0.000622
8 0.008733 0.998079 0.017467 0.003843 0.000608
4 0.633608 0.109126 0.021854 0.131727 0.000548
0 0.795956 0.557096 0.024734 0.100975 0.000352
8 0.008698 0.994848 0.017395 0.010304 0.000305
8 0.012229 0.998911 0.024458 0.002177 0.000279
3 0.605662 0.580649 0.016944 0.041096 0.000245
0 0.049438 0.655143 0.018919 0.087418 0.000222
0 0.633608 0.109126 0.021854 0.131727 0.000221
3 0.578688 0.323885 0.175619 0.240295 0.000181
8 0.000066 0.992600 0.000132 0.014800 0.000177
0 0.578688 0.323885 0.175619 0.240295 0.000156
4 0.681829 0.165584 0.024574 0.111653 0.000155
2 0.995596 0.566732 0.008421 0.093025 0.000150
4 0.578688 0.323885 0.175619 0.240295 0.000140
2 0.996723 0.555057 0.006554 0.075537 0.000129
