2 0.301907 0.416935 0.058033 0.174274 0.950231
2 0.416545 0.556571 0.076521 0.207658 0.948747
2 0.466703 0.480153 0.059408 0.103682 0.945954
2 0.187992 0.068617 0.024998 0.079900 0.910083
2 0.005163 0.302989 0.010326 0.060275 0.000703
0 0.002040 0.297199 0.004080 0.086857 0.000572
2 0.391463 0.527892 0.025235 0.149770 0.000439
0 0.004817 0.306754 0.009575 0.054609 0.000325
0 0.002211 0.277085 0.004422 0.121098 0.000285
0 0.187986 0.068646 0.024981 0.079988 0.000249
2 0.000000 0.306378 0.000000 0.115495 0.000224
2 0.005080 0.312252 0.010160 0.054687 0.000224
2 0.002040 0.297199 0.004080 0.086857 0.000191
6 0.898835 0.687354 0.047570 0.031134 0.000189
0 0.005232 0.297414 0.010464 0.068334 0.000144
2 0.392707 0.555983 0.028382 0.206832 0.000137
2 0.391888 0.496116 0.024708 0.084466 0.000129
0 0.000274 0.308475 0.000547 0.055862 0.000129
0 0.975630 0.758547 0.013178 0.045987 0.000124
8 0.002211 0.277085 0.004422 0.121098 0.000123
4 0.187912 0.068149 0.024591 0.080554 0.000117
2 0.005859 0.277267 0.011718 0.118203 0.000109
2 0.000148 0.311952 0.000295 0.056474 0.000107
