0 0.125622 0.230959 0.035486 0.143065 0.937009
0 0.537377 0.362807 0.125430 0.721949 0.934993
0 0.013817 0.235838 0.025852 0.185245 0.921046
0 0.057676 0.216065 0.033379 0.223094 0.920282
0 0.615828 0.250766 0.026313 0.113758 0.917947
0 0.877649 0.255877 0.019547 0.095188 0.907270
0 0.694641 0.246029 0.025537 0.102909 0.899076
0 0.737373 0.261109 0.016576 0.071663 0.893654
0 0.224743 0.230353 0.014375 0.058572 0.889756
0 0.384946 0.228226 0.014683 0.069448 0.888782
0 0.152923 0.229797 0.016074 0.044972 0.878804
0 0.170796 0.219913 0.015345 0.042978 0.872247
0 0.464701 0.173230 0.012783 0.026744 0.865904
0 0.976002 0.267608 0.038116 0.113789 0.865899
0 0.196253 0.169595 0.013854 0.039204 0.863755
0 0.423371 0.202893 0.010962 0.020241 0.860608
0 0.082421 0.167165 0.015313 0.041342 0.855890
0 0.390271 0.171342 0.011897 0.043426 0.852529
0 0.303763 0.196372 0.012328 0.027998 0.852295
0 0.167255 0.178122 0.016766 0.053486 0.845523
0 0.350559 0.201752 0.011110 0.040665 0.842935
0 0.261283 0.172583 0.014989 0.043121 0.828808
0 0.112203 0.168111 0.014943 0.030193 0.822060
0 0.459892 0.230844 0.012555 0.066684 0.812723
0 0.320790 0.178106 0.016122 0.029532 0.803465
0 0.376530 0.202151 0.009284 0.037536 0.792346
0 0.074230 0.149099 0.010870 0.028106 0.776076
0 0.375703 0.168473 0.012206 0.032166 0.770584
0 0.448042 0.206141 0.012983 0.029159 0.759849
0 0.322282 0.195034 0.011116 0.020625 0.739762
0 0.233859 0.169479 0.010934 0.033696 0.709882
0 0.435249 0.249291 0.016149 0.034605 0.708384
0 0.438406 0.173221 0.009571 0.022448 0.694211
0 0.444999 0.166246 0.009268 0.033943 0.661549
0 0.431024 0.247720 0.013538 0.033394 0.631463
0 0.267132 0.233840 0.013960 0.049416 0.616471
0 0.991607 0.291246 0.010646 0.059611 0.599339
0 0.426441 0.172676 0.009104 0.021226 0.584093
0 0.007500 0.149361 0.013010 0.042960 0.576839
0 0.120036 0.166226 0.010710 0.023428 0.541022
0 0.593375 0.261359 0.028803 0.231193 0.509287
0 0.373930 0.168876 0.012938 0.028815 0.494109
0 0.418684 0.170925 0.007741 0.020929 0.482430
0 0.158781 0.176632 0.008522 0.027372 0.403424
0 0.334948 0.162626 0.012389 0.044570 0.277396
0 0.240471 0.169739 0.008589 0.027597 0.263046
0 0.021164 0.157885 0.012237 0.061763 0.207020
0 0.129316 0.166631 0.011076 0.016672 0.205329
0 0.021860 0.148278 0.011701 0.044594 0.163986
0 0.420073 0.171399 0.008064 0.022198 0.159704
0 0.235208 0.176531 0.012893 0.033336 0.153029
0 0.321912 0.184140 0.013981 0.029401 0.148153
0 0.423359 0.172046 0.008857 0.021184 0.139131
0 0.240071 0.175269 0.010382 0.031923 0.135026
0 0.323762 0.196410 0.010622 0.021905 0.132135
0 0.320580 0.195470 0.010808 0.021766 0.120406
0 0.319592 0.156291 0.010956 0.042019 0.119671
0 0.238096 0.179064 0.010974 0.029131 0.115315
0 0.428465 0.173020 0.007373 0.021849 0.086673
0 0.282024 0.226056 0.014983 0.015927 0.083420
0 0.281964 0.242317 0.018639 0.039260 0.075658
0 0.924951 0.111607 0.010281 0.023871 0.071690
0 0.318932 0.192834 0.009314 0.019454 0.068683
0 0.442898 0.169542 0.010251 0.026816 0.067917
0 0.437139 0.172151 0.008293 0.023628 0.062552
0 0.376115 0.184187 0.011591 0.039704 0.056835
0 0.594805 0.230249 0.032344 0.165855 0.045857
0 0.333547 0.166082 0.010083 0.043060 0.045537
0 0.235592 0.181776 0.012496 0.027343 0.044782
0 0.384556 0.198258 0.009017 0.021738 0.042780
0 0.373287 0.239875 0.011228 0.040301 0.037172
0 0.073535 0.145245 0.008971 0.038688 0.036276
0 0.919680 0.113367 0.008895 0.019268 0.029118
0 0.298553 0.177006 0.007978 0.015705 0.028221
0 0.282044 0.222468 0.011221 0.014762 0.023275
0 0.601743 0.240865 0.017717 0.123498 0.019499
0 0.922986 0.112247 0.011939 0.022807 0.019448
0 0.182045 0.168768 0.007140 0.014725 0.017955
0 0.282289 0.225308 0.014636 0.010765 0.016881
0 0.650093 0.254040 0.012703 0.033423 0.014761
0 0.242691 0.169689 0.010399 0.024365 0.012910
0 0.300031 0.187231 0.009126 0.028409 0.012145
0 0.163015 0.174731 0.013496 0.032404 0.010630
0 0.402896 0.233782 0.006954 0.015327 0.010395
0 0.181090 0.167523 0.007919 0.017284 0.009015
0 0.035137 0.148607 0.013220 0.041181 0.008126
0 0.601349 0.262829 0.011822 0.092566 0.007491
0 0.088673 0.223564 0.007867 0.016257 0.007120
0 0.409841 0.210841 0.012778 0.014866 0.006673
0 0.140950 0.243214 0.008203 0.016303 0.006328
0 0.982779 0.267110 0.025989 0.113534 0.006260
0 0.424465 0.178777 0.010333 0.029116 0.006128
0 0.457895 0.232601 0.012516 0.066471 0.005333
0 0.169115 0.157806 0.013045 0.017376 0.005310
0 0.034735 0.162131 0.014362 0.069740 0.005221
0 0.425310 0.203065 0.014006 0.018943 0.005122
0 0.455974 0.238228 0.011080 0.054683 0.004657
0 0.420186 0.174422 0.010785 0.024734 0.003573
0 0.139574 0.245984 0.008769 0.016008 0.003233
0 0.262544 0.231592 0.008325 0.030809 0.003227
