2 0.117185 0.852958 0.027403 0.057745 0.919932
2 0.538223 0.333282 0.016697 0.037755 0.902969
2 0.576717 0.290338 0.017115 0.046330 0.859316
2 0.428303 0.722753 0.018721 0.063626 0.685384
0 0.753207 0.017256 0.018410 0.034512 0.103866
0 0.277008 0.133275 0.012252 0.031260 0.016735
2 0.785762 0.023167 0.030312 0.044166 0.001773
2 0.460099 0.551087 0.028817 0.068779 0.001133
0 0.117163 0.853459 0.027599 0.058394 0.000779
2 0.404213 0.957270 0.009954 0.014479 0.000612
2 0.398091 0.952898 0.009391 0.016756 0.000584
0 0.704661 0.015561 0.010027 0.026701 0.000576
2 0.860642 0.389947 0.017743 0.062218 0.000482
4 0.860534 0.389995 0.017737 0.062818 0.000462
0 0.893757 0.023159 0.016062 0.042956 0.000401
2 0.399336 0.955250 0.010403 0.016776 0.000358
8 0.421699 0.000000 0.028594 0.000000 0.000215
8 0.003958 0.106679 0.007916 0.213358 0.000204
2 0.415817 0.620579 0.059134 0.266351 0.000177
2 0.430909 1.000000 0.036793 0.000000 0.000163
8 0.702845 0.000000 0.020936 0.000000 0.000147
2 0.386445 0.930206 0.008895 0.016231 0.000142
8 0.732632 0.000000 0.024586 0.000000 0.000133
8 0.714292 0.000000 0.023510 0.000000 0.000132
8 1.000000 0.088626 0.000000 0.122837 0.000132
8 0.707500 0.000000 0.022624 0.000000 0.000128
8 0.003181 0.133432 0.006362 0.236688 0.000124
8 0.697630 0.000000 0.019493 0.000000 0.000118
8 0.821125 0.000000 0.026337 0.000000 0.000117
8 0.739681 0.000000 0.023440 0.000000 0.000115
8 1.000000 0.108085 0.000000 0.112732 0.000113
8 0.827944 0.000000 0.023551 0.000000 0.000113
8 0.722059 0.000000 0.022433 0.000000 0.000107
2 0.402591 1.000000 0.051996 0.000000 0.000102
