2 0.226130 0.584335 0.027124 0.054127 0.906589
2 0.619638 0.022915 0.016495 0.041712 0.883665
2 0.504515 0.668198 0.008733 0.011089 0.100635
2 0.506370 0.669817 0.008909 0.010463 0.011742
2 0.479933 0.637531 0.008935 0.014059 0.004370
2 0.497157 0.664665 0.006859 0.013556 0.003558
2 0.502944 0.666534 0.010095 0.013337 0.002358
2 0.177324 0.315670 0.014424 0.023601 0.001057
2 0.499507 0.666580 0.008382 0.013871 0.000983
2 0.490364 0.650624 0.008313 0.009242 0.000793
0 0.619825 0.022824 0.016210 0.040754 0.000510
4 0.721473 0.319731 0.076864 0.258270 0.000471
2 0.494612 0.666053 0.007904 0.011686 0.000334
2 0.482039 0.641529 0.009848 0.013427 0.000271
2 0.478615 0.632575 0.009651 0.014222 0.000264
2 0.194068 0.322511 0.018894 0.035278 0.000184
2 0.493212 0.661475 0.007705 0.012166 0.000173
2 0.489177 0.643313 0.009100 0.012778 0.000168
2 0.563372 0.407727 0.008226 0.013189 0.000138
8 0.619988 0.022770 0.016624 0.043045 0.000137
2 0.492648 0.649459 0.008480 0.017086 0.000117
4 0.619988 0.022770 0.016624 0.043045 0.000105
