0 0.879900 0.638640 0.133884 0.374380 0.967626
0 0.785336 0.588231 0.088186 0.458605 0.954425
0 0.175394 0.536052 0.064209 0.292473 0.951670
0 0.562206 0.528092 0.058311 0.367725 0.942340
0 0.713217 0.492199 0.029861 0.148890 0.922280
0 0.450375 0.520461 0.034389 0.156146 0.897713
0 0.683529 0.504804 0.022438 0.111164 0.888608
0 0.018989 0.546148 0.021959 0.061758 0.882510
0 0.261071 0.528685 0.021104 0.086388 0.878964
0 0.474120 0.516980 0.016442 0.035062 0.872537
0 0.386114 0.514668 0.013260 0.052894 0.863758
0 0.309287 0.521487 0.014871 0.055409 0.863105
0 0.586212 0.446970 0.013077 0.054924 0.859108
0 0.323644 0.520572 0.012583 0.053389 0.853920
0 0.048219 0.527062 0.014058 0.068324 0.848076
0 0.351556 0.526642 0.015067 0.055262 0.845408
0 0.502802 0.485897 0.013413 0.037386 0.844177
0 0.939356 0.486478 0.014878 0.051236 0.835717
0 0.976233 0.436499 0.014694 0.038272 0.828636
0 0.327893 0.481746 0.012067 0.021171 0.822801
0 0.365852 0.509651 0.015741 0.070093 0.821367
0 0.534007 0.483966 0.012138 0.046591 0.813797
0 0.951541 0.431839 0.014277 0.026664 0.812991
0 0.404412 0.464174 0.011408 0.031553 0.803658
0 0.309811 0.479447 0.009858 0.024971 0.780655
0 0.598222 0.453295 0.013035 0.044823 0.778447
0 0.230403 0.512463 0.014352 0.070083 0.757240
0 0.266277 0.487914 0.007655 0.019317 0.718753
0 0.429350 0.456928 0.009967 0.025384 0.718236
0 0.908929 0.456273 0.011889 0.040012 0.692985
0 0.833126 0.446936 0.012682 0.034088 0.621772
0 0.299197 0.501437 0.007833 0.037729 0.597124
0 0.456549 0.455072 0.008719 0.027841 0.587488
0 0.242380 0.509239 0.009808 0.052560 0.565844
0 0.986758 0.579171 0.026483 0.237353 0.554096
0 0.429353 0.481855 0.011087 0.030937 0.543674
0 0.849826 0.443678 0.010637 0.038087 0.535839
0 0.315470 0.484029 0.009022 0.016536 0.523776
0 0.941198 0.449527 0.015484 0.028163 0.473822
0 0.438076 0.541154 0.012693 0.090355 0.469588
0 0.201993 0.486373 0.008186 0.037734 0.411981
0 0.923140 0.496829 0.016888 0.040414 0.376036
0 0.285949 0.491357 0.010026 0.028726 0.375193
0 0.441369 0.455442 0.008893 0.027274 0.373201
0 0.255946 0.494300 0.010767 0.025167 0.301388
0 0.277764 0.517294 0.013120 0.056677 0.294715
0 0.868876 0.431903 0.012431 0.024194 0.283626
0 0.437787 0.529120 0.012030 0.065948 0.273731
0 0.036374 0.537297 0.009895 0.057118 0.270355
0 0.286339 0.501387 0.010157 0.047683 0.265666
0 0.895172 0.450613 0.010052 0.041554 0.264252
0 0.906275 0.454802 0.016401 0.042096 0.262381
0 0.343572 0.466840 0.010474 0.024609 0.244635
0 0.693776 0.500446 0.011100 0.053446 0.232930
0 0.490495 0.463851 0.009407 0.035786 0.226221
0 0.376631 0.519735 0.006273 0.039646 0.210448
0 0.936603 0.449143 0.009144 0.022769 0.207000
0 0.024863 0.504902 0.010907 0.031176 0.192923
0 0.008733 0.504860 0.013059 0.022405 0.187521
0 0.955434 0.433297 0.013298 0.022952 0.159190
0 0.031993 0.498811 0.012236 0.035137 0.153026
0 0.268834 0.486863 0.007457 0.019428 0.138301
0 0.907057 0.480942 0.014927 0.074300 0.135715
0 0.962873 0.436357 0.007392 0.017282 0.130415
0 0.893317 0.476717 0.009754 0.077636 0.128873
0 0.260242 0.489767 0.008729 0.020894 0.124217
0 0.432152 0.456452 0.013107 0.026953 0.124193
0 0.698341 0.484327 0.012132 0.086901 0.121188
0 0.210283 0.485876 0.007175 0.036222 0.119807
0 0.007710 0.502196 0.012687 0.026279 0.111751
0 0.242036 0.499853 0.009688 0.036563 0.098155
0 0.359708 0.519878 0.008906 0.052542 0.095431
0 0.301465 0.487345 0.007356 0.014223 0.092411
0 0.005693 0.537536 0.011387 0.080630 0.091537
0 0.465650 0.477453 0.009502 0.024475 0.090726
0 0.028879 0.500942 0.015531 0.037020 0.087520
0 0.203113 0.487986 0.009009 0.043454 0.084190
0 0.210286 0.496296 0.007097 0.055983 0.065901
0 0.378560 0.519894 0.007694 0.040526 0.062069
0 0.391526 0.467149 0.009574 0.020814 0.061267
0 0.907064 0.467703 0.014601 0.053587 0.052781
0 0.694244 0.489847 0.011979 0.075747 0.046919
0 0.695663 0.485073 0.013021 0.087360 0.045505
0 0.453195 0.468224 0.019098 0.051802 0.045136
0 0.941360 0.447179 0.014356 0.020636 0.043536
0 0.413500 0.461629 0.008324 0.034088 0.036008
7 0.726393 0.507322 0.007647 0.018245 0.033686
0 0.285952 0.511159 0.010050 0.062830 0.032387
0 0.822015 0.445238 0.010722 0.038828 0.030088
0 0.215276 0.481409 0.006089 0.024033 0.028237
0 0.010568 0.508875 0.013659 0.025396 0.028026
0 0.284796 0.490467 0.009964 0.023784 0.027310
0 0.426545 0.482326 0.010270 0.031271 0.027006
0 0.218585 0.486885 0.006390 0.022373 0.027004
0 0.492378 0.475171 0.009884 0.047504 0.026832
0 0.280586 0.513054 0.017076 0.061504 0.026630
0 0.424853 0.457292 0.008418 0.027392 0.026414
0 0.312271 0.480787 0.011005 0.023158 0.025171
0 0.276638 0.512603 0.010621 0.045601 0.017835
0 0.521857 0.454119 0.009350 0.028236 0.016263
