0 0.240688 0.468729 0.053727 0.170530 0.960886
8 0.534182 0.341261 0.056310 0.277891 0.955100
8 0.397064 0.373028 0.033610 0.095578 0.953171
8 0.334715 0.273060 0.089579 0.501954 0.950246
6 0.415782 0.459311 0.046385 0.068302 0.939363
0 0.581875 0.443756 0.019243 0.069758 0.898462
6 0.282531 0.480680 0.019392 0.023497 0.883552
0 0.341007 0.474567 0.025867 0.094896 0.855105
0 0.228870 0.477355 0.006392 0.024520 0.725589
0 0.268994 0.479674 0.010651 0.041197 0.614402
0 0.329976 0.474063 0.008695 0.024087 0.290709
0 0.317537 0.471922 0.009585 0.023498 0.289916
0 0.230583 0.476847 0.008302 0.023473 0.062138
0 0.341585 0.484517 0.023052 0.073409 0.059617
8 0.269744 0.400522 0.036630 0.217986 0.047753
6 0.269073 0.480712 0.011202 0.043069 0.018829
6 0.317726 0.472181 0.009474 0.022554 0.011928
8 0.268599 0.370529 0.036751 0.160087 0.009810
0 0.238637 0.417894 0.010137 0.019975 0.005901
0 0.242838 0.409008 0.006856 0.016909 0.004816
0 0.317526 0.480137 0.009520 0.040097 0.003681
0 0.252499 0.405429 0.017833 0.024411 0.003547
0 0.224483 0.477936 0.005959 0.022080 0.002431
5 0.402446 0.478460 0.015412 0.030443 0.002274
6 0.415437 0.476725 0.039120 0.034727 0.001401
6 0.329976 0.474063 0.008695 0.024087 0.001169
0 0.269833 0.484533 0.009246 0.044296 0.001014
6 0.402446 0.478460 0.015412 0.030443 0.000910
8 0.549406 0.419100 0.025554 0.115129 0.000874
0 0.330209 0.480074 0.008662 0.039013 0.000867
5 0.342118 0.486210 0.020398 0.068519 0.000838
0 0.228888 0.474415 0.008068 0.029166 0.000576
5 0.415437 0.476725 0.039120 0.034727 0.000508
0 0.347743 0.476574 0.015148 0.054618 0.000494
0 0.332620 0.485643 0.010410 0.061277 0.000434
0 0.236296 0.429539 0.013287 0.034005 0.000431
0 0.225709 0.478299 0.008336 0.022072 0.000272
0 0.758863 0.360237 0.455953 0.652309 0.000264
0 0.231950 0.431870 0.015146 0.032868 0.000258
0 0.231421 0.472595 0.009597 0.029993 0.000164
6 0.307249 0.485513 0.028461 0.060459 0.000152
8 0.415630 0.459359 0.046163 0.068846 0.000132
0 0.997954 0.551659 0.004092 0.730804 0.000127
7 0.228870 0.477355 0.006392 0.024520 0.000127
8 0.460519 0.246756 0.105036 0.475671 0.000118
0 0.345581 0.481194 0.019208 0.061450 0.000105
0 0.282659 0.481003 0.019432 0.023720 0.000102
4 0.362286 0.035608 0.032817 0.022444 0.000102
