3 0.185867 0.693788 0.136025 0.421475 0.953423
3 0.478203 0.609936 0.105654 0.244444 0.952292
3 0.422474 0.740836 0.139764 0.482541 0.945573
3 0.365881 0.590641 0.113801 0.223505 0.935524
3 0.027920 0.623688 0.055410 0.166297 0.934161
3 0.112215 0.618752 0.052548 0.153226 0.928873
3 0.309034 0.605205 0.029168 0.120117 0.909543
0 0.747584 0.501875 0.504831 0.975174 0.885597
3 0.756888 0.631518 0.043426 0.272335 0.873848
0 0.176658 0.524314 0.097848 0.309955 0.791864
3 0.136281 0.634050 0.060605 0.284389 0.609029
3 0.272961 0.605989 0.022449 0.117994 0.586840
0 0.237798 0.457722 0.198274 0.910065 0.504359
3 0.758137 0.562233 0.056389 0.085140 0.372651
0 0.160828 0.523712 0.067142 0.311172 0.212188
0 0.232176 0.358861 0.206264 0.649146 0.047230
3 0.123698 0.610683 0.072031 0.225512 0.031072
3 0.762876 0.558371 0.040811 0.078864 0.022240
3 0.149601 0.636583 0.070286 0.317644 0.005378
3 0.139055 0.597333 0.052173 0.208443 0.002406
3 0.000000 0.632090 0.000000 0.250321 0.001538
3 0.755351 0.575196 0.049673 0.063118 0.001295
3 0.000000 0.580466 0.000000 0.244221 0.001063
3 0.000000 0.600891 0.000000 0.116462 0.000969
3 0.154607 0.681740 0.079847 0.372477 0.000584
0 0.757979 0.630548 0.039361 0.277210 0.000583
0 0.027920 0.624046 0.055119 0.166022 0.000576
3 0.750174 0.559421 0.040081 0.088925 0.000529
3 0.000000 0.535734 0.000000 0.274476 0.000415
3 0.451458 0.684352 0.183187 0.371983 0.000401
9 0.309681 0.606885 0.030125 0.124065 0.000395
3 0.000000 0.622769 0.000000 0.116781 0.000391
3 0.014476 0.587731 0.028953 0.220909 0.000387
8 0.185399 0.693793 0.136558 0.423942 0.000329
0 0.273016 0.608694 0.022704 0.119805 0.000292
0 0.422158 0.739953 0.139963 0.481621 0.000288
3 0.000000 0.579921 0.000000 0.100187 0.000256
3 0.000000 0.481653 0.000000 0.245584 0.000252
0 0.014476 0.587731 0.028953 0.220909 0.000248
4 0.309681 0.606885 0.030125 0.124065 0.000240
3 0.000000 0.433055 0.000000 0.225930 0.000219
0 0.001153 0.589801 0.002305 0.257056 0.000212
8 0.422158 0.739953 0.139963 0.481621 0.000203
8 0.364422 0.590803 0.109951 0.224470 0.000176
3 0.000000 0.745256 0.000000 0.321582 0.000173
0 0.000000 0.566842 0.000000 0.247513 0.000156
3 0.000000 0.692159 0.000000 0.120202 0.000152
3 0.124963 0.649465 0.080671 0.248929 0.000145
3 0.000000 0.504284 0.000000 0.056388 0.000145
3 0.000000 0.557030 0.000000 0.080636 0.000139
3 0.000000 0.535927 0.000000 0.085085 0.000135
3 0.000000 0.652701 0.000000 0.106872 0.000131
3 0.013868 0.800613 0.027736 0.339898 0.000128
3 0.000000 0.774699 0.000000 0.104560 0.000127
5 0.309038 0.605516 0.029192 0.120544 0.000113
0 0.309038 0.605516 0.029192 0.120544 0.000113
5 0.364422 0.590803 0.109951 0.224470 0.000113
9 0.364422 0.590803 0.109951 0.224470 0.000109
9 0.000000 0.609876 0.000000 0.118995 0.000108
4 0.422158 0.739953 0.139963 0.481621 0.000107
3 0.000000 0.628083 0.000000 0.161306 0.000104
