0 0.444656 0.575166 0.127913 0.720477 0.802503
0 0.648294 0.672505 0.008169 0.030696 0.580939
4 0.552718 0.683693 0.026439 0.070267 0.078202
0 0.809231 0.649293 0.008884 0.036181 0.008578
8 0.214286 0.528624 0.118611 0.901951 0.005967
4 0.979738 0.520461 0.040453 0.413781 0.004769
0 0.768495 0.653543 0.008827 0.030049 0.004345
9 0.552874 0.684455 0.026974 0.070580 0.003530
8 0.648340 0.673074 0.008202 0.030873 0.000752
0 0.886138 0.557637 0.034931 0.197420 0.000752
0 0.805995 0.651627 0.007959 0.034596 0.000569
6 0.648340 0.673074 0.008202 0.030873 0.000557
6 0.552718 0.683693 0.026439 0.070267 0.000546
9 0.648340 0.673074 0.008202 0.030873 0.000498
4 0.623068 0.800983 0.017490 0.033673 0.000168
0 0.807694 0.653493 0.009166 0.042349 0.000140
4 0.984194 0.373421 0.031613 0.337511 0.000134
0 0.767006 0.656613 0.010896 0.035241 0.000111
5 0.648340 0.673074 0.008202 0.030873 0.000109
8 0.062842 0.293111 0.110579 0.540435 0.000105
