9 0.496206 0.544998 0.115687 0.259223 0.926497
4 0.496206 0.544998 0.115687 0.259223 0.002028
0 0.496206 0.544998 0.115687 0.259223 0.000396
0 0.985135 0.000000 0.029731 0.000000 0.000289
9 0.447245 0.760597 0.012958 0.047918 0.000273
8 0.496206 0.544998 0.115687 0.259223 0.000256
0 0.853945 0.538090 0.018908 0.057584 0.000243
3 0.834849 0.641063 0.048743 0.130559 0.000191
0 0.977072 0.000000 0.028611 0.000000 0.000173
0 0.987593 0.000000 0.024813 0.000000 0.000159
6 0.987593 0.000000 0.024813 0.000000 0.000128
6 0.496206 0.544998 0.115687 0.259223 0.000126
4 0.447245 0.760597 0.012958 0.047918 0.000125
9 0.000069 0.524456 0.000138 0.095469 0.000117
3 0.496206 0.544998 0.115687 0.259223 0.000115
0 0.000000 0.560816 0.000000 0.212562 0.000109
8 0.504409 0.087543 0.073599 0.064097 0.000101
