4 0.603906 0.823408 0.172395 0.305174 0.950532
6 0.941760 0.936711 0.114819 0.081540 0.941744
6 0.783480 0.890995 0.146056 0.101408 0.936792
0 0.203758 0.717896 0.018424 0.077957 0.862173
6 0.984217 0.964758 0.031393 0.070485 0.816046
0 0.272422 0.742685 0.026481 0.080196 0.808973
5 0.364018 0.822278 0.063989 0.097991 0.776861
5 0.380616 0.832533 0.030365 0.076503 0.693322
5 0.272719 0.758480 0.027296 0.050815 0.478470
5 0.216389 0.738884 0.013886 0.046188 0.049513
5 0.272250 0.743268 0.027654 0.081723 0.033660
6 0.997754 0.911600 0.004029 0.021506 0.019738
4 0.586048 0.689714 0.007618 0.013966 0.015906
5 0.280483 0.760651 0.016048 0.046286 0.013377
5 0.185289 0.725860 0.016249 0.039713 0.011104
8 0.668558 0.619065 0.038018 0.055798 0.008169
6 0.968905 0.890473 0.060585 0.077839 0.008051
5 0.376813 0.825152 0.038439 0.091844 0.005664
5 0.269512 0.760116 0.023439 0.045179 0.004893
6 0.999893 0.913092 0.000214 0.064400 0.004362
6 0.999946 0.898463 0.000109 0.089637 0.003618
9 0.999358 0.965074 0.001284 0.069852 0.003540
6 0.999703 0.940267 0.000594 0.119466 0.002918
6 0.999358 0.965074 0.001284 0.069852 0.002412
6 0.999863 0.924751 0.000274 0.083550 0.002140
5 0.214192 0.736130 0.014351 0.047629 0.001978
8 0.586048 0.689714 0.007618 0.013966 0.001907
6 0.603591 0.823426 0.170791 0.306374 0.001788
6 0.996816 0.895227 0.005733 0.055643 0.001785
6 0.992666 0.977067 0.014668 0.045866 0.001703
9 0.992666 0.977067 0.014668 0.045866 0.001576
4 0.588107 0.690270 0.010753 0.014716 0.001560
0 0.219236 0.674173 0.006928 0.022745 0.001560
5 0.204505 0.719221 0.019330 0.079080 0.001455
6 0.984703 0.949832 0.030558 0.100336 0.001373
9 0.999781 0.930179 0.000439 0.134765 0.000824
6 0.999280 0.958516 0.001441 0.082969 0.000643
9 0.999771 0.947555 0.000457 0.104889 0.000598
0 0.999892 0.963323 0.000216 0.073355 0.000553
6 1.000000 0.918102 0.000000 0.131196 0.000523
6 0.997510 0.920158 0.004077 0.042306 0.000507
0 0.369471 0.817712 0.014822 0.089123 0.000447
0 0.176588 0.690590 0.006643 0.033633 0.000430
6 0.998465 0.941694 0.003069 0.113723 0.000409
6 0.956386 0.911958 0.086008 0.118984 0.000386
6 0.987779 0.933113 0.024442 0.133738 0.000369
5 0.282721 0.764878 0.013828 0.042855 0.000366
0 0.210475 0.675325 0.006027 0.020172 0.000343
4 0.997686 0.911168 0.004032 0.022640 0.000342
6 0.995699 0.927950 0.007583 0.059776 0.000336
6 0.586048 0.689714 0.007618 0.013966 0.000335
0 0.643266 0.989021 0.023311 0.018538 0.000309
5 0.997754 0.911600 0.004029 0.021506 0.000305
8 0.681082 0.696398 0.010085 0.015850 0.000300
0 0.376026 0.820689 0.023141 0.094307 0.000294
6 0.997199 0.913680 0.005602 0.133364 0.000289
0 0.207619 0.703398 0.010882 0.052380 0.000266
0 0.992666 0.977067 0.014668 0.045866 0.000252
0 0.998465 0.941694 0.003069 0.113723 0.000244
0 0.999781 0.930179 0.000439 0.134765 0.000237
9 0.999893 0.913092 0.000214 0.064400 0.000230
0 0.216353 0.676445 0.005342 0.020133 0.000230
9 0.999946 0.898463 0.000109 0.089637 0.000220
8 0.997754 0.911600 0.004029 0.021506 0.000200
8 0.136249 0.953156 0.055303 0.093688 0.000199
9 0.603591 0.823426 0.170791 0.306374 0.000198
9 0.999863 0.924751 0.000274 0.083550 0.000183
9 0.997754 0.911600 0.004029 0.021506 0.000177
6 0.591346 1.000000 0.068768 0.000000 0.000173
9 0.664277 1.000000 0.049366 0.000000 0.000171
2 0.603591 0.823426 0.170791 0.306374 0.000168
4 0.681082 0.696398 0.010085 0.015850 0.000144
5 0.210329 0.737081 0.020444 0.045473 0.000141
9 0.968697 0.884306 0.059987 0.066509 0.000134
0 0.999771 0.947555 0.000457 0.104889 0.000133
5 0.284993 0.761576 0.013776 0.042827 0.000132
6 1.000000 0.874661 0.000000 0.121552 0.000131
6 0.968946 1.000000 0.062109 0.000000 0.000122
11 0.272328 0.743237 0.027630 0.081380 0.000117
5 0.219062 0.740729 0.014495 0.048150 0.000117
5 0.268440 0.744682 0.020692 0.066721 0.000114
0 0.003154 0.999633 0.006308 0.000734 0.000110
9 0.591346 1.000000 0.068768 0.000000 0.000109
0 0.997199 0.913680 0.005602 0.133364 0.000108
9 0.965673 0.905103 0.066433 0.103871 0.000107
0 0.177060 0.709067 0.007341 0.064981 0.000104
9 0.828252 1.000000 0.058841 0.000000 0.000104
