4 0.372970 0.441706 0.056183 0.098708 0.962506
4 0.550179 0.167502 0.078379 0.217592 0.944335
5 0.161889 0.699411 0.040592 0.048282 0.919100
6 0.011391 0.775279 0.022781 0.144168 0.906957
5 0.189283 0.696821 0.031998 0.047246 0.898471
9 0.336193 0.677592 0.007591 0.021662 0.635642
9 0.345247 0.677479 0.008441 0.024935 0.599506
9 0.328771 0.676502 0.008386 0.020567 0.595515
9 0.000000 0.768280 0.000000 0.133558 0.097226
9 0.000000 0.755047 0.000000 0.095515 0.060283
9 0.322418 0.669994 0.008910 0.021499 0.041857
9 0.324424 0.675444 0.007946 0.021587 0.025475
9 0.346874 0.677064 0.008553 0.027687 0.019012
5 0.217796 0.679371 0.020229 0.033693 0.013409
9 0.000000 0.734545 0.000000 0.053379 0.012309
9 0.319963 0.664637 0.011825 0.015621 0.009641
6 0.000000 0.766887 0.000000 0.162506 0.008766
5 0.871413 0.738599 0.032746 0.063334 0.005154
2 0.274712 0.454925 0.009723 0.042620 0.003980
4 0.893397 0.664905 0.017575 0.031268 0.003908
9 0.000000 0.786393 0.000000 0.095235 0.002836
9 0.000053 0.752588 0.000107 0.112812 0.002070
4 0.373591 0.637965 0.057611 0.441174 0.001336
6 0.000000 0.755047 0.000000 0.095515 0.001142
8 0.274712 0.454925 0.009723 0.042620 0.001042
9 0.327433 0.670604 0.007598 0.023679 0.000952
5 0.782571 0.731307 0.141661 0.105347 0.000902
9 0.318897 0.672419 0.010517 0.026941 0.000809
9 0.000027 0.740350 0.000054 0.076595 0.000694
9 0.348863 0.677301 0.011369 0.027277 0.000693
6 0.319963 0.664637 0.011825 0.015621 0.000593
0 0.161803 0.699183 0.040205 0.047491 0.000588
4 0.328219 0.676430 0.008625 0.021127 0.000570
5 0.000000 0.755047 0.000000 0.095515 0.000547
5 0.328983 0.676265 0.008209 0.021510 0.000531
5 0.345038 0.677065 0.008497 0.025433 0.000526
9 0.000000 0.805908 0.000000 0.076127 0.000505
5 0.000000 0.727508 0.000000 0.044255 0.000440
6 0.000000 0.768280 0.000000 0.133558 0.000422
9 0.000000 0.820085 0.000000 0.058788 0.000398
9 0.000000 0.720946 0.000000 0.039209 0.000393
6 0.871413 0.738599 0.032746 0.063334 0.000361
4 0.346874 0.677064 0.008553 0.027687 0.000347
0 0.178876 0.679529 0.009132 0.020946 0.000333
11 0.734393 0.728922 0.046496 0.110953 0.000325
5 0.854461 0.739830 0.014426 0.054569 0.000311
6 0.000000 0.734545 0.000000 0.053379 0.000298
9 0.354111 0.676259 0.014413 0.029975 0.000296
0 0.255468 0.222264 0.014878 0.065706 0.000295
9 0.011554 0.777502 0.022801 0.139309 0.000257
4 0.345007 0.677132 0.008375 0.024732 0.000212
6 0.000000 0.805597 0.000000 0.198383 0.000211
6 0.770745 0.729800 0.118019 0.106607 0.000207
8 0.411251 0.460753 0.152533 0.879958 0.000207
5 0.000000 0.720946 0.000000 0.039209 0.000200
8 0.328219 0.676430 0.008625 0.021127 0.000192
9 0.000000 0.831419 0.000000 0.067355 0.000175
9 0.000000 0.846176 0.000000 0.097550 0.000165
9 0.274712 0.454925 0.009723 0.042620 0.000163
5 0.000000 0.768280 0.000000 0.133558 0.000154
5 0.011516 0.775701 0.023032 0.143737 0.000153
6 0.002802 0.762660 0.005603 0.138606 0.000149
6 0.001377 0.747233 0.002754 0.144357 0.000137
4 0.992596 0.258086 0.014808 0.342522 0.000134
8 0.343417 0.093089 0.011109 0.051714 0.000132
5 0.853520 0.733312 0.068434 0.071095 0.000126
9 0.000048 0.861211 0.000096 0.107381 0.000126
9 0.000000 0.707604 0.000000 0.044633 0.000121
1 0.189256 0.696767 0.032277 0.047101 0.000117
4 0.274712 0.454925 0.009723 0.042620 0.000113
8 0.893346 0.663909 0.017377 0.031019 0.000113
0 0.178692 0.695876 0.012466 0.047176 0.000109
6 0.900236 0.750218 0.010838 0.106031 0.000105
1 0.161755 0.699526 0.041017 0.047978 0.000104
