6 0.498594 0.305419 0.302761 0.200241 0.959456
5 0.151633 0.447056 0.302452 0.398016 0.957147
6 0.250710 0.206454 0.056116 0.047058 0.893238
6 0.036280 0.210172 0.072559 0.132012 0.853380
4 0.377504 0.161142 0.018714 0.037157 0.831769
6 0.216614 0.210171 0.024440 0.041228 0.305912
0 0.217040 0.203724 0.022167 0.053054 0.253858
4 0.333561 0.187453 0.008854 0.014255 0.081569
5 0.216315 0.211394 0.023823 0.038727 0.017368
0 0.290956 0.209916 0.015729 0.041136 0.008852
0 0.216630 0.211540 0.023451 0.040085 0.003658
6 0.393936 0.214162 0.023663 0.023751 0.002340
6 0.026084 0.392844 0.051531 0.167336 0.002281
5 0.000000 0.343944 0.000000 0.140936 0.001659
6 0.040436 0.236780 0.080871 0.184008 0.001517
6 0.025486 0.374647 0.050150 0.236056 0.001465
5 0.000000 0.413187 0.000000 0.128823 0.001375
11 0.151368 0.447573 0.302018 0.396429 0.001244
9 0.000000 0.236136 0.000000 0.105702 0.001007
6 0.000000 0.396259 0.000000 0.212691 0.001005
9 0.000431 0.195677 0.000861 0.119345 0.000893
5 0.030739 0.458127 0.061171 0.260969 0.000748
9 0.000514 0.218956 0.001028 0.128338 0.000712
8 0.231242 0.000000 0.039553 0.000000 0.000607
9 0.000000 0.343944 0.000000 0.140936 0.000603
9 0.000154 0.174567 0.000308 0.102400 0.000587
4 0.333466 0.185225 0.010662 0.017702 0.000576
6 0.218518 0.202712 0.019494 0.056043 0.000565
4 0.323348 0.172617 0.008158 0.021662 0.000531
5 0.000182 0.367798 0.000364 0.127368 0.000513
8 0.184587 0.000034 0.029882 0.000069 0.000461
6 0.000015 0.261551 0.000031 0.255061 0.000448
6 0.040015 0.291038 0.078759 0.285690 0.000446
6 0.151656 0.448580 0.302697 0.396343 0.000442
5 0.000000 0.314248 0.000000 0.107817 0.000432
6 0.000037 0.221838 0.000074 0.191756 0.000427
8 0.177144 0.000000 0.027116 0.000000 0.000416
4 0.204608 0.102425 0.034812 0.204851 0.000397
9 0.000000 0.494819 0.000000 0.151283 0.000361
5 0.000000 0.434811 0.000000 0.129446 0.000356
8 0.789524 0.000000 0.051477 0.000000 0.000353
8 0.169815 0.000000 0.028396 0.000000 0.000343
8 0.190098 0.000000 0.032699 0.000000 0.000319
8 0.219196 0.000000 0.040324 0.000000 0.000299
6 0.050325 0.362624 0.099734 0.315466 0.000296
6 0.023514 0.287625 0.047029 0.279742 0.000292
11 0.054236 0.375541 0.108185 0.294106 0.000281
6 0.000000 0.348312 0.000000 0.250281 0.000270
6 0.000000 0.307163 0.000000 0.249208 0.000259
5 0.000074 0.298161 0.000148 0.087054 0.000255
5 0.059651 0.454289 0.118355 0.256419 0.000252
8 0.162663 0.000000 0.030045 0.000000 0.000251
5 0.000000 0.481407 0.000000 0.141764 0.000245
9 0.000000 0.314248 0.000000 0.107817 0.000244
9 0.000000 0.413187 0.000000 0.128823 0.000243
6 0.034933 0.415637 0.069060 0.193232 0.000240
4 0.332608 0.188427 0.010969 0.017898 0.000224
8 0.243533 0.000000 0.035301 0.000000 0.000218
6 0.240652 0.203072 0.078383 0.049395 0.000217
9 0.000198 0.096826 0.000397 0.111101 0.000213
6 0.000000 0.188077 0.000000 0.185488 0.000211
8 0.357791 0.000000 0.028027 0.000000 0.000210
8 0.207380 0.000000 0.036921 0.000000 0.000208
8 0.200835 0.000000 0.037961 0.000000 0.000201
9 0.000074 0.298161 0.000148 0.087054 0.000201
9 0.000105 0.148565 0.000209 0.086449 0.000199
5 0.000000 0.228427 0.000000 0.115018 0.000185
8 0.400343 0.000000 0.033763 0.000000 0.000183
8 0.394904 0.000000 0.032352 0.000000 0.000183
9 0.994296 0.359616 0.011407 0.021860 0.000176
6 0.000154 0.174567 0.000308 0.102400 0.000172
5 0.000083 0.262953 0.000165 0.100617 0.000168
8 0.364757 0.000000 0.027556 0.000000 0.000166
9 0.000000 0.514754 0.000000 0.145422 0.000163
6 0.000105 0.148565 0.000209 0.086449 0.000163
9 0.000182 0.367798 0.000364 0.127368 0.000158
1 0.151389 0.447606 0.302040 0.398087 0.000158
5 0.029758 0.537133 0.059516 0.112307 0.000157
8 0.284504 0.000000 0.024148 0.000000 0.000157
8 0.803599 0.000000 0.040009 0.000000 0.000157
6 0.000431 0.195677 0.000861 0.119345 0.000156
9 0.000413 0.078856 0.000826 0.109376 0.000154
0 0.151389 0.447606 0.302040 0.398087 0.000152
8 0.331770 0.000000 0.043091 0.000000 0.000145
9 0.000083 0.262953 0.000165 0.100617 0.000143
6 0.000000 0.436616 0.000000 0.244135 0.000141
5 0.043141 0.436977 0.085164 0.225148 0.000140
6 0.030223 0.450000 0.059785 0.262321 0.000139
2 0.151389 0.447606 0.302040 0.398087 0.000136
6 0.017484 0.154308 0.034968 0.225980 0.000136
5 0.052953 0.395047 0.105301 0.294707 0.000135
8 0.413067 0.000000 0.028748 0.000000 0.000135
8 0.256631 0.000000 0.035821 0.000000 0.000134
9 0.999737 0.366262 0.000527 0.120844 0.000133
5 0.000793 0.207214 0.001586 0.129880 0.000133
8 0.291817 0.000000 0.031942 0.000000 0.000131
8 0.421088 0.000000 0.023778 0.000000 0.000131
9 0.000000 0.434811 0.000000 0.129446 0.000130
5 0.000000 0.436616 0.000000 0.244135 0.000129
9 0.999741 0.339732 0.000517 0.089897 0.000127
