0 0.159718 0.498971 0.086750 0.255484 0.958473
0 0.965551 0.421822 0.053508 0.215814 0.941701
9 0.307883 0.491953 0.038524 0.061745 0.919385
0 0.853281 0.420840 0.021203 0.108346 0.918063
6 0.558714 0.428804 0.043734 0.029511 0.810934
6 0.451289 0.438690 0.035835 0.022982 0.768667
6 0.934247 0.396116 0.059463 0.030700 0.703593
6 0.493903 0.439793 0.051249 0.034720 0.622115
0 0.995057 0.409172 0.009887 0.186981 0.564154
0 0.995022 0.376031 0.009912 0.119817 0.509920
6 0.484476 0.440606 0.032841 0.031271 0.329038
6 0.822166 0.410508 0.028349 0.022071 0.252154
0 0.995147 0.414963 0.009706 0.200334 0.071513
6 0.995161 0.413262 0.009678 0.195909 0.009628
6 0.504409 0.453653 0.072374 0.061012 0.006584
6 0.994921 0.373920 0.010159 0.115877 0.005340
0 0.991234 0.417654 0.017533 0.208300 0.003478
6 0.979632 0.377029 0.038760 0.046782 0.002295
2 0.995161 0.413262 0.009678 0.195909 0.001690
0 0.726407 0.415990 0.008517 0.015168 0.001298
6 0.509898 0.460083 0.061255 0.062763 0.001275
6 0.970770 0.388252 0.054764 0.041832 0.000890
6 0.390765 0.444127 0.017884 0.018549 0.000634
6 0.446210 0.437580 0.025314 0.021155 0.000614
0 0.996700 0.418786 0.006599 0.165258 0.000530
0 0.996295 0.363610 0.007411 0.117469 0.000401
0 0.997512 0.412955 0.004976 0.201156 0.000371
6 0.984878 0.357978 0.030036 0.074667 0.000277
9 0.995542 0.365906 0.008916 0.109128 0.000268
6 0.308235 0.491830 0.038583 0.062076 0.000252
6 0.999708 0.377927 0.000584 0.121970 0.000248
2 0.479539 1.000000 0.041653 0.000000 0.000245
6 0.979481 0.392899 0.035409 0.043573 0.000244
9 0.995147 0.414963 0.009706 0.200334 0.000195
3 0.121660 0.520538 0.034023 0.063674 0.000193
9 0.000072 0.493765 0.000144 0.063759 0.000184
2 0.692963 1.000000 0.038631 0.000000 0.000181
9 0.000116 0.529853 0.000231 0.066261 0.000178
2 0.699521 1.000000 0.036502 0.000000 0.000169
2 0.466084 1.000000 0.036697 0.000000 0.000160
6 0.996295 0.363610 0.007411 0.117469 0.000158
6 0.519113 0.465686 0.043742 0.046335 0.000154
9 0.000097 0.483951 0.000193 0.060548 0.000152
9 0.000153 0.549576 0.000305 0.065682 0.000144
9 0.000050 0.506765 0.000101 0.065064 0.000142
2 0.706636 1.000000 0.032552 0.000000 0.000123
9 0.000000 0.516520 0.000000 0.208308 0.000122
2 0.491209 1.000000 0.040366 0.000000 0.000119
6 0.993709 0.362252 0.011453 0.101931 0.000119
6 0.380939 0.443324 0.034687 0.019068 0.000118
2 0.323974 1.000000 0.043237 0.000000 0.000115
0 0.990723 0.999763 0.018554 0.000474 0.000108
4 0.307862 0.492050 0.038578 0.062254 0.000108
5 0.451326 0.438937 0.037019 0.023724 0.000106
