2 0.230937 0.704050 0.115014 0.248952 0.903537
2 0.327437 0.380058 0.032899 0.050680 0.871744
2 0.011166 0.448531 0.021541 0.099831 0.531890
2 0.010961 0.473255 0.021662 0.149781 0.415312
2 0.423682 0.367174 0.024520 0.039846 0.012623
2 0.011626 0.524000 0.022834 0.254745 0.005339
2 0.625665 0.530731 0.018198 0.035244 0.001970
2 0.128661 0.541249 0.036345 0.090850 0.001195
2 0.001472 0.506270 0.002944 0.211752 0.000621
2 0.013503 0.551675 0.027006 0.318768 0.000595
2 0.000000 0.523557 0.000000 0.241364 0.000443
2 0.006959 0.492203 0.013917 0.188784 0.000298
2 0.194799 0.364621 0.044962 0.090157 0.000250
2 0.128992 0.557312 0.037906 0.124842 0.000246
2 0.423749 0.402443 0.023481 0.113622 0.000228
4 0.327247 0.380019 0.032862 0.050966 0.000226
2 0.487413 0.383186 0.031495 0.054038 0.000217
2 0.008122 0.451794 0.016244 0.110671 0.000208
8 0.327166 0.380214 0.033186 0.050864 0.000193
2 0.097540 0.404345 0.030840 0.088169 0.000188
1 0.013503 0.551675 0.027006 0.318768 0.000163
2 0.011565 0.480757 0.023131 0.164556 0.000128
2 0.711035 0.533026 0.019761 0.068357 0.000121
9 0.000000 0.487615 0.000000 0.120784 0.000108
2 0.129001 0.628625 0.041190 0.267115 0.000107
0 0.230684 0.704299 0.114178 0.246627 0.000101
