6 0.454996 0.771834 0.129280 0.162380 0.958448
6 0.522679 0.749310 0.059291 0.102564 0.943677
4 0.721306 0.580307 0.030434 0.053353 0.940450
4 0.751701 0.529701 0.023053 0.072078 0.929068
5 0.602977 0.725926 0.030977 0.034083 0.850030
5 0.622596 0.722116 0.025102 0.032953 0.809021
4 0.017028 0.505180 0.032059 0.093772 0.017018
8 0.778044 0.436516 0.124026 0.748297 0.015965
4 0.724042 0.672013 0.031694 0.243399 0.000512
2 0.017028 0.505180 0.032059 0.093772 0.000478
0 0.622836 0.721323 0.024427 0.035826 0.000418
8 0.829648 0.423160 0.229464 0.778837 0.000335
8 0.002634 0.118248 0.005268 0.236495 0.000230
7 0.016619 0.505595 0.031848 0.094624 0.000225
8 0.910546 0.101940 0.151962 0.203881 0.000224
3 0.622131 0.722693 0.022506 0.030600 0.000198
6 0.602939 0.725881 0.030960 0.034221 0.000180
2 0.602939 0.725881 0.030960 0.034221 0.000157
2 0.622799 0.722497 0.025146 0.033560 0.000149
3 0.602939 0.725881 0.030960 0.034221 0.000132
8 0.004320 0.165401 0.008641 0.321876 0.000109
