0 0.211537 0.819192 0.054817 0.220178 0.958679
0 0.599401 0.795326 0.037670 0.167000 0.949056
0 0.455060 0.805220 0.030306 0.153363 0.935673
0 0.393830 0.828098 0.050425 0.194222 0.933856
0 0.520655 0.799860 0.029448 0.150676 0.932677
0 0.408183 0.799085 0.033294 0.178751 0.927244
0 0.133314 0.830971 0.057061 0.248431 0.916437
6 0.658795 0.777400 0.068064 0.060595 0.900137
0 0.300480 0.808942 0.041001 0.207483 0.884792
0 0.260670 0.824384 0.017951 0.071875 0.884173
0 0.329177 0.827491 0.024484 0.066399 0.849995
6 0.105266 0.813946 0.022181 0.032231 0.795935
6 0.048921 0.808139 0.021107 0.022255 0.330201
6 0.370744 0.796064 0.017722 0.044603 0.128735
6 0.498188 0.787924 0.025842 0.051333 0.040088
7 0.738909 0.877370 0.028012 0.041098 0.039262
0 0.279852 0.837035 0.014668 0.043487 0.023930
6 0.370899 0.777601 0.017384 0.083703 0.009368
6 0.058946 0.811105 0.045884 0.030286 0.006159
6 0.052615 0.809634 0.030541 0.025707 0.005580
7 0.755204 0.772179 0.010201 0.032307 0.004899
0 0.467231 0.804250 0.008939 0.080321 0.003555
0 0.286189 0.837912 0.024938 0.042657 0.002958
0 0.131149 0.884198 0.053036 0.139804 0.002427
6 0.442785 0.788818 0.009982 0.034668 0.001680
9 0.442785 0.788818 0.009982 0.034668 0.001469
3 0.286723 0.837820 0.025091 0.042599 0.001335
0 0.275363 0.834851 0.015419 0.044205 0.001118
4 0.010588 0.707081 0.019118 0.022794 0.000829
7 0.744259 0.879652 0.040364 0.043563 0.000645
5 0.442785 0.788818 0.009982 0.034668 0.000627
6 0.443685 0.781431 0.009240 0.048434 0.000577
0 0.264740 0.824428 0.021557 0.069944 0.000561
0 0.996542 0.828434 0.006917 0.151021 0.000540
0 0.255554 0.818766 0.013472 0.079839 0.000538
0 0.000000 0.838703 0.000000 0.284894 0.000528
0 0.319290 0.814807 0.017002 0.078769 0.000464
0 0.282168 0.816806 0.019713 0.068641 0.000459
0 0.320025 0.816212 0.024259 0.083871 0.000446
10 0.105359 0.814427 0.022537 0.032747 0.000422
9 0.443685 0.781431 0.009240 0.048434 0.000387
7 0.442785 0.788818 0.009982 0.034668 0.000362
3 0.275671 0.830555 0.069485 0.070479 0.000342
5 0.105148 0.814722 0.022834 0.034319 0.000284
3 0.271127 0.812161 0.090834 0.118999 0.000248
6 0.442619 0.795945 0.010613 0.044043 0.000239
0 0.154492 0.798486 0.009528 0.042041 0.000234
7 0.286880 0.838711 0.024640 0.041956 0.000233
9 0.424828 0.785313 0.021996 0.026162 0.000228
0 0.280274 0.823809 0.018037 0.067196 0.000209
9 0.441009 0.788702 0.012557 0.030233 0.000202
9 0.442619 0.795945 0.010613 0.044043 0.000198
0 0.446699 0.762902 0.013031 0.063748 0.000189
0 0.327871 0.792010 0.027838 0.138759 0.000184
6 0.424828 0.785313 0.021996 0.026162 0.000177
6 0.315625 0.792859 0.089891 0.139767 0.000175
0 0.995278 0.801513 0.009443 0.367224 0.000171
5 0.443685 0.781431 0.009240 0.048434 0.000166
7 0.243270 0.765457 0.014721 0.029359 0.000155
6 0.367451 0.793514 0.021132 0.049624 0.000153
6 0.421033 0.796248 0.023572 0.044645 0.000153
0 0.306534 0.818135 0.018230 0.025326 0.000152
0 0.253559 0.812780 0.010771 0.074556 0.000151
6 0.440245 0.757776 0.022990 0.059920 0.000150
0 0.287853 0.793629 0.013415 0.041240 0.000148
7 0.745193 0.871929 0.018190 0.029853 0.000147
0 0.151710 0.832223 0.094028 0.254246 0.000129
0 0.614756 0.763949 0.006609 0.072806 0.000128
0 0.999725 0.827348 0.000549 0.169158 0.000127
6 0.266777 0.809937 0.020320 0.045903 0.000122
6 0.441009 0.788702 0.012557 0.030233 0.000120
4 0.442785 0.788818 0.009982 0.034668 0.000118
5 0.442619 0.795945 0.010613 0.044043 0.000118
9 0.421033 0.796248 0.023572 0.044645 0.000116
0 0.322737 0.785183 0.039217 0.152816 0.000112
0 0.002461 0.847226 0.004921 0.290592 0.000111
8 0.442785 0.788818 0.009982 0.034668 0.000109
3 0.258780 0.799571 0.137722 0.178474 0.000106
