2 0.707583 0.497545 0.018918 0.027880 0.007450
2 0.979575 0.696042 0.013433 0.102929 0.001485
2 0.776494 0.073796 0.045997 0.104415 0.000423
0 0.475039 0.703845 0.039720 0.113745 0.000268
2 0.349772 0.544795 0.013192 0.016458 0.000217
2 0.566589 0.601112 0.024239 0.065114 0.000203
2 0.375012 0.546352 0.007906 0.022611 0.000170
3 0.968863 0.509930 0.023963 0.106846 0.000157
8 0.183563 0.040822 0.025481 0.016199 0.000135
0 0.875738 0.523515 0.030836 0.134475 0.000133
2 0.968863 0.509930 0.023963 0.106846 0.000123
4 0.267506 0.081081 0.406702 0.162161 0.000115
8 0.925157 0.553881 0.041620 0.218756 0.000110
10 0.602302 0.513616 0.020171 0.037135 0.000109
2 0.865335 0.141334 0.022604 0.038906 0.000103
