0 0.294359 0.556905 0.049748 0.177173 0.961433
0 0.403860 0.564243 0.031100 0.097471 0.945030
0 0.160256 0.551677 0.023537 0.084935 0.936914
0 0.783998 0.578417 0.018650 0.075734 0.897520
8 0.353069 0.407272 0.027302 0.387657 0.854404
4 0.009989 0.469861 0.014144 0.022440 0.828090
5 0.782344 0.597242 0.015186 0.038146 0.740757
4 0.009010 0.496684 0.015479 0.087465 0.010346
5 0.781052 0.595431 0.020730 0.035784 0.001511
9 0.000031 0.600020 0.000062 0.113258 0.001199
9 0.000098 0.583379 0.000195 0.101538 0.001086
9 0.000127 0.566842 0.000254 0.080142 0.000872
8 0.758728 0.432200 0.011431 0.026334 0.000871
9 0.000101 0.552498 0.000202 0.076952 0.000823
9 0.000000 0.528104 0.000000 0.055769 0.000676
9 0.000022 0.542129 0.000043 0.079061 0.000626
9 0.000000 0.509313 0.000000 0.053473 0.000596
9 0.000049 0.623994 0.000099 0.103298 0.000498
9 0.000000 0.494099 0.000000 0.067892 0.000478
9 0.000000 0.574111 0.000000 0.264690 0.000328
9 0.000055 0.663701 0.000109 0.107242 0.000320
9 0.000075 0.642918 0.000151 0.095492 0.000303
0 0.395424 0.553666 0.014204 0.060309 0.000285
8 0.338509 0.407500 0.055953 0.388832 0.000266
4 0.001886 0.480013 0.003772 0.147230 0.000259
5 0.785606 0.594353 0.021941 0.042846 0.000257
8 0.380077 0.408611 0.084916 0.388384 0.000227
4 0.000000 0.496852 0.000000 0.144642 0.000227
5 0.784129 0.578134 0.018887 0.074941 0.000213
0 0.352895 0.407792 0.025960 0.393060 0.000212
8 0.002159 0.432652 0.004318 0.260952 0.000207
6 0.399736 0.543769 0.017988 0.055113 0.000193
9 0.000037 0.688458 0.000073 0.120474 0.000185
3 0.353251 0.407634 0.026978 0.392146 0.000180
0 0.397365 0.546415 0.016124 0.057091 0.000171
9 0.000000 0.627712 0.000000 0.310511 0.000170
0 0.000000 0.558793 0.000000 0.261488 0.000140
6 0.782344 0.597242 0.015186 0.038146 0.000118
9 0.000000 0.479934 0.000000 0.045427 0.000116
8 0.002764 0.389984 0.005529 0.357838 0.000115
4 0.352821 0.408481 0.027118 0.391230 0.000111
4 0.009788 0.480022 0.014799 0.042784 0.000111
9 0.000000 0.593755 0.000000 0.165146 0.000109
8 0.830564 0.000000 0.052534 0.000000 0.000104
