8 0.076759 0.317703 0.146793 0.460448 0.969471
6 0.174880 0.580238 0.072035 0.065095 0.930502
9 0.236460 0.604008 0.022804 0.053391 0.921195
6 0.268880 0.585867 0.039264 0.040690 0.900151
0 0.291907 0.593645 0.014301 0.053641 0.886683
8 0.297833 0.396597 0.078551 0.133406 0.645119
8 0.434290 0.534020 0.033215 0.110848 0.627109
0 0.317431 0.599103 0.010540 0.065073 0.549488
8 0.253910 0.509709 0.039050 0.116967 0.494197
8 0.168635 0.470540 0.051739 0.146445 0.387083
5 0.291676 0.604349 0.014924 0.035811 0.355739
5 0.317892 0.615413 0.011423 0.033780 0.297397
8 0.460817 0.547867 0.031255 0.081522 0.153687
8 0.297991 0.356216 0.077482 0.052404 0.029603
8 0.460573 0.532120 0.030788 0.051993 0.015621
8 0.298001 0.476445 0.079462 0.292481 0.010355
6 0.495951 0.635008 0.014095 0.017650 0.004306
0 0.291676 0.604349 0.014924 0.035811 0.004127
4 0.055461 0.379585 0.042449 0.077424 0.003402
8 0.460401 0.522139 0.030393 0.032033 0.002961
8 0.297849 0.373599 0.078409 0.087708 0.002893
8 0.253934 0.468811 0.039313 0.033145 0.001799
8 0.168780 0.430540 0.051138 0.066954 0.001235
9 0.000153 0.572469 0.000305 0.070654 0.001125
5 0.292298 0.598142 0.014815 0.057559 0.000926
9 0.000164 0.550138 0.000328 0.039848 0.000856
9 0.000223 0.590355 0.000447 0.069348 0.000662
9 0.000194 0.542119 0.000388 0.030899 0.000555
9 0.000176 0.600933 0.000351 0.062092 0.000512
5 0.314523 0.614018 0.011813 0.031315 0.000507
6 0.302197 0.583944 0.010710 0.027014 0.000495
4 0.055256 0.412033 0.043790 0.146517 0.000370
3 0.291317 0.606365 0.015274 0.033336 0.000248
9 0.000247 0.531427 0.000493 0.035725 0.000244
6 0.291676 0.604349 0.014924 0.035811 0.000218
8 0.109056 0.386705 0.051395 0.330332 0.000170
5 0.311774 0.610008 0.009224 0.026169 0.000140
5 0.291385 0.610660 0.015224 0.035709 0.000135
9 0.000000 0.564566 0.000000 0.083711 0.000131
0 0.000000 0.549148 0.000000 0.181273 0.000127
3 0.291691 0.598537 0.014704 0.046985 0.000123
1 0.291691 0.598537 0.014704 0.046985 0.000114
5 0.320889 0.616302 0.016659 0.033206 0.000107
6 0.309653 0.583049 0.008618 0.022177 0.000104
8 0.000000 0.347857 0.000000 0.268324 0.000102
