2 0.586601 0.414134 0.071349 0.110893 0.943374
2 0.022681 0.409061 0.044838 0.060955 0.925682
2 0.134188 0.678428 0.024242 0.093032 0.881566
2 0.717090 0.297845 0.059271 0.085196 0.858506
2 0.891026 0.344932 0.059142 0.126359 0.394649
2 0.038839 0.700503 0.027892 0.115297 0.251045
2 0.993235 0.333500 0.012888 0.077090 0.218370
2 0.972397 0.732307 0.054551 0.148882 0.063111
2 0.891025 0.324243 0.058501 0.083943 0.054899
2 0.907740 0.460542 0.035254 0.065645 0.007178
2 0.907495 0.474704 0.035975 0.095593 0.001686
2 0.993712 0.317079 0.012037 0.043949 0.001456
2 0.005910 0.417758 0.011821 0.083340 0.001440
2 0.891431 0.384959 0.060171 0.204500 0.001116
2 0.908376 0.504874 0.037819 0.156060 0.000985
2 0.709671 0.548382 0.023231 0.096649 0.000869
2 0.978902 0.554300 0.037376 0.155898 0.000673
2 0.698717 0.533981 0.039791 0.129977 0.000519
2 0.021689 0.723380 0.043378 0.184141 0.000407
2 0.913682 0.460315 0.023072 0.065113 0.000358
2 0.994203 0.309423 0.011263 0.033585 0.000344
2 0.016048 0.696875 0.032097 0.171994 0.000260
2 0.999237 0.335164 0.001526 0.083466 0.000192
8 0.738891 0.000000 0.035142 0.000000 0.000190
2 0.977876 0.591538 0.038718 0.232228 0.000189
9 0.000000 0.405368 0.000000 0.072845 0.000162
2 0.001232 0.451953 0.002464 0.151726 0.000155
2 0.993472 0.321434 0.013057 0.103265 0.000136
2 0.020339 0.455068 0.040677 0.157465 0.000132
2 0.897902 0.490181 0.016257 0.066892 0.000131
2 0.988345 0.395333 0.023310 0.207442 0.000113
2 0.984064 0.333850 0.030612 0.077722 0.000112
2 0.027797 0.699131 0.048897 0.118148 0.000106
5 0.000000 0.405368 0.000000 0.072845 0.000103
