0 0.702020 0.820435 0.101713 0.356151 0.964379
0 0.800895 0.806646 0.114789 0.385261 0.963716
8 0.270286 0.753653 0.038431 0.197989 0.903627
0 0.211795 0.858519 0.014948 0.065389 0.896601
4 0.498935 0.533645 0.116810 0.219684 0.895232
6 0.008216 0.952990 0.016432 0.094021 0.884499
6 0.402407 0.803386 0.023386 0.018304 0.851989
0 0.367281 0.823104 0.013487 0.047484 0.828090
5 0.368964 0.834202 0.017052 0.033095 0.783426
4 0.322051 0.778649 0.015643 0.032435 0.776276
4 0.262325 0.781734 0.022283 0.047965 0.605355
4 0.463168 0.722325 0.025511 0.054673 0.529982
8 0.024246 0.683401 0.043442 0.453835 0.224511
0 0.331374 0.821611 0.006278 0.024615 0.088030
0 0.435837 0.797931 0.008385 0.030662 0.075938
6 0.303097 0.826451 0.019079 0.025319 0.043673
0 0.369449 0.823274 0.013923 0.042986 0.038927
0 0.317904 0.823690 0.007291 0.019359 0.016176
9 0.000173 0.933246 0.000347 0.090842 0.010022
8 0.270259 0.689271 0.037824 0.067836 0.009304
8 0.450339 0.739155 0.044264 0.160753 0.007995
9 0.000080 0.914239 0.000160 0.095385 0.007625
9 0.000000 0.956249 0.000000 0.087501 0.007019
6 0.316803 0.824088 0.007471 0.019073 0.006793
6 0.000540 0.933807 0.001079 0.132386 0.006724
0 0.352636 0.814113 0.005311 0.025865 0.006322
8 0.323048 0.782848 0.015607 0.043998 0.005558
6 0.413626 0.795802 0.010508 0.023259 0.004570
8 0.498590 0.533222 0.117860 0.220482 0.003751
6 0.000000 0.895314 0.000000 0.209372 0.003575
6 0.300482 0.828438 0.023338 0.027373 0.003261
9 0.000014 0.897987 0.000028 0.099670 0.003175
6 0.410081 0.800110 0.014006 0.021127 0.002952
9 0.000493 0.968731 0.000986 0.062538 0.002755
4 0.344281 0.012702 0.065200 0.025404 0.002691
8 0.328836 0.762216 0.022983 0.128068 0.001659
8 0.261740 0.802303 0.020270 0.087334 0.001438
0 0.369026 0.818653 0.011468 0.053029 0.001345
8 0.412186 0.299665 0.207335 0.582909 0.001252
6 0.004032 0.946849 0.008064 0.096474 0.001058
0 0.353387 0.817370 0.006428 0.026434 0.001047
5 0.211732 0.858422 0.013668 0.062925 0.001046
4 0.323048 0.782848 0.015607 0.043998 0.001021
0 0.369158 0.831939 0.015829 0.035452 0.000937
3 0.498590 0.533222 0.117860 0.220482 0.000923
9 0.000040 0.948200 0.000080 0.103600 0.000788
8 0.329351 0.741813 0.021381 0.086228 0.000709
6 0.417041 0.800546 0.012919 0.017602 0.000645
9 0.000000 0.870238 0.000000 0.094230 0.000624
8 0.450482 0.709833 0.049430 0.094131 0.000593
9 0.000284 0.928621 0.000569 0.142757 0.000573
5 0.370347 0.827941 0.017385 0.039626 0.000567
4 0.502134 0.766829 0.009892 0.026021 0.000566
5 0.365587 0.832237 0.022256 0.038695 0.000497
5 0.209621 0.864703 0.015074 0.048500 0.000487
0 0.358824 0.827935 0.011206 0.036840 0.000453
9 0.498590 0.533222 0.117860 0.220482 0.000441
9 0.001738 0.999753 0.003475 0.000493 0.000439
6 0.499301 0.533504 0.116519 0.219602 0.000431
8 0.009133 0.725845 0.018266 0.548309 0.000426
5 0.436294 0.797691 0.009416 0.030817 0.000412
9 0.000003 0.855355 0.000006 0.082464 0.000411
8 0.976137 0.000000 0.045793 0.000000 0.000407
0 0.025461 0.706498 0.045518 0.501854 0.000399
5 0.262231 0.781576 0.021976 0.047339 0.000387
0 0.350376 0.816293 0.016941 0.037090 0.000374
6 0.005416 0.952162 0.010831 0.095676 0.000369
0 0.319063 0.822833 0.007434 0.019624 0.000358
8 0.023534 0.556345 0.044478 0.202675 0.000352
4 0.263163 0.800477 0.020884 0.088199 0.000348
2 0.498590 0.533222 0.117860 0.220482 0.000342
6 0.350376 0.816293 0.016941 0.037090 0.000341
6 0.002222 0.881282 0.004445 0.237436 0.000326
6 0.002384 0.766205 0.004767 0.467591 0.000305
11 0.368468 0.834491 0.017045 0.035174 0.000285
9 0.008358 0.953430 0.016585 0.093139 0.000284
6 0.406460 0.794482 0.019872 0.026527 0.000283
8 0.325237 0.806681 0.017708 0.067719 0.000279
6 0.369158 0.831939 0.015829 0.035452 0.000276
5 0.008148 0.952469 0.016297 0.095062 0.000268
6 0.631025 0.565285 0.027710 0.092198 0.000250
0 0.371832 0.820791 0.016435 0.042429 0.000244
8 0.357022 0.759257 0.016860 0.067998 0.000243
6 0.019544 1.000000 0.036299 0.000000 0.000240
6 0.369449 0.823274 0.013923 0.042986 0.000233
0 0.470067 0.791391 0.007552 0.027950 0.000226
8 0.463168 0.722325 0.025511 0.054673 0.000225
9 0.000900 0.987509 0.001801 0.024982 0.000223
9 0.000115 0.837783 0.000231 0.081739 0.000220
6 0.318842 0.822769 0.007487 0.020113 0.000219
6 0.296983 0.830009 0.015775 0.029398 0.000212
8 0.052352 0.682086 0.099149 0.447865 0.000212
6 0.000314 0.945903 0.000628 0.102858 0.000211
4 0.356755 0.779449 0.012773 0.026824 0.000200
9 0.368468 0.834491 0.017045 0.035174 0.000198
0 0.675019 1.000000 0.046812 0.000000 0.000194
8 0.323531 0.779254 0.018034 0.031836 0.000180
9 0.023169 1.000000 0.041955 0.000000 0.000173
6 0.838049 1.000000 0.042237 0.000000 0.000173
3 0.368964 0.834202 0.017052 0.033095 0.000165
