2 0.637497 0.644949 0.363067 0.461923 0.960006
2 0.900273 0.614240 0.190365 0.446565 0.930591
4 0.368638 0.375143 0.011892 0.025696 0.424410
2 0.581558 0.444217 0.023083 0.020416 0.197239
2 0.959349 0.586107 0.080886 0.454476 0.174347
0 0.236446 0.370623 0.009579 0.021631 0.034169
9 0.368507 0.375496 0.012056 0.026265 0.017760
0 0.230004 0.871640 0.073415 0.256200 0.004346
0 0.368514 0.375129 0.011944 0.026126 0.002541
2 0.230004 0.871640 0.073415 0.256200 0.001473
2 0.581427 0.440502 0.024620 0.028708 0.000453
0 0.004550 0.367809 0.008120 0.035650 0.000354
2 0.763588 0.435790 0.040183 0.039790 0.000257
2 0.958936 0.503062 0.081828 0.287091 0.000249
2 0.998180 0.404434 0.003641 0.111093 0.000229
0 0.240163 0.372714 0.010646 0.022895 0.000222
2 0.142467 0.787749 0.250521 0.424503 0.000217
4 0.371139 0.359750 0.016574 0.036272 0.000190
2 0.999145 0.395095 0.001709 0.084473 0.000184
2 0.581218 0.451749 0.024066 0.035784 0.000182
2 0.989910 0.556683 0.020179 0.263151 0.000175
0 0.522205 0.251863 0.029447 0.107102 0.000174
2 1.000000 0.407378 0.000000 0.141843 0.000144
2 0.998056 0.433123 0.003888 0.147579 0.000114
2 0.987759 0.524756 0.024483 0.287413 0.000106
