2 0.413425 0.712380 0.197900 0.322731 0.962004
2 0.797360 0.391760 0.066972 0.071548 0.946806
2 0.170680 0.408750 0.075315 0.048673 0.922641
2 0.027300 0.681940 0.054599 0.385278 0.907865
2 0.313066 0.209837 0.007573 0.013434 0.670688
2 0.324642 0.211298 0.008724 0.013109 0.645401
2 0.333766 0.212919 0.009079 0.010781 0.132628
2 0.335805 0.213349 0.011291 0.010468 0.002460
9 0.000000 0.787791 0.000000 0.145365 0.000326
9 0.000000 0.668726 0.000000 0.117090 0.000290
2 0.312799 0.204425 0.008775 0.023391 0.000290
2 0.000000 0.690380 0.000000 0.389285 0.000210
2 0.013238 0.486504 0.026476 0.163289 0.000169
2 0.000000 0.559889 0.000000 0.210517 0.000166
0 0.027315 0.682030 0.054630 0.386931 0.000165
0 0.313066 0.209837 0.007573 0.013434 0.000159
9 0.000165 0.690034 0.000329 0.106021 0.000154
2 0.000000 0.524791 0.000000 0.196875 0.000130
9 0.000000 0.756698 0.000000 0.133021 0.000124
9 0.000000 0.572365 0.000000 0.116921 0.000110
9 0.000000 0.640703 0.000000 0.102341 0.000109
0 0.413126 0.712304 0.198289 0.320628 0.000100
