3 0.762411 0.550922 0.103603 0.223515 0.966684
4 0.557696 0.611350 0.025257 0.032466 0.004909
3 0.013847 0.823284 0.027693 0.336542 0.000644
0 0.475901 0.524482 0.027936 0.181792 0.000271
0 0.741882 0.279262 0.271633 0.558524 0.000254
3 0.018674 0.842269 0.036941 0.309008 0.000150
2 0.611874 0.841620 0.131819 0.166531 0.000148
8 0.000164 0.885306 0.000327 0.109641 0.000133
8 0.000000 0.035044 0.000000 0.070089 0.000116
9 0.762266 0.550596 0.104003 0.223713 0.000116
8 0.005656 0.104237 0.011312 0.208474 0.000107
6 0.020926 1.000000 0.041852 0.000000 0.000104
