0 0.180327 0.504113 0.049148 0.288828 0.954904
0 0.477330 0.634875 0.123565 0.246933 0.864764
4 0.696929 0.453004 0.038472 0.031041 0.388528
2 0.477300 0.635006 0.123592 0.245404 0.002136
6 0.477297 0.635206 0.122875 0.245232 0.000351
2 0.241944 0.842610 0.089418 0.053833 0.000233
9 0.000196 0.480155 0.000391 0.054248 0.000217
9 0.000249 0.494180 0.000498 0.064200 0.000190
1 0.477297 0.635206 0.122875 0.245232 0.000177
3 0.477297 0.635206 0.122875 0.245232 0.000168
0 0.000000 0.537805 0.000000 0.181735 0.000159
0 0.000000 0.583799 0.000000 0.205513 0.000144
9 0.000401 0.513384 0.000803 0.060548 0.000139
6 0.591545 0.266768 0.028475 0.045263 0.000138
9 0.000151 0.470408 0.000301 0.049518 0.000118
3 0.000000 0.563716 0.000000 0.201863 0.000116
8 0.106184 0.238628 0.011273 0.013232 0.000109
