6 0.484798 0.374895 0.304931 0.271254 0.967769
6 0.164247 0.449204 0.328334 0.442084 0.963767
5 0.334672 0.543576 0.317295 0.516586 0.962927
5 0.437370 0.510614 0.252833 0.404187 0.961156
6 0.701750 0.361042 0.177938 0.189517 0.955773
6 0.259594 0.268764 0.305060 0.211713 0.954986
6 0.820627 0.362479 0.107992 0.121615 0.951080
6 0.561012 0.267502 0.162454 0.178816 0.950425
6 0.924293 0.303449 0.090226 0.134220 0.946811
5 0.975302 0.361092 0.024025 0.058067 0.149186
3 0.924485 0.303652 0.089973 0.133921 0.003071
0 0.701265 0.360607 0.177628 0.190719 0.001601
3 0.701265 0.360607 0.177628 0.190719 0.001548
5 0.701265 0.360607 0.177628 0.190719 0.001321
9 0.000069 0.231497 0.000139 0.086351 0.000968
6 0.999925 0.348137 0.000149 0.058932 0.000882
9 0.000051 0.249892 0.000102 0.099124 0.000729
2 0.701265 0.360607 0.177628 0.190719 0.000720
0 0.561140 0.266829 0.161963 0.179096 0.000666
6 0.999681 0.318552 0.000638 0.099244 0.000606
9 0.000000 0.478564 0.000001 0.121804 0.000602
9 0.000000 0.496419 0.000000 0.129169 0.000595
3 0.561140 0.266829 0.161963 0.179096 0.000543
5 0.982918 0.356007 0.034164 0.063848 0.000542
2 0.561140 0.266829 0.161963 0.179096 0.000515
9 0.000025 0.384045 0.000049 0.107956 0.000500
11 0.701265 0.360607 0.177628 0.190719 0.000455
9 0.000139 0.209089 0.000278 0.090511 0.000397
1 0.701265 0.360607 0.177628 0.190719 0.000372
9 0.000012 0.295866 0.000023 0.129213 0.000371
4 0.701265 0.360607 0.177628 0.190719 0.000370
6 0.373435 0.348901 0.080912 0.096188 0.000350
8 1.000000 0.165728 0.000000 0.094803 0.000340
1 0.561140 0.266829 0.161963 0.179096 0.000326
8 0.701265 0.360607 0.177628 0.190719 0.000320
9 0.000040 0.270183 0.000080 0.113455 0.000316
4 0.561140 0.266829 0.161963 0.179096 0.000310
9 0.000000 0.579361 0.000000 0.118155 0.000301
6 0.438005 0.507691 0.251274 0.405426 0.000291
9 0.000006 0.451941 0.000013 0.090372 0.000282
8 1.000000 0.216180 0.000000 0.135818 0.000276
8 1.000000 0.245335 0.000000 0.157494 0.000260
8 1.000000 0.194484 0.000000 0.104867 0.000257
8 0.880616 0.186368 0.059226 0.356966 0.000256
6 1.000000 0.347751 0.000000 0.088174 0.000255
9 0.000000 0.317822 0.000000 0.121172 0.000237
2 0.438005 0.507691 0.251274 0.405426 0.000234
8 0.561140 0.266829 0.161963 0.179096 0.000234
8 0.980120 0.212231 0.028886 0.140496 0.000230
6 1.000000 0.320173 0.000000 0.134647 0.000224
9 0.000000 0.597494 0.000000 0.106469 0.000216
6 0.996883 0.349157 0.006234 0.052100 0.000203
9 1.000000 0.356668 0.000000 0.065727 0.000203
0 0.438005 0.507691 0.251274 0.405426 0.000192
9 0.000178 0.195135 0.000357 0.084012 0.000190
11 0.561140 0.266829 0.161963 0.179096 0.000185
8 0.991775 0.243472 0.016451 0.117085 0.000167
8 1.000000 0.141689 0.000000 0.071017 0.000167
9 0.561140 0.266829 0.161963 0.179096 0.000164
0 0.334454 0.547638 0.317305 0.506474 0.000163
9 0.000000 0.355058 0.000000 0.118173 0.000160
8 0.998723 0.319731 0.002554 0.134911 0.000157
9 0.000000 0.546144 0.000000 0.098794 0.000150
6 0.989134 0.343975 0.021731 0.076332 0.000146
9 0.000091 0.405215 0.000183 0.089998 0.000144
9 0.000061 0.647303 0.000123 0.143038 0.000144
6 0.000055 0.246840 0.000109 0.234781 0.000143
11 0.438005 0.507691 0.251274 0.405426 0.000142
6 0.000079 0.291555 0.000159 0.257611 0.000141
5 0.561140 0.266829 0.161963 0.179096 0.000137
8 1.000000 0.199186 0.000000 0.053583 0.000135
9 0.000000 0.426380 0.000000 0.083171 0.000134
0 0.998253 0.329896 0.003493 0.114389 0.000133
6 0.000000 0.439325 0.000000 0.244376 0.000129
8 1.000000 0.154721 0.000000 0.045608 0.000126
6 0.998253 0.329896 0.003493 0.114389 0.000125
6 0.997272 0.326248 0.005457 0.037675 0.000123
9 0.000000 0.246273 0.000000 0.156090 0.000115
5 0.253041 0.536311 0.150782 0.507978 0.000114
9 0.000000 0.523818 0.000000 0.104720 0.000112
6 0.770288 0.279899 0.074602 0.074020 0.000112
8 1.000000 0.141095 0.000000 0.093543 0.000110
6 0.000000 0.202389 0.000000 0.212628 0.000107
6 0.000000 0.341322 0.000000 0.238836 0.000104
8 1.000000 0.276987 0.000000 0.123885 0.000104
0 0.485680 0.377880 0.303702 0.277047 0.000102
