2 0.671121 0.774215 0.187304 0.246968 0.970173
8 0.295358 0.000000 0.036174 0.000000 0.000341
8 0.289026 0.000000 0.033340 0.000000 0.000329
3 0.916598 0.401866 0.033340 0.054645 0.000270
8 0.302574 0.000000 0.039012 0.000000 0.000226
8 0.315425 0.000000 0.035534 0.000000 0.000182
4 0.984145 1.000000 0.031709 0.000000 0.000128
8 0.999810 0.231602 0.000380 0.110214 0.000124
8 0.277957 0.000000 0.027616 0.000000 0.000113
8 0.101406 0.084897 0.023702 0.057870 0.000111
8 0.999739 0.214962 0.000521 0.088903 0.000100
