8 0.887938 0.214708 0.018591 0.122646 0.863024
0 0.794660 0.257726 0.013012 0.055902 0.855074
8 0.921033 0.187462 0.013885 0.110049 0.795975
8 0.961819 0.211975 0.024018 0.159915 0.690862
4 0.961849 0.212356 0.023887 0.158736 0.036758
4 0.920984 0.187353 0.013439 0.110479 0.001846
8 1.000000 0.151300 0.000000 0.114100 0.000843
4 0.887866 0.213928 0.018722 0.122529 0.000758
8 1.000000 0.172531 0.000000 0.113447 0.000695
8 1.000000 0.195646 0.000000 0.117314 0.000449
8 1.000000 0.222474 0.000000 0.125124 0.000203
8 1.000000 0.123742 0.000000 0.103463 0.000188
9 0.999914 0.318880 0.000171 0.137642 0.000187
9 0.961849 0.212356 0.023887 0.158736 0.000143
9 0.999883 0.295745 0.000234 0.102358 0.000132
8 1.000000 0.105127 0.000000 0.100124 0.000123
