4 0.770643 0.697089 0.057600 0.099940 0.945953
8 0.654019 0.699825 0.030754 0.237291 0.915681
4 0.484248 0.763154 0.021096 0.053681 0.908572
4 0.057081 0.782131 0.012477 0.022874 0.907926
0 0.012329 0.866374 0.020521 0.076297 0.812033
10 0.483490 0.660404 0.035578 0.044962 0.462387
10 0.466885 0.660858 0.069303 0.046899 0.063177
8 0.047721 0.799131 0.034372 0.171317 0.007334
0 0.003533 0.866454 0.006509 0.075272 0.001905
8 0.043575 0.784203 0.038324 0.208199 0.000431
8 0.047559 0.765739 0.036252 0.104270 0.000364
8 0.002438 0.813957 0.004876 0.183651 0.000305
0 0.302702 0.507943 0.305423 0.984114 0.000225
8 0.003945 0.476423 0.007889 0.712343 0.000214
4 0.047220 0.798835 0.032685 0.177418 0.000204
0 0.000000 0.855671 0.000000 0.138034 0.000183
4 0.057193 0.796165 0.014942 0.051566 0.000172
8 0.002505 0.758442 0.005011 0.291006 0.000133
8 0.057804 0.782991 0.013181 0.024171 0.000120
8 0.776292 0.818930 0.037784 0.346485 0.000120
4 0.056790 0.789068 0.013437 0.038322 0.000109
0 0.047794 0.796648 0.036571 0.167331 0.000109
0 0.000000 0.814373 0.000000 0.195015 0.000106
