4 0.423316 0.356009 0.125895 0.137058 0.960058
0 0.343313 0.817189 0.141329 0.365068 0.959180
8 0.638210 0.518388 0.146956 0.675828 0.948002
6 0.562797 0.806494 0.083441 0.081551 0.940600
6 0.631008 0.784817 0.064946 0.051403 0.921160
8 0.679752 0.721989 0.026244 0.352063 0.915455
8 0.124704 0.769960 0.018152 0.217313 0.893962
0 0.438570 0.816459 0.017816 0.062308 0.880050
6 0.768165 0.769702 0.060571 0.049644 0.812039
0 0.722528 0.808393 0.021591 0.087234 0.582694
0 0.807799 0.802368 0.022542 0.088764 0.111917
6 0.751387 0.776611 0.026553 0.037971 0.045421
8 0.849283 0.657824 0.008733 0.036987 0.030435
8 0.893423 0.731244 0.013540 0.023565 0.028270
8 0.435261 0.601834 0.012439 0.053761 0.018023
8 0.489826 0.592451 0.014396 0.057240 0.005988
0 0.425831 0.818280 0.013311 0.056152 0.005946
6 0.739966 0.782232 0.016302 0.028147 0.003852
4 0.573935 0.759104 0.010998 0.020838 0.002924
8 0.818191 0.656613 0.009959 0.042870 0.001730
0 0.426876 0.808370 0.011576 0.041696 0.000902
5 0.702909 0.788138 0.028983 0.023007 0.000756
6 0.745250 0.778159 0.016429 0.035237 0.000680
5 0.698542 0.788138 0.017753 0.022341 0.000452
0 0.718765 0.791346 0.030783 0.047518 0.000257
6 0.775085 0.763753 0.046303 0.039637 0.000249
4 0.679999 0.722443 0.026477 0.353120 0.000246
11 0.767547 0.769397 0.060892 0.049343 0.000201
8 0.089415 0.592983 0.067190 0.597515 0.000170
0 0.000000 0.833318 0.000000 0.233730 0.000138
4 0.767547 0.769397 0.060892 0.049343 0.000135
6 0.737149 0.775600 0.019209 0.037612 0.000134
5 0.438531 0.817075 0.018975 0.062851 0.000132
9 0.679384 0.718831 0.025947 0.347071 0.000125
8 0.807822 0.801207 0.021856 0.086669 0.000101
