4 0.598575 0.597129 0.180088 0.625911 0.960691
4 0.814137 0.420458 0.269965 0.815801 0.900450
0 0.986884 0.532097 0.026018 0.310116 0.078930
3 0.986939 0.532413 0.025696 0.310927 0.002388
0 0.989124 0.452135 0.020997 0.260481 0.000252
0 0.137870 0.570695 0.269140 0.839883 0.000213
8 0.611235 0.153306 0.026104 0.298882 0.000205
3 0.998690 0.630358 0.002621 0.124295 0.000190
9 0.999981 0.480551 0.000038 0.187034 0.000153
4 0.985589 0.544011 0.027345 0.396571 0.000147
0 0.989848 0.388305 0.020303 0.397197 0.000130
