8 0.402574 0.342989 0.056427 0.282259 0.960988
8 0.263525 0.402212 0.035606 0.163166 0.941177
6 0.198530 0.469965 0.045806 0.064522 0.924957
0 0.094698 0.479293 0.011235 0.043417 0.873425
6 0.116746 0.482273 0.016591 0.025701 0.836133
0 0.130333 0.485708 0.009706 0.030665 0.710453
6 0.151971 0.475083 0.014617 0.030328 0.137305
8 0.195358 0.265588 0.095968 0.505776 0.017045
6 0.103805 0.482540 0.007548 0.026056 0.008851
6 0.129062 0.483970 0.011687 0.031918 0.005351
0 0.102822 0.481863 0.006629 0.026644 0.002320
0 0.130120 0.482094 0.011389 0.035490 0.001758
0 0.152194 0.475516 0.013803 0.031054 0.001427
5 0.152396 0.475019 0.014296 0.029798 0.001294
0 0.116577 0.482496 0.016427 0.025972 0.001013
0 0.077467 0.474935 0.004843 0.019362 0.000677
0 0.096172 0.482337 0.011213 0.042346 0.000485
6 0.130695 0.484131 0.009300 0.030240 0.000461
2 0.449724 0.574147 0.037692 0.112825 0.000351
6 0.096172 0.482337 0.011213 0.042346 0.000345
6 0.062854 0.560106 0.125707 0.814244 0.000338
6 0.182323 0.485795 0.010331 0.030100 0.000304
5 0.130367 0.484679 0.009384 0.031727 0.000251
6 0.099887 0.474712 0.009127 0.034690 0.000242
4 0.151971 0.475083 0.014617 0.030328 0.000238
6 0.995693 0.342090 0.008613 0.042366 0.000228
8 0.002811 0.121241 0.005623 0.242483 0.000208
5 0.116577 0.482496 0.016427 0.025972 0.000206
4 0.151393 0.000000 0.063649 0.000000 0.000195
0 0.099887 0.474712 0.009127 0.034690 0.000183
6 0.097127 0.477184 0.011595 0.051141 0.000177
9 0.152282 0.475169 0.014144 0.030483 0.000160
6 0.111089 0.482661 0.017012 0.027814 0.000158
4 0.164643 0.000000 0.069603 0.000000 0.000154
4 0.180307 0.000000 0.069978 0.000000 0.000150
6 0.146857 0.479869 0.021796 0.029017 0.000149
3 0.402522 0.341509 0.056532 0.281157 0.000144
9 0.995704 0.342783 0.008593 0.041611 0.000144
5 0.096172 0.482337 0.011213 0.042346 0.000140
0 0.892087 0.155164 0.020907 0.080529 0.000135
8 0.004436 0.181246 0.008872 0.345410 0.000135
4 0.140063 0.000000 0.052763 0.000000 0.000128
4 0.196462 0.000000 0.076005 0.000000 0.000128
4 0.208788 0.000736 0.062924 0.001472 0.000122
0 0.180529 0.468297 0.009585 0.056772 0.000116
6 0.051304 0.605115 0.102608 0.708050 0.000112
6 0.003603 0.563196 0.007206 0.828708 0.000105
6 0.989087 0.000655 0.021826 0.001310 0.000104
9 0.999788 0.658766 0.000423 0.155536 0.000103
