2 0.652322 0.560607 0.065751 0.188511 0.950724
2 0.578476 0.419293 0.053766 0.145255 0.949584
2 0.730219 0.592430 0.058159 0.171330 0.946827
2 0.673691 0.635499 0.069622 0.148792 0.943717
2 0.479542 0.350072 0.042009 0.129327 0.937931
2 0.533149 0.428398 0.041325 0.082707 0.888244
2 0.347280 0.422366 0.050123 0.104128 0.007326
5 0.913763 0.316262 0.018012 0.021258 0.000398
4 0.726922 0.150713 0.023242 0.077693 0.000361
0 0.878525 0.460145 0.053243 0.313288 0.000226
4 0.977024 1.000000 0.045952 0.000000 0.000225
8 0.002646 0.117236 0.005293 0.234472 0.000192
8 0.068139 0.183129 0.136278 0.365301 0.000182
8 0.003433 0.150884 0.006867 0.298222 0.000149
8 0.003099 0.194096 0.006197 0.316960 0.000141
4 0.990935 0.995526 0.018130 0.008948 0.000130
9 0.652671 0.258652 0.043270 0.148632 0.000125
8 0.003218 0.245586 0.006436 0.322247 0.000118
8 0.040456 0.183147 0.080912 0.353873 0.000109
4 0.995724 0.987846 0.008553 0.024309 0.000108
