2 0.539008 0.408086 0.101617 0.114710 0.944016
2 0.728763 0.589486 0.050415 0.276197 0.930925
2 0.331421 0.506472 0.039847 0.183554 0.923493
2 0.904165 0.361430 0.032627 0.066710 0.672244
0 0.555465 0.285282 0.007160 0.033329 0.503347
0 0.597704 0.281887 0.010826 0.045735 0.071961
2 0.279195 0.294040 0.018261 0.113652 0.037443
0 0.555675 0.278419 0.007660 0.044141 0.028149
0 0.279195 0.294040 0.018261 0.113652 0.003170
0 0.555625 0.290626 0.007768 0.032327 0.000561
2 0.669948 0.872652 0.029474 0.068471 0.000506
2 0.597910 0.281032 0.011334 0.045324 0.000337
3 0.268961 0.671951 0.048366 0.154699 0.000121
3 0.249163 0.541666 0.028908 0.099179 0.000118
