3 0.895316 0.499840 0.209368 0.983646 0.969007
3 0.097313 0.500128 0.194626 0.986043 0.968653
3 0.235273 0.736383 0.264587 0.527234 0.967418
0 0.552772 0.469327 0.161616 0.787996 0.964256
3 0.686335 0.705756 0.134722 0.458870 0.962347
3 0.365102 0.661790 0.134949 0.378693 0.958642
3 0.614589 0.631104 0.063195 0.310842 0.930417
9 0.000000 0.032826 0.000000 0.065651 0.000398
3 0.129372 0.621353 0.041380 0.055992 0.000179
3 0.099311 0.719297 0.196703 0.559674 0.000141
8 0.387805 1.000000 0.042236 0.000000 0.000139
6 0.231011 0.511054 0.027635 0.032915 0.000130
8 0.602841 1.000000 0.039608 0.000000 0.000120
