7 0.358214 0.347045 0.040011 0.071265 0.932978
0 0.982764 0.618661 0.033848 0.271334 0.003575
4 0.995656 0.878547 0.008271 0.035844 0.001109
9 0.000084 0.784812 0.000169 0.095625 0.000455
9 0.000073 0.774576 0.000146 0.103674 0.000399
3 0.982259 0.618888 0.033878 0.264701 0.000339
9 0.000100 0.750259 0.000200 0.118463 0.000333
8 0.995656 0.878547 0.008271 0.035844 0.000286
0 0.358151 0.347060 0.039795 0.071736 0.000267
8 0.000459 0.636598 0.000918 0.179353 0.000176
8 0.755942 0.042138 0.008143 0.030506 0.000173
5 0.000100 0.750259 0.000200 0.118463 0.000154
3 0.999839 0.681880 0.000322 0.100210 0.000153
9 0.000127 0.720499 0.000255 0.123548 0.000149
4 0.000663 0.983023 0.001326 0.033955 0.000149
3 0.999776 0.712656 0.000448 0.104000 0.000147
4 0.180782 0.997458 0.135026 0.005085 0.000142
4 0.755942 0.042138 0.008143 0.030506 0.000141
2 0.995816 0.878917 0.007907 0.036079 0.000141
9 0.000459 0.636598 0.000918 0.179353 0.000141
0 0.997961 0.724421 0.004079 0.280974 0.000131
4 0.994256 0.978566 0.011489 0.042867 0.000128
4 0.293802 0.998465 0.136942 0.003070 0.000127
0 0.025650 0.960720 0.051299 0.078560 0.000123
3 0.999902 0.580933 0.000196 0.128801 0.000118
2 0.358193 0.347049 0.039713 0.071474 0.000118
9 0.005743 0.785440 0.010811 0.088818 0.000112
6 1.000000 0.747043 0.000000 0.085667 0.000108
2 0.982259 0.618888 0.033878 0.264701 0.000106
8 0.358193 0.347049 0.039713 0.071474 0.000103
