0 0.657810 0.532413 0.241494 0.809919 0.961410
3 0.251379 0.617357 0.149994 0.233266 0.959488
6 0.558774 0.670936 0.048270 0.048634 0.904741
6 0.756070 0.671853 0.048368 0.045788 0.894169
6 0.798141 0.670579 0.056705 0.057008 0.889957
6 0.322725 0.674287 0.033294 0.042853 0.825199
8 0.951079 0.032239 0.097841 0.063592 0.583150
8 0.892528 0.131915 0.093987 0.051799 0.581479
6 0.720767 0.667405 0.038693 0.051900 0.385215
8 0.238615 0.076780 0.129671 0.070187 0.204440
8 0.320729 0.166844 0.091582 0.055421 0.163690
8 0.525280 0.154776 0.088606 0.049893 0.137127
8 0.498149 0.058585 0.107345 0.074692 0.030349
8 0.985859 0.000000 0.028283 0.000000 0.000431
2 0.720621 0.667423 0.038845 0.051627 0.000283
8 0.220533 0.000000 0.055993 0.000000 0.000278
8 0.005537 0.160501 0.011073 0.299821 0.000214
8 0.003105 0.246892 0.006210 0.363844 0.000213
0 0.474781 0.825962 0.017389 0.089549 0.000204
8 0.004434 0.200645 0.008868 0.343040 0.000200
0 0.995218 0.531637 0.009564 0.883422 0.000194
0 0.327503 0.271729 0.006929 0.053435 0.000167
8 0.998339 0.004151 0.003323 0.008302 0.000153
8 1.000000 0.034048 0.000000 0.068097 0.000150
9 1.000000 0.027288 0.000000 0.054575 0.000134
8 0.980352 0.000000 0.039297 0.000000 0.000123
8 0.000004 0.209012 0.000008 0.054729 0.000123
6 0.699778 0.670386 0.040200 0.043366 0.000119
8 0.000000 0.201093 0.000000 0.053538 0.000113
8 0.969297 0.000000 0.056543 0.000000 0.000113
9 0.999889 0.452255 0.000221 0.074145 0.000110
6 0.998339 0.004151 0.003323 0.008302 0.000103
