2 0.448987 0.382726 0.060411 0.082589 0.952476
2 0.529339 0.551186 0.085603 0.183518 0.949735
0 0.099931 0.101565 0.042962 0.119308 0.774028
8 0.062802 0.316119 0.046121 0.074228 0.703956
0 0.305068 0.069342 0.031827 0.138685 0.487418
0 0.168364 0.040153 0.016701 0.056155 0.358157
4 0.273531 0.092228 0.013216 0.063389 0.162446
0 0.091166 0.098559 0.021105 0.115697 0.028569
0 0.107085 0.073409 0.028306 0.061124 0.016991
4 0.270270 0.092621 0.019444 0.061811 0.011692
0 0.106779 0.084897 0.029521 0.084870 0.005154
4 0.245452 0.018845 0.018086 0.029950 0.002582
4 0.158967 0.078147 0.010428 0.024256 0.001879
5 0.158948 0.078036 0.010606 0.024707 0.001689
0 0.524642 0.095020 0.007596 0.023100 0.001375
0 0.158948 0.078036 0.010606 0.024707 0.001119
2 0.787290 0.007176 0.015477 0.014352 0.000688
8 0.252006 0.190443 0.022801 0.023213 0.000599
8 0.341088 0.113036 0.010970 0.030299 0.000384
8 0.245161 0.020051 0.018772 0.030318 0.000325
8 0.150580 0.989069 0.015658 0.021863 0.000299
0 0.301383 0.009432 0.010805 0.018864 0.000297
4 0.448750 0.382817 0.060182 0.083067 0.000295
0 0.167555 0.058879 0.017937 0.054506 0.000229
5 0.160762 0.075848 0.012373 0.027072 0.000207
8 0.277635 0.000000 0.018059 0.000000 0.000203
0 0.919879 0.002861 0.015121 0.005723 0.000200
8 0.271618 0.000000 0.022772 0.000000 0.000189
2 0.931755 1.000000 0.039927 0.000000 0.000182
0 0.167001 0.047793 0.018250 0.073737 0.000182
9 0.158967 0.078147 0.010428 0.024256 0.000176
8 0.265205 0.000000 0.027869 0.000000 0.000175
8 0.919879 0.002861 0.015121 0.005723 0.000166
8 0.250526 0.195338 0.025279 0.025325 0.000154
8 0.251204 0.000000 0.024607 0.000000 0.000153
0 0.000886 0.055108 0.001771 0.110216 0.000152
8 0.257052 0.000000 0.028323 0.000000 0.000149
8 0.242667 0.000136 0.020437 0.000272 0.000146
8 0.338466 0.000000 0.020424 0.000000 0.000138
8 0.284688 0.000000 0.017737 0.000000 0.000136
0 0.159527 0.046478 0.026049 0.079107 0.000132
9 0.920697 0.004922 0.008560 0.008306 0.000124
0 0.273682 0.092112 0.013066 0.062762 0.000123
9 0.918962 0.005137 0.008251 0.007975 0.000119
8 0.333464 0.000000 0.017090 0.000000 0.000115
2 0.377949 0.841606 0.033092 0.017567 0.000107
0 0.306824 0.017353 0.025780 0.032769 0.000106
