0 0.360418 0.728431 0.249734 0.537148 0.972530
6 0.327918 0.697308 0.047684 0.046886 0.893062
7 0.260642 0.560479 0.014719 0.027402 0.887806
8 0.025867 0.059506 0.051735 0.065576 0.483316
8 0.650002 0.183803 0.089138 0.040864 0.419837
6 0.491500 0.691943 0.034140 0.043103 0.327378
6 0.071237 0.708065 0.040870 0.044088 0.122624
6 0.525508 0.694116 0.046437 0.043104 0.114606
8 0.715658 0.088526 0.114155 0.062049 0.088762
8 0.272139 0.068948 0.109600 0.068623 0.056663
6 0.566931 0.691561 0.047471 0.044649 0.053833
8 0.072956 0.166209 0.110018 0.068870 0.034260
8 0.299586 0.172519 0.089330 0.052057 0.022162
6 0.546270 0.693130 0.015341 0.041880 0.000449
8 0.681281 0.088620 0.039545 0.061103 0.000446
0 0.003229 0.537647 0.006458 0.890133 0.000222
8 0.000000 0.077447 0.000000 0.131691 0.000190
8 0.714379 0.023608 0.106433 0.047216 0.000184
0 0.002201 0.622276 0.004402 0.700804 0.000151
6 0.381055 0.327616 0.022161 0.130884 0.000126
0 0.640239 0.881729 0.018410 0.101290 0.000125
0 0.001763 0.674919 0.003527 0.606505 0.000125
10 0.025806 0.059669 0.051613 0.066095 0.000119
3 0.011281 0.641266 0.022562 0.283491 0.000119
3 0.016529 0.702317 0.033057 0.392140 0.000115
8 0.631170 0.183568 0.049765 0.039342 0.000101
