0 0.736043 0.544464 0.068074 0.243888 0.949884
0 0.406962 0.595533 0.064510 0.118761 0.949375
0 0.560142 0.518693 0.062016 0.281813 0.926510
0 0.893277 0.554733 0.138338 0.561011 0.924521
5 0.300997 0.536678 0.041923 0.125238 0.916362
0 0.188492 0.551972 0.018506 0.066526 0.901658
0 0.389973 0.508380 0.011549 0.057750 0.883400
0 0.409619 0.507271 0.014238 0.063224 0.882049
0 0.421414 0.481423 0.013652 0.058707 0.880560
0 0.181449 0.476260 0.013775 0.055767 0.880384
5 0.059431 0.589739 0.016754 0.046769 0.879955
0 0.258940 0.469822 0.013863 0.059676 0.876314
5 0.020577 0.596861 0.023328 0.049329 0.874975
5 0.039235 0.593947 0.019512 0.046493 0.873050
0 0.232676 0.458938 0.011964 0.058387 0.865229
0 0.269958 0.456982 0.010363 0.051108 0.859983
5 0.077556 0.587322 0.016119 0.046937 0.859687
0 0.391154 0.432774 0.009629 0.047817 0.851359
0 0.983072 0.384493 0.015218 0.063853 0.844042
0 0.825178 0.421688 0.011710 0.066065 0.824579
5 0.006894 0.600511 0.013788 0.045615 0.821316
0 0.667226 0.465254 0.009690 0.044822 0.816222
0 0.364476 0.442965 0.012177 0.040605 0.806471
0 0.194603 0.500625 0.013570 0.035108 0.796894
0 0.994004 0.390706 0.011992 0.066621 0.772078
0 0.204925 0.548955 0.013463 0.066974 0.711207
0 0.659854 0.464699 0.008820 0.047533 0.588426
0 0.541488 0.444998 0.023451 0.137061 0.388233
0 0.220990 0.459947 0.010434 0.052246 0.234279
0 0.543933 0.481676 0.013256 0.060409 0.161614
0 0.198231 0.550142 0.007479 0.063714 0.036299
5 0.000000 0.606253 0.000000 0.034758 0.027914
0 0.250706 0.455365 0.007366 0.047306 0.019026
0 0.666317 0.440807 0.008773 0.032168 0.011599
5 0.000009 0.591023 0.000017 0.029855 0.008477
0 0.220240 0.451468 0.010176 0.036090 0.008159
0 0.399859 0.428091 0.009145 0.042781 0.007972
0 0.254442 0.468539 0.008574 0.055878 0.003641
0 0.401248 0.425691 0.008592 0.039327 0.003599
0 0.660734 0.461193 0.010157 0.056941 0.002744
5 0.000000 0.615325 0.000000 0.053239 0.001914
0 0.218952 0.456862 0.009488 0.037143 0.001436
0 0.653940 0.430058 0.007308 0.012310 0.001328
5 0.000992 0.598485 0.001983 0.040229 0.001180
0 0.006035 0.601121 0.012070 0.043675 0.001141
0 0.658156 0.463864 0.010567 0.050670 0.001104
5 0.030122 0.595841 0.024833 0.046534 0.000857
0 0.656648 0.440626 0.009070 0.018846 0.000689
0 0.250943 0.442397 0.007416 0.031102 0.000622
8 0.560515 0.517748 0.062221 0.282576 0.000534
0 0.249485 0.457735 0.008309 0.050996 0.000529
5 0.045158 0.589618 0.022422 0.035905 0.000516
5 0.000000 0.620216 0.000000 0.077635 0.000512
0 0.421377 0.469269 0.015090 0.039671 0.000493
0 0.260345 0.451183 0.010224 0.029488 0.000445
0 0.250702 0.457454 0.012345 0.039665 0.000408
0 0.201396 0.524418 0.008281 0.021599 0.000399
5 0.000000 0.582438 0.000000 0.118844 0.000338
5 0.543668 0.483591 0.012638 0.056421 0.000303
5 0.000502 0.602026 0.001005 0.072115 0.000294
0 0.838717 0.433855 0.012329 0.071756 0.000285
0 0.475716 0.766690 0.025302 0.061583 0.000260
0 0.994161 0.400737 0.010988 0.059836 0.000258
5 0.000000 0.607765 0.000000 0.040711 0.000253
5 0.000000 0.573529 0.000000 0.029072 0.000237
5 0.000000 0.636485 0.000000 0.171368 0.000216
0 0.000000 0.524442 0.000000 0.234500 0.000212
0 0.199973 0.539912 0.009216 0.044016 0.000209
8 0.194971 0.501126 0.012494 0.033850 0.000206
0 0.001148 0.507178 0.002296 0.119952 0.000188
5 0.364570 0.443126 0.012379 0.040941 0.000176
5 0.000000 0.534915 0.000000 0.227647 0.000164
5 0.000000 0.502841 0.000000 0.049279 0.000163
5 0.000000 0.600753 0.000000 0.043153 0.000163
0 0.835920 0.464911 0.021087 0.139383 0.000162
9 0.000000 0.629754 0.000000 0.089667 0.000157
6 0.006035 0.601121 0.012070 0.043675 0.000150
5 0.001148 0.507178 0.002296 0.119952 0.000147
0 0.198299 0.531216 0.010908 0.031414 0.000147
0 0.830966 0.439182 0.018897 0.097993 0.000145
0 1.000000 0.403418 0.000000 0.089191 0.000143
0 1.000000 0.416048 0.000000 0.126166 0.000131
3 0.020511 0.596973 0.023656 0.050233 0.000125
3 0.006035 0.601121 0.012070 0.043675 0.000121
0 0.000000 0.479999 0.000000 0.215776 0.000121
3 0.560540 0.517729 0.060835 0.284474 0.000118
2 0.647858 0.822902 0.006786 0.013645 0.000112
5 0.000059 0.639032 0.000118 0.106064 0.000112
6 0.560540 0.517729 0.060835 0.284474 0.000111
0 0.661143 0.437766 0.010054 0.027061 0.000109
8 0.006035 0.601121 0.012070 0.043675 0.000108
