3 0.905231 0.496797 0.189539 0.988618 0.971771
3 0.233473 0.736178 0.268304 0.527643 0.970945
3 0.098072 0.499378 0.196143 0.986096 0.969040
3 0.612512 0.631970 0.066195 0.311419 0.962385
3 0.364178 0.663729 0.134005 0.381661 0.959356
3 0.688435 0.706797 0.141381 0.460281 0.957034
0 0.486294 0.474995 0.169917 0.917158 0.949954
0 0.612301 0.631700 0.065960 0.311907 0.000768
9 0.000000 0.034141 0.000000 0.068282 0.000334
8 0.612301 0.631700 0.065960 0.311907 0.000212
8 0.603226 1.000000 0.038420 0.000000 0.000195
6 0.993158 0.527138 0.013684 0.050226 0.000161
3 0.099373 0.697880 0.197738 0.602680 0.000154
8 0.354938 0.000000 0.050540 0.000000 0.000151
8 0.387534 1.000000 0.042087 0.000000 0.000144
9 1.000000 0.028550 0.000000 0.057101 0.000142
6 0.779567 0.875181 0.020243 0.048884 0.000122
3 0.123650 0.630892 0.049323 0.065526 0.000120
3 0.989820 0.562218 0.020361 0.452375 0.000116
8 0.593923 1.000000 0.031141 0.000000 0.000115
8 0.610572 1.000000 0.039622 0.000000 0.000115
6 0.784662 0.879628 0.016269 0.040381 0.000113
3 0.988769 0.621748 0.022462 0.398964 0.000108
8 0.588459 1.000000 0.031588 0.000000 0.000102
6 0.612301 0.631700 0.065960 0.311907 0.000101
