5 0.303063 0.749526 0.208469 0.387199 0.851898
6 0.025394 0.617135 0.050136 0.185242 0.845853
6 0.531532 0.648749 0.417957 0.354590 0.833797
5 0.422219 0.748328 0.283898 0.413790 0.756443
0 0.014884 0.809478 0.028929 0.268282 0.418799
6 0.257558 0.588569 0.247423 0.259987 0.336079
5 0.332825 0.755822 0.147439 0.409113 0.142258
6 0.372571 0.609044 0.476682 0.291065 0.120329
4 0.993443 0.420029 0.011704 0.086602 0.073340
6 0.397692 0.659279 0.653260 0.388915 0.022466
5 0.505964 0.738943 0.114864 0.393630 0.019305
5 0.927264 0.716896 0.144680 0.198833 0.015939
2 0.014804 0.809177 0.029199 0.268459 0.014470
0 0.024468 0.732313 0.047521 0.422966 0.013261
6 0.014646 0.805573 0.029136 0.275223 0.012351
6 0.403724 0.657510 0.400119 0.385370 0.011454
5 0.014572 0.808306 0.029144 0.270304 0.007651
9 0.000000 0.583633 0.000000 0.078641 0.006568
6 0.304920 0.699811 0.211586 0.293958 0.004972
5 0.823924 0.634715 0.219580 0.115640 0.004659
6 0.025722 0.651439 0.050837 0.587047 0.004232
11 0.372571 0.609044 0.476682 0.291065 0.002967
6 0.825107 0.630657 0.223028 0.123740 0.002191
9 0.000000 0.605787 0.000000 0.105015 0.001477
2 0.993443 0.420029 0.011704 0.086602 0.001322
11 0.304920 0.699811 0.211586 0.293958 0.001309
6 0.440337 0.661522 0.247009 0.345521 0.001088
9 0.000000 0.748890 0.000000 0.147098 0.000984
9 0.000000 0.561706 0.000000 0.070145 0.000933
11 0.825107 0.630657 0.223028 0.123740 0.000860
5 0.892334 0.723014 0.078991 0.183457 0.000785
5 0.025659 0.731639 0.050112 0.420880 0.000697
9 0.000000 0.643857 0.000000 0.109330 0.000679
9 0.000000 0.721175 0.000000 0.096795 0.000661
9 0.000000 0.623910 0.000000 0.097692 0.000660
9 0.000000 0.842540 0.000000 0.178218 0.000660
9 0.000280 0.415013 0.000561 0.097028 0.000627
5 0.000000 0.588848 0.000000 0.078221 0.000624
11 0.405867 0.748150 0.315411 0.402481 0.000588
6 0.024468 0.732313 0.047521 0.422966 0.000534
4 0.873775 0.200825 0.021619 0.051466 0.000526
11 0.264257 0.587598 0.259608 0.263318 0.000524
4 0.010480 0.432061 0.019079 0.123687 0.000514
6 0.012763 0.535824 0.024414 0.349033 0.000507
5 0.992580 0.634973 0.014227 0.055369 0.000506
5 0.000000 0.561706 0.000000 0.070145 0.000476
6 0.024656 0.524392 0.047519 0.305875 0.000459
6 0.405867 0.748150 0.315411 0.402481 0.000453
9 0.000064 0.452464 0.000129 0.100790 0.000452
9 0.000000 0.543222 0.000000 0.060419 0.000415
6 0.000000 0.639166 0.000000 0.236319 0.000408
9 0.000000 0.702004 0.000000 0.067398 0.000400
0 0.440337 0.661522 0.247009 0.345521 0.000400
5 0.000000 0.632322 0.000000 0.095879 0.000388
5 0.000000 0.684366 0.000000 0.078663 0.000374
9 0.000000 0.684366 0.000000 0.078663 0.000373
2 0.993234 0.591454 0.013099 0.180466 0.000371
6 0.000000 0.770154 0.000000 0.337644 0.000363
9 0.000106 0.433447 0.000213 0.094494 0.000361
2 0.010649 0.446299 0.020141 0.152960 0.000349
9 0.000000 0.665397 0.000000 0.098544 0.000333
5 0.992530 0.622061 0.013886 0.078200 0.000331
5 0.000000 0.605787 0.000000 0.105015 0.000319
5 0.000000 0.760386 0.000000 0.144295 0.000314
0 0.000000 0.770154 0.000000 0.337644 0.000309
5 0.000000 0.575125 0.000000 0.084341 0.000291
5 0.000000 0.702004 0.000000 0.067398 0.000284
9 0.000002 0.476100 0.000004 0.120888 0.000281
2 0.912893 1.000000 0.036194 0.000000 0.000262
5 0.000000 0.665397 0.000000 0.098544 0.000236
6 0.991162 0.679884 0.017438 0.081531 0.000231
5 0.000000 0.543222 0.000000 0.060419 0.000229
5 0.344928 0.789147 0.116497 0.342279 0.000222
5 0.440337 0.661522 0.247009 0.345521 0.000211
4 0.992956 0.468692 0.012834 0.195302 0.000206
6 0.992063 0.688971 0.015424 0.062621 0.000201
6 0.000000 0.597838 0.000000 0.223259 0.000198
11 0.528463 0.648265 0.423493 0.359314 0.000193
6 0.994424 0.555941 0.010349 0.028402 0.000190
2 0.000000 0.387318 0.000000 0.168866 0.000186
11 0.397692 0.659279 0.653260 0.388915 0.000185
6 0.000000 0.596047 0.000000 0.090138 0.000180
5 0.875828 0.710758 0.190236 0.213281 0.000176
1 0.014804 0.809177 0.029199 0.268459 0.000171
6 0.992365 0.618425 0.013561 0.083545 0.000170
5 0.991788 0.661196 0.016112 0.091735 0.000169
9 0.000000 0.785888 0.000000 0.163064 0.000168
5 0.992732 0.615344 0.013048 0.180101 0.000168
9 0.000000 0.500406 0.000000 0.118779 0.000164
4 0.994181 0.420262 0.011638 0.108100 0.000164
9 0.000000 0.518793 0.000000 0.094963 0.000161
2 0.921592 0.991937 0.020039 0.016126 0.000159
0 0.000000 0.639166 0.000000 0.236319 0.000157
4 0.995862 0.363987 0.007029 0.023836 0.000156
11 0.351776 0.675162 0.437983 0.422220 0.000155
2 0.000000 0.414088 0.000000 0.146170 0.000155
5 0.000620 0.798569 0.001239 0.283621 0.000154
0 0.025722 0.651439 0.050837 0.587047 0.000153
4 0.993132 0.435826 0.012483 0.114510 0.000153
6 0.999859 0.630192 0.000282 0.083200 0.000153
