0 0.653439 0.527525 0.256499 0.826372 0.966398
3 0.251072 0.617650 0.151171 0.236538 0.960028
8 0.237187 0.077189 0.132095 0.070505 0.946934
8 0.950576 0.033319 0.098848 0.065193 0.941652
8 0.497668 0.058249 0.108123 0.073851 0.941256
8 0.891186 0.131780 0.091991 0.050902 0.939421
8 0.525298 0.155350 0.082472 0.050736 0.935877
8 0.321003 0.165694 0.088755 0.057023 0.928747
6 0.559152 0.671151 0.048550 0.048658 0.915344
6 0.797480 0.671245 0.055054 0.055569 0.911645
6 0.756772 0.672010 0.048599 0.045385 0.903420
6 0.322962 0.674411 0.033345 0.042220 0.880368
6 0.719231 0.666478 0.040999 0.051749 0.836585
6 0.699461 0.670050 0.037059 0.042406 0.004719
8 0.983951 0.000000 0.032097 0.000000 0.001165
0 0.899612 0.766437 0.019519 0.047010 0.001114
8 0.221526 0.000000 0.060086 0.000000 0.000766
8 0.977938 0.000000 0.041414 0.000000 0.000422
8 0.500053 0.000000 0.087295 0.000000 0.000376
8 0.996348 0.001725 0.007303 0.003450 0.000375
8 0.967315 0.000000 0.061638 0.000000 0.000368
8 1.000000 0.033945 0.000000 0.067890 0.000341
8 0.514136 0.000000 0.063119 0.000000 0.000243
8 0.473636 0.000000 0.093761 0.000000 0.000216
6 0.543279 0.000000 0.059279 0.000000 0.000201
0 0.333535 0.487789 0.035583 0.204157 0.000199
8 1.000000 0.017192 0.000000 0.034385 0.000194
6 0.705878 0.669376 0.023169 0.046213 0.000190
8 0.002542 0.245255 0.005084 0.358474 0.000189
8 0.003620 0.196484 0.007241 0.339322 0.000177
0 0.995561 0.590339 0.008879 0.766404 0.000169
8 0.237944 0.000000 0.082586 0.000000 0.000165
9 1.000000 0.027292 0.000000 0.054585 0.000154
8 0.251041 0.617742 0.151179 0.236856 0.000142
8 0.543279 0.000000 0.059279 0.000000 0.000135
4 0.500053 0.000000 0.087295 0.000000 0.000131
8 0.000025 0.209495 0.000049 0.053752 0.000129
8 0.000000 0.201549 0.000000 0.052957 0.000120
8 1.000000 0.112035 0.000000 0.113127 0.000118
8 1.000000 0.092482 0.000000 0.109637 0.000106
0 0.965169 0.000000 0.065780 0.000000 0.000103
8 0.003584 0.135745 0.007167 0.271489 0.000101
