0 0.442255 0.587626 0.114702 0.282115 0.967201
0 0.175152 0.575742 0.114490 0.246903 0.938153
9 0.011501 0.204841 0.023001 0.338425 0.064562
8 0.979900 0.061119 0.021161 0.037446 0.050937
4 0.011382 0.204753 0.022765 0.337395 0.014706
8 0.350164 0.014872 0.020359 0.029744 0.007520
0 0.103904 0.595430 0.048061 0.137705 0.005577
0 0.100709 0.613304 0.041216 0.101550 0.002048
3 0.100313 0.614508 0.040327 0.098836 0.001289
0 0.748249 0.179721 0.067998 0.151464 0.000597
6 0.011501 0.204841 0.023001 0.338425 0.000571
8 0.334239 0.000000 0.062230 0.000000 0.000450
3 0.104267 0.596676 0.048708 0.135361 0.000441
8 0.342545 0.009665 0.041869 0.019330 0.000400
8 0.342779 0.013548 0.041371 0.027096 0.000387
4 0.011549 0.283699 0.021955 0.179068 0.000263
8 0.255113 0.124630 0.010603 0.025207 0.000250
8 0.011049 0.207240 0.022099 0.343236 0.000248
8 0.962202 0.000000 0.075595 0.000000 0.000244
8 1.000000 0.054165 0.000000 0.108330 0.000239
0 0.011501 0.204841 0.023001 0.338425 0.000216
8 1.000000 0.069923 0.000000 0.123045 0.000175
9 0.000000 0.345432 0.000000 0.139915 0.000167
3 0.011569 0.202252 0.023139 0.344007 0.000156
8 0.336298 0.013542 0.052423 0.027084 0.000144
9 0.000467 0.286442 0.000934 0.147925 0.000136
8 0.549319 0.976171 0.018623 0.047658 0.000133
8 0.978199 0.056917 0.024668 0.043519 0.000131
8 1.000000 0.041924 0.000000 0.083848 0.000118
3 0.880722 0.817903 0.116723 0.364193 0.000114
4 0.985056 1.000000 0.029887 0.000000 0.000108
8 0.973556 0.020845 0.051425 0.041690 0.000106
8 0.970869 0.008958 0.058261 0.017916 0.000105
8 1.000000 0.094764 0.000000 0.102413 0.000103
8 0.980460 0.052829 0.028002 0.061450 0.000101
