2 0.788356 0.639541 0.056488 0.100746 0.926601
2 0.558004 0.649932 0.049100 0.084476 0.918370
2 0.871127 0.673179 0.036597 0.075910 0.889620
2 0.504189 0.649161 0.036864 0.084980 0.846641
2 0.357675 0.629094 0.021420 0.084279 0.842380
2 0.844338 0.679333 0.022401 0.062457 0.832597
2 0.917886 0.685827 0.044564 0.085886 0.824023
2 0.386132 0.634719 0.025108 0.072128 0.689408
2 0.388458 0.640156 0.020596 0.060120 0.626535
2 0.521512 0.660711 0.046303 0.066331 0.475364
2 0.383850 0.627638 0.029685 0.087665 0.474589
8 0.781630 0.221572 0.039421 0.338528 0.310603
2 0.853086 0.669805 0.013320 0.072284 0.005930
0 0.402248 0.190306 0.010404 0.040470 0.005125
2 0.529220 0.659032 0.034950 0.061991 0.001863
2 0.368915 0.383526 0.029753 0.130704 0.001387
2 0.847234 0.673019 0.019502 0.071803 0.001068
0 1.000000 0.650076 0.000000 0.084989 0.000548
0 0.997565 0.653111 0.004870 0.085623 0.000326
2 0.594062 0.755962 0.021540 0.037017 0.000306
0 1.000000 0.662427 0.000000 0.122654 0.000306
2 0.500081 0.657556 0.029825 0.065774 0.000280
2 0.863328 0.672213 0.030360 0.076573 0.000266
2 0.997240 0.655870 0.005521 0.083004 0.000255
2 0.526511 0.649987 0.028893 0.076907 0.000231
0 0.997361 0.652549 0.005277 0.097225 0.000225
2 0.856207 0.670659 0.012920 0.073815 0.000218
0 1.000000 0.683868 0.000000 0.123639 0.000188
0 0.167134 0.888113 0.279102 0.223773 0.000172
0 1.000000 0.666773 0.000000 0.167492 0.000141
0 1.000000 0.663462 0.000000 0.104352 0.000138
