2 0.662636 0.499165 0.258172 0.155145 0.945226
2 0.211600 0.525065 0.204674 0.194876 0.943229
4 0.194741 0.470596 0.045818 0.078648 0.936980
2 0.424060 0.576960 0.150456 0.280330 0.829548
4 0.301087 0.264591 0.013821 0.044655 0.002909
4 0.313150 0.266649 0.015129 0.053648 0.001766
2 0.001392 0.491147 0.002784 0.081097 0.001521
2 0.005117 0.491622 0.010235 0.062521 0.000886
0 0.001392 0.491147 0.002784 0.081097 0.000403
0 0.869957 0.662663 0.027856 0.085782 0.000400
2 0.000000 0.490861 0.000000 0.113828 0.000338
0 0.004687 0.493382 0.008644 0.062893 0.000314
9 0.000093 0.507337 0.000186 0.089533 0.000288
2 0.001260 0.558281 0.002520 0.231371 0.000208
0 0.000000 0.490861 0.000000 0.113828 0.000204
2 0.002147 0.442238 0.004294 0.181450 0.000182
0 0.000000 0.526315 0.000000 0.184739 0.000160
2 0.000000 0.526315 0.000000 0.184739 0.000154
9 0.000138 0.454376 0.000277 0.109974 0.000130
9 0.000000 0.531402 0.000000 0.105754 0.000124
2 0.000628 0.497180 0.001256 0.070933 0.000120
2 0.440112 0.550231 0.095322 0.090083 0.000115
2 0.014388 0.488821 0.027764 0.072357 0.000114
2 0.000000 0.443776 0.000000 0.178953 0.000107
0 0.000000 0.550678 0.000000 0.260617 0.000106
9 0.000393 0.472586 0.000785 0.091189 0.000104
2 0.007583 0.460022 0.015165 0.132625 0.000101
