2 0.752169 0.689696 0.102095 0.410796 0.965372
2 0.340895 0.507158 0.029548 0.088739 0.932551
2 0.448911 0.517428 0.069498 0.162014 0.842144
2 0.851139 0.406612 0.036474 0.064253 0.436520
2 0.394438 0.469438 0.031877 0.066930 0.065830
2 0.989922 0.418243 0.020087 0.046604 0.010880
2 0.986199 0.418388 0.027602 0.048573 0.002245
8 0.011218 0.122817 0.020740 0.139390 0.000498
4 0.827232 0.980252 0.023325 0.039495 0.000400
2 0.476534 0.015758 0.024299 0.028709 0.000367
2 0.980870 0.419452 0.038260 0.050585 0.000347
1 0.390222 0.994808 0.098446 0.010385 0.000284
9 0.390222 0.994808 0.098446 0.010385 0.000245
8 0.370004 1.000000 0.022818 0.000000 0.000237
6 0.999478 0.001086 0.001044 0.002172 0.000233
2 0.991719 0.410941 0.016064 0.046380 0.000220
4 0.435839 0.993916 0.139377 0.012167 0.000196
1 0.410995 0.995494 0.127342 0.009012 0.000172
4 0.751944 0.689122 0.102783 0.410807 0.000163
9 0.632496 0.995504 0.113969 0.008992 0.000159
4 0.440479 0.990024 0.126590 0.019951 0.000158
4 0.725414 0.994979 0.152398 0.010042 0.000146
2 1.000000 0.422923 0.000000 0.068571 0.000144
0 0.683124 0.821683 0.060136 0.159054 0.000140
8 0.383608 0.999929 0.033602 0.000143 0.000139
8 0.373366 0.995023 0.011870 0.009954 0.000139
2 0.382318 0.994182 0.083144 0.011636 0.000131
8 0.362845 1.000000 0.033788 0.000000 0.000122
4 0.297362 0.991350 0.050749 0.017300 0.000122
4 0.813576 0.989520 0.054052 0.020959 0.000121
2 0.218486 1.000000 0.035700 0.000000 0.000120
8 0.376584 0.997659 0.012831 0.004682 0.000113
2 1.000000 0.416229 0.000000 0.052387 0.000112
4 0.011218 0.122817 0.020740 0.139390 0.000112
10 0.963607 0.008332 0.072786 0.016665 0.000107
