2 0.403236 0.338375 0.055644 0.132619 0.962483
0 0.887550 0.212132 0.015410 0.085073 0.000599
2 0.000063 0.619094 0.000126 0.079846 0.000554
6 0.999851 0.211923 0.000298 0.135133 0.000506
6 0.999297 0.283632 0.001407 0.124024 0.000503
2 0.365740 0.595157 0.006376 0.013916 0.000379
2 0.009229 0.605564 0.018458 0.118680 0.000250
4 0.991307 0.456101 0.017386 0.277102 0.000238
8 0.000096 0.426687 0.000191 0.112034 0.000235
8 0.999663 0.292525 0.000674 0.112983 0.000230
6 0.999617 0.180496 0.000767 0.143706 0.000223
8 0.000000 0.345836 0.000000 0.098234 0.000205
6 0.999230 0.256298 0.001541 0.139243 0.000203
6 0.996528 0.290739 0.006945 0.093103 0.000202
6 0.999798 0.303420 0.000404 0.104686 0.000179
2 0.000000 0.591074 0.000000 0.186142 0.000165
2 0.000193 0.600766 0.000385 0.083897 0.000159
8 0.054932 0.087789 0.073889 0.175578 0.000153
8 0.999798 0.411795 0.000404 0.132019 0.000146
8 0.999781 0.348286 0.000438 0.129903 0.000145
8 0.999785 0.317800 0.000431 0.103940 0.000144
4 0.993966 0.393896 0.012068 0.231089 0.000144
6 0.999738 0.002650 0.000525 0.005301 0.000133
4 0.350308 1.000000 0.044243 0.000000 0.000128
8 0.000256 0.393595 0.000512 0.113061 0.000127
2 0.011808 0.555258 0.023616 0.245859 0.000121
8 0.195660 0.029080 0.020490 0.053817 0.000118
2 0.000000 0.673609 0.000000 0.103881 0.000112
2 0.000000 0.637465 0.000000 0.181424 0.000109
8 0.350308 1.000000 0.044243 0.000000 0.000103
