8 0.403780 0.417797 0.046136 0.046021 0.925276
8 0.159284 0.196061 0.252568 0.141161 0.353123
8 0.602574 0.338445 0.065522 0.047783 0.022434
2 0.403780 0.417441 0.046357 0.045970 0.000253
8 0.523783 1.000000 0.054503 0.000000 0.000251
10 0.403780 0.417441 0.046357 0.045970 0.000230
8 0.277289 0.134090 0.458917 0.268180 0.000148
8 0.146920 0.133955 0.265058 0.267911 0.000129
8 0.827974 0.027096 0.193249 0.054192 0.000113
8 0.004149 0.265252 0.008297 0.299394 0.000113
8 0.888929 0.128880 0.222143 0.257759 0.000104
