4 0.071954 0.078690 0.143514 0.149502 0.961263
6 0.378264 0.412382 0.153457 0.108209 0.920323
0 0.995755 0.322636 0.008491 0.037027 0.002073
0 0.997196 0.326538 0.005609 0.056682 0.000589
9 0.000165 0.509634 0.000329 0.076540 0.000375
4 0.012898 0.217597 0.022426 0.063164 0.000323
9 0.000445 0.391282 0.000890 0.070984 0.000303
9 0.000091 0.526247 0.000182 0.095279 0.000270
2 0.071205 0.079124 0.142313 0.151301 0.000265
9 0.000366 0.408483 0.000732 0.073722 0.000244
9 1.000000 0.491586 0.000000 0.130782 0.000234
9 0.000479 0.378226 0.000958 0.062917 0.000208
8 0.071205 0.079124 0.142313 0.151301 0.000183
0 0.999960 0.323100 0.000079 0.042403 0.000173
9 0.000300 0.495126 0.000601 0.063087 0.000172
6 0.725956 0.348764 0.318709 0.631332 0.000150
0 1.000000 0.355186 0.000000 0.120852 0.000146
9 0.000290 0.420951 0.000579 0.066931 0.000145
4 0.009477 0.216141 0.016554 0.063042 0.000131
9 1.000000 0.461452 0.000000 0.092077 0.000126
6 0.990530 0.000000 0.018941 0.000000 0.000123
9 1.000000 0.430236 0.000000 0.074376 0.000120
5 1.000000 0.329474 0.000000 0.050906 0.000112
9 0.000163 0.544508 0.000326 0.102344 0.000112
8 1.000000 0.057568 0.000000 0.082653 0.000109
6 1.000000 0.002088 0.000000 0.004176 0.000106
