6 0.175906 0.456725 0.351267 0.268755 0.966700
0 0.468043 0.388240 0.033004 0.180944 0.936828
0 0.441270 0.391629 0.029244 0.176684 0.924852
0 0.634910 0.348580 0.016821 0.035370 0.038524
9 0.000000 0.540994 0.000000 0.089660 0.000814
9 0.000000 0.519699 0.000000 0.107948 0.000570
9 0.000000 0.409933 0.000000 0.109280 0.000533
9 0.000000 0.560308 0.000000 0.078570 0.000491
4 0.399928 0.387247 0.024452 0.046193 0.000469
9 0.000000 0.386485 0.000000 0.100808 0.000380
9 0.000000 0.437075 0.000000 0.113232 0.000359
9 0.000000 0.354192 0.000000 0.098733 0.000336
9 0.000000 0.576970 0.000000 0.086433 0.000308
4 0.398142 0.368609 0.024562 0.210932 0.000294
9 0.000000 0.494177 0.000000 0.118840 0.000243
9 0.000000 0.457738 0.000000 0.118949 0.000232
2 0.850355 0.855273 0.038812 0.167427 0.000226
9 0.000000 0.601509 0.000000 0.111431 0.000213
9 0.000000 0.330793 0.000000 0.083566 0.000161
6 0.000000 0.460466 0.000000 0.283646 0.000136
0 0.245630 0.700964 0.021714 0.099254 0.000135
