0 0.515592 0.269684 0.038889 0.132051 0.928440
0 0.458475 0.268633 0.024551 0.066283 0.922382
1 0.453802 0.291697 0.163741 0.107537 0.907572
0 0.747493 0.467959 0.031020 0.087299 0.902621
0 0.424987 0.243808 0.026449 0.061050 0.883050
1 0.752294 0.498750 0.119533 0.081065 0.867199
1 0.495869 0.320434 0.078066 0.050941 0.669230
0 0.427603 0.258801 0.022201 0.044695 0.183475
0 0.428490 0.264432 0.020436 0.034162 0.054224
0 0.879397 0.412946 0.005853 0.010993 0.015972
0 0.883081 0.414531 0.006436 0.011148 0.004062
0 0.788915 0.350126 0.006933 0.010121 0.002309
0 0.754636 0.472362 0.045423 0.089860 0.001565
0 0.873533 0.407118 0.005632 0.011098 0.001417
1 0.433299 0.270797 0.123361 0.064449 0.001310
1 0.728655 0.489265 0.071802 0.060336 0.000805
0 0.977287 0.481462 0.006340 0.014119 0.000712
1 0.482873 0.314245 0.051168 0.042620 0.000633
1 0.452691 0.145707 0.031450 0.028872 0.000596
0 0.453832 0.293352 0.162962 0.108766 0.000485
1 0.747259 0.487248 0.110275 0.076380 0.000470
4 0.453066 0.145559 0.032423 0.028732 0.000455
0 0.878154 0.410339 0.005860 0.011473 0.000438
1 0.499433 0.293534 0.075394 0.097859 0.000434
1 0.787302 0.522987 0.048357 0.043869 0.000398
1 0.467357 0.298146 0.080254 0.056018 0.000382
0 0.232753 0.022117 0.009857 0.016362 0.000323
0 0.772353 0.448350 0.010197 0.036424 0.000320
0 0.881067 0.417028 0.007055 0.014814 0.000313
0 0.972579 0.479263 0.006979 0.014146 0.000308
0 0.897717 0.425007 0.007250 0.011197 0.000292
1 0.413220 0.264434 0.083579 0.054228 0.000265
0 0.752808 0.500025 0.118668 0.083680 0.000257
1 0.425207 0.268078 0.092467 0.050184 0.000237
1 0.451197 0.274385 0.159279 0.075748 0.000237
7 0.263151 0.823441 0.012744 0.026483 0.000237
8 0.660188 0.965257 0.075767 0.069485 0.000216
1 0.432201 0.276117 0.028624 0.053642 0.000208
1 0.428755 0.264923 0.020365 0.037299 0.000199
2 0.495892 0.319853 0.078408 0.050956 0.000193
8 0.624979 1.000000 0.056459 0.000000 0.000190
1 0.786005 0.491120 0.051946 0.102680 0.000181
1 0.476499 0.301287 0.034277 0.033122 0.000176
0 0.823692 0.372627 0.006686 0.009855 0.000170
8 0.634686 0.966725 0.027398 0.066549 0.000153
0 0.495892 0.319853 0.078408 0.050956 0.000151
8 0.752808 0.500025 0.118668 0.083680 0.000148
1 0.752133 0.497254 0.034496 0.038101 0.000130
0 0.874159 0.410688 0.006520 0.013929 0.000128
0 0.785405 0.347664 0.008680 0.010697 0.000126
8 0.634461 1.000000 0.043137 0.000000 0.000119
7 0.772268 0.448649 0.010218 0.036993 0.000117
1 0.473100 0.304760 0.047806 0.058477 0.000116
8 0.646246 1.000000 0.053011 0.000000 0.000116
1 0.466588 0.290302 0.018776 0.025739 0.000115
1 0.435341 0.268237 0.054181 0.039115 0.000112
1 0.438812 0.281893 0.099533 0.048593 0.000102
