5 0.739993 0.564668 0.355273 0.449392 0.963002
0 0.089667 0.409261 0.037035 0.197381 0.946547
0 0.744908 0.394580 0.223954 0.630824 0.944619
5 0.893230 0.444192 0.047934 0.068605 0.930911
5 0.976853 0.426964 0.046293 0.071494 0.930359
0 0.057817 0.408705 0.035492 0.187373 0.929262
5 0.922274 0.431441 0.059891 0.061840 0.001269
9 0.000000 0.405263 0.000000 0.063469 0.001061
9 0.000000 0.388895 0.000000 0.059599 0.000781
2 0.976749 0.426951 0.046394 0.071265 0.000746
0 0.976749 0.426951 0.046394 0.071265 0.000688
6 0.976749 0.426951 0.046394 0.071265 0.000595
9 0.000000 0.376629 0.000000 0.065689 0.000590
9 0.000000 0.363254 0.000000 0.067660 0.000525
3 0.976749 0.426951 0.046394 0.071265 0.000524
9 0.000000 0.425628 0.000000 0.095179 0.000462
9 0.000000 0.349282 0.000000 0.060988 0.000321
0 0.000000 0.403558 0.000000 0.190276 0.000240
0 0.000000 0.447794 0.000000 0.270010 0.000237
0 0.758688 0.501330 0.200904 0.293029 0.000179
8 0.976749 0.426951 0.046394 0.071265 0.000174
0 0.699483 0.547094 0.168100 0.310510 0.000155
9 0.000000 0.414312 0.000000 0.198677 0.000154
0 0.000000 0.504709 0.000000 0.359150 0.000123
4 0.976749 0.426951 0.046394 0.071265 0.000120
9 0.000005 0.445662 0.000011 0.097625 0.000120
9 0.000000 0.323692 0.000000 0.080371 0.000120
8 0.664089 1.000000 0.048662 0.000000 0.000118
5 0.000000 0.405263 0.000000 0.063469 0.000118
11 0.635742 0.381123 0.511086 0.539502 0.000111
9 1.000000 0.396400 0.000000 0.098656 0.000110
0 0.892434 0.442323 0.048981 0.069246 0.000108
0 0.001336 0.417708 0.002672 0.188784 0.000107
0 0.817027 0.390732 0.070964 0.133742 0.000105
