4 0.989604 0.604128 0.020792 0.270669 0.000674
4 0.792976 0.998215 0.125205 0.003570 0.000538
2 0.055163 0.620766 0.017251 0.038201 0.000415
4 0.982107 0.628084 0.035787 0.200943 0.000261
4 0.816280 0.997580 0.106290 0.004840 0.000225
4 0.752730 0.998200 0.104613 0.003599 0.000215
4 0.977237 0.606242 0.045526 0.222255 0.000204
4 0.280322 0.996660 0.125269 0.006680 0.000196
4 0.977571 0.996682 0.044858 0.006636 0.000195
4 0.993817 0.221258 0.012367 0.245472 0.000182
8 0.999935 0.922176 0.000130 0.116793 0.000167
4 0.648662 0.997910 0.112278 0.004179 0.000164
4 0.192690 0.930663 0.034810 0.138674 0.000154
4 0.242731 0.995931 0.117092 0.008138 0.000149
4 0.844687 0.997977 0.118214 0.004046 0.000148
4 0.192226 0.925302 0.058408 0.149397 0.000147
4 0.906909 0.997233 0.111740 0.005534 0.000140
8 1.000000 0.922378 0.000000 0.155245 0.000139
4 0.993276 0.933458 0.013447 0.133085 0.000137
8 0.999956 0.298477 0.000089 0.117079 0.000128
4 0.888318 0.998144 0.111820 0.003712 0.000126
4 0.010214 0.409724 0.020427 0.240288 0.000119
4 0.993336 0.255606 0.013327 0.242737 0.000111
4 0.918724 0.994414 0.114660 0.011172 0.000111
8 0.999855 0.263428 0.000289 0.135062 0.000111
4 0.191342 0.997303 0.123202 0.005393 0.000107
8 0.721781 0.200686 0.227295 0.401372 0.000101
4 0.302699 0.997174 0.139487 0.005651 0.000100
