2 0.203601 0.428916 0.079468 0.124383 0.955992
2 0.657756 0.508599 0.044798 0.167407 0.944209
2 0.795238 0.363135 0.043596 0.085203 0.928203
0 0.748951 0.312301 0.009391 0.043364 0.145172
2 0.286562 0.600171 0.113652 0.174946 0.018018
2 0.995926 0.513498 0.007966 0.055460 0.003573
2 0.646259 0.844813 0.036373 0.149377 0.000998
2 0.996972 0.509730 0.006056 0.069852 0.000389
2 0.994305 0.491752 0.011390 0.096712 0.000368
2 0.999805 0.506791 0.000389 0.063189 0.000349
2 0.110803 0.800273 0.028123 0.041311 0.000323
4 0.025753 0.364608 0.051507 0.390364 0.000300
0 0.996972 0.509730 0.006056 0.069852 0.000298
4 0.009504 0.355359 0.019008 0.436211 0.000269
0 0.467267 0.305325 0.006074 0.013087 0.000209
5 0.144893 0.675438 0.016478 0.037425 0.000189
0 0.751301 0.311383 0.011577 0.040889 0.000154
9 0.000000 0.423590 0.000000 0.085708 0.000140
0 0.995650 0.514323 0.008056 0.057477 0.000130
4 0.004530 0.447970 0.009061 0.165412 0.000129
0 0.646259 0.844813 0.036373 0.149377 0.000123
9 0.000000 0.437345 0.000000 0.077752 0.000114
4 0.018898 0.391319 0.036964 0.317764 0.000112
4 0.995933 0.511388 0.007822 0.054077 0.000110
2 0.165011 1.000000 0.048261 0.000000 0.000108
