9 0.847270 0.800898 0.085405 0.278291 0.967656
9 0.999949 0.766584 0.000102 0.141777 0.001141
6 0.847343 0.800720 0.084966 0.277098 0.000965
8 0.847343 0.800720 0.084966 0.277098 0.000892
4 0.847343 0.800720 0.084966 0.277098 0.000763
9 0.999989 0.794655 0.000022 0.110420 0.000573
8 0.008870 0.338338 0.016344 0.016715 0.000490
9 0.999970 0.835179 0.000061 0.159027 0.000422
3 0.847343 0.800720 0.084966 0.277098 0.000333
9 1.000000 0.731066 0.000000 0.145559 0.000285
9 0.998228 0.765622 0.003544 0.366952 0.000247
3 0.999970 0.835179 0.000061 0.159027 0.000232
2 0.004296 0.615009 0.008535 0.026652 0.000172
9 0.970758 0.623118 0.057314 0.434257 0.000161
9 0.998532 0.802702 0.002936 0.383039 0.000146
9 1.000000 0.684289 0.000000 0.139866 0.000146
0 0.847343 0.800720 0.084966 0.277098 0.000130
