2 0.226260 0.373949 0.101183 0.200963 0.954626
2 0.114195 0.415090 0.155832 0.095063 0.942832
2 0.064240 0.356065 0.024617 0.057021 0.903583
2 0.132659 0.397327 0.116743 0.101830 0.061239
2 0.075670 0.410280 0.077400 0.085559 0.001391
0 0.472036 0.316867 0.021577 0.106218 0.000761
2 0.136808 0.381152 0.084549 0.051515 0.000555
2 0.138632 0.398282 0.090558 0.081177 0.000541
0 0.177689 0.280715 0.011366 0.097036 0.000221
2 0.168371 0.397897 0.042547 0.063964 0.000180
2 0.121412 0.387547 0.111266 0.069883 0.000175
2 0.202910 0.392393 0.031321 0.128719 0.000173
2 0.116507 0.402209 0.117580 0.092000 0.000149
4 0.000240 0.987738 0.000479 0.024524 0.000146
8 0.999960 0.418876 0.000080 0.079454 0.000112
