3 0.250763 0.700754 0.119039 0.266699 0.954680
0 0.352614 0.549671 0.130794 0.699964 0.954138
3 0.935064 0.713429 0.129872 0.384272 0.948985
3 0.695204 0.668219 0.138201 0.407598 0.947134
3 0.498139 0.646885 0.103361 0.390606 0.947004
3 0.577257 0.530735 0.178020 0.140599 0.946662
3 0.810765 0.664418 0.132492 0.409725 0.921648
3 0.409288 0.647059 0.059674 0.375945 0.866490
3 0.571700 0.674255 0.111991 0.354238 0.855763
3 0.353259 0.551488 0.132209 0.695462 0.000498
3 0.533129 0.684825 0.034078 0.336268 0.000397
4 0.404370 0.649291 0.063571 0.374234 0.000347
6 0.862680 0.217332 0.081510 0.042384 0.000342
8 0.404370 0.649291 0.063571 0.374234 0.000285
0 0.577529 0.530887 0.179555 0.140443 0.000221
6 0.576652 0.530899 0.177276 0.142226 0.000220
8 0.001965 0.125301 0.003930 0.250602 0.000154
2 0.250776 0.701060 0.119487 0.266513 0.000144
8 0.002915 0.162613 0.005829 0.313507 0.000127
9 0.404370 0.649291 0.063571 0.374234 0.000125
4 0.577529 0.530887 0.179555 0.140443 0.000114
8 0.810287 0.663787 0.133239 0.410364 0.000113
8 0.003859 0.195514 0.007717 0.360017 0.000111
0 0.404370 0.649291 0.063571 0.374234 0.000110
0 0.002072 0.549587 0.004144 0.647218 0.000108
0 0.250776 0.701060 0.119487 0.266513 0.000105
9 0.000009 0.474794 0.000018 0.074147 0.000105
