0 0.066857 0.355699 0.056021 0.289251 0.948250
4 0.812293 0.279182 0.038025 0.026656 0.884573
4 0.141420 0.323650 0.016850 0.016557 0.093608
4 0.022319 0.256099 0.043872 0.512198 0.029729
4 0.318477 0.320866 0.021742 0.020161 0.003525
0 0.021842 0.310230 0.039973 0.611096 0.002951
4 0.021033 0.152272 0.041912 0.304197 0.001116
4 0.528173 0.306436 0.025649 0.018267 0.000917
0 0.007644 0.386715 0.015256 0.122579 0.000692
9 0.000000 0.370897 0.000000 0.075966 0.000395
9 0.000000 0.351033 0.000000 0.066752 0.000328
8 0.693237 0.673551 0.022492 0.051978 0.000212
8 0.023136 0.205097 0.044833 0.410194 0.000182
6 0.023136 0.205097 0.044833 0.410194 0.000124
9 0.000000 0.325925 0.000000 0.065012 0.000115
0 0.012346 0.415497 0.024692 0.184682 0.000112
0 0.899087 0.356253 0.017439 0.118714 0.000103
