2 0.604805 0.533598 0.082987 0.240557 0.957232
2 0.494124 0.404665 0.046130 0.057076 0.922711
2 0.695919 0.414831 0.034221 0.063008 0.917340
2 0.570305 0.390904 0.023022 0.032715 0.860286
2 0.663258 0.396375 0.017534 0.036226 0.842166
2 0.711066 0.384642 0.012931 0.036734 0.804010
2 0.643588 0.393092 0.015641 0.035683 0.796170
8 0.695721 0.414654 0.033902 0.063093 0.002383
2 0.996854 0.664611 0.006291 0.024251 0.000596
2 0.641249 0.388642 0.020641 0.043288 0.000152
2 0.710094 0.375785 0.014187 0.055338 0.000108
