0 0.451961 0.535293 0.244173 0.906922 0.963401
8 0.238249 0.143296 0.086501 0.060567 0.816998
8 0.027403 0.137505 0.054547 0.065790 0.756657
6 0.310549 0.679749 0.035689 0.042915 0.741751
6 0.337455 0.677669 0.029432 0.043390 0.705756
6 0.273714 0.682278 0.049849 0.048541 0.704640
8 0.208525 0.041644 0.116553 0.076089 0.641296
6 0.360853 0.676973 0.030304 0.040691 0.638470
6 0.519001 0.672713 0.035299 0.038942 0.379591
8 0.657960 0.072747 0.113791 0.082162 0.362340
6 0.380076 0.676944 0.022716 0.033255 0.006568
8 0.593085 0.163765 0.089923 0.054080 0.006486
6 0.374045 0.676730 0.029363 0.034252 0.003033
6 0.375601 0.679890 0.021765 0.032448 0.001153
6 0.012348 0.694934 0.024602 0.043809 0.001144
3 0.000000 0.619964 0.000000 0.230869 0.000678
9 0.000000 0.665437 0.000000 0.081021 0.000553
8 0.027338 0.000239 0.053467 0.000478 0.000518
6 0.238178 0.143391 0.086436 0.060923 0.000517
9 0.000000 0.645877 0.000000 0.081280 0.000443
9 0.000000 0.681508 0.000000 0.066081 0.000394
0 0.998137 0.697899 0.003726 0.238921 0.000349
3 0.011476 0.633605 0.022952 0.189302 0.000312
0 0.993726 0.705360 0.012548 0.211149 0.000293
0 0.992784 0.650744 0.014432 0.337885 0.000241
0 0.994295 0.564180 0.011409 0.866903 0.000226
9 0.000400 0.693492 0.000801 0.052549 0.000219
0 0.027397 0.137514 0.054794 0.066320 0.000181
9 0.000000 0.621726 0.000000 0.075546 0.000169
3 0.000000 0.655336 0.000000 0.174155 0.000155
8 0.000081 0.124138 0.000162 0.099283 0.000155
0 1.000000 0.702856 0.000000 0.225704 0.000148
9 0.999894 0.729904 0.000212 0.130630 0.000141
9 0.000219 0.703717 0.000438 0.070983 0.000141
6 0.027397 0.137514 0.054794 0.066320 0.000128
0 0.994782 0.528024 0.010436 0.590784 0.000118
0 0.299453 0.829472 0.032944 0.114222 0.000115
0 0.991221 0.723659 0.017557 0.175203 0.000107
2 0.012253 0.694974 0.024507 0.043009 0.000106
8 0.146324 0.000000 0.051958 0.000000 0.000103
