5 0.471597 0.403701 0.157377 0.285583 0.966403
5 0.019204 0.225953 0.038278 0.070612 0.909178
0 0.107694 0.207954 0.009654 0.048793 0.092373
4 0.234524 0.108186 0.015533 0.046157 0.006421
5 0.054354 0.207925 0.013453 0.047070 0.001162
5 0.001835 0.223889 0.003671 0.090126 0.000715
5 0.000000 0.234281 0.000000 0.053431 0.000341
9 0.000000 0.234281 0.000000 0.053431 0.000303
9 0.000052 0.246601 0.000104 0.081257 0.000266
2 0.600782 0.767671 0.038306 0.070591 0.000188
5 0.000000 0.218231 0.000000 0.049277 0.000180
5 0.000052 0.246601 0.000104 0.081257 0.000176
9 0.000077 0.261924 0.000155 0.101851 0.000158
4 0.019290 0.225856 0.038284 0.070603 0.000157
9 0.000000 0.218231 0.000000 0.049277 0.000156
5 0.000000 0.207812 0.000000 0.047549 0.000129
5 0.001154 0.239030 0.002308 0.115334 0.000107
9 0.999905 0.491922 0.000190 0.141438 0.000107
