0 0.602252 0.681049 0.126781 0.442549 0.959809
2 0.803173 0.789179 0.056205 0.043496 0.843711
0 0.461469 0.616520 0.008710 0.031731 0.667270
4 0.330535 0.718617 0.031034 0.029581 0.016468
2 0.330652 0.718813 0.031266 0.029544 0.007228
2 0.449567 0.134355 0.028835 0.042674 0.001282
3 0.330570 0.718610 0.031038 0.029538 0.000825
9 0.999554 0.976103 0.000893 0.047794 0.000624
7 0.540904 0.783821 0.029866 0.065052 0.000412
6 0.999855 0.960448 0.000290 0.079105 0.000411
6 0.426905 0.610513 0.021158 0.022174 0.000373
0 0.803126 0.789006 0.056369 0.044033 0.000353
9 0.646520 0.194000 0.013998 0.027708 0.000240
9 0.995170 0.986014 0.009660 0.027972 0.000209
6 0.990403 0.347514 0.019194 0.274758 0.000178
6 0.992165 0.320532 0.015671 0.225172 0.000146
4 0.999554 0.976103 0.000893 0.047794 0.000134
0 0.531479 0.179973 0.386608 0.359946 0.000122
6 0.999554 0.976103 0.000893 0.047794 0.000121
6 0.987383 0.417789 0.025233 0.362943 0.000114
9 1.000000 0.984224 0.000000 0.031551 0.000110
0 0.480225 0.619750 0.010681 0.027528 0.000104
