2 0.197793 0.348240 0.028876 0.055757 0.902215
2 0.225950 0.342995 0.027560 0.056199 0.901277
2 0.329599 0.329977 0.018563 0.036170 0.817572
2 0.380814 0.331366 0.019009 0.049620 0.603250
2 0.993516 0.510771 0.012057 0.085259 0.463582
2 0.615086 0.453635 0.126077 0.077376 0.367433
2 0.350434 0.331562 0.026377 0.054456 0.365656
2 0.396412 0.327572 0.018732 0.043522 0.106231
2 0.615223 0.494540 0.126903 0.159050 0.005263
2 0.993502 0.539125 0.011473 0.144644 0.003022
2 0.826497 0.415226 0.012788 0.039838 0.002711
0 0.993724 0.511031 0.011338 0.086508 0.002004
6 0.993609 0.511407 0.011995 0.087554 0.001002
4 0.993551 0.511214 0.011885 0.086866 0.000798
2 0.995451 0.514759 0.009099 0.095577 0.000666
2 0.982260 0.511280 0.034416 0.085485 0.000534
2 0.998371 0.514151 0.003259 0.102556 0.000493
3 0.993582 0.510590 0.012106 0.085663 0.000290
0 0.993667 0.542218 0.011619 0.149132 0.000261
6 0.994686 0.503223 0.010608 0.076768 0.000227
8 1.000000 0.081531 0.000000 0.115519 0.000212
8 1.000000 0.103074 0.000000 0.102741 0.000165
8 1.000000 0.055378 0.000000 0.104647 0.000145
8 1.000000 0.021722 0.000000 0.043444 0.000129
3 0.993667 0.542218 0.011619 0.149132 0.000125
9 0.993724 0.511031 0.011338 0.086508 0.000123
2 0.977339 0.519973 0.042592 0.108261 0.000120
0 0.995451 0.514759 0.009099 0.095577 0.000115
8 1.000000 0.122543 0.000000 0.094969 0.000109
5 0.993724 0.511031 0.011338 0.086508 0.000107
