8 0.402201 0.342296 0.056818 0.281669 0.963991
6 0.532221 0.449378 0.118786 0.119185 0.955827
8 0.263396 0.403001 0.035331 0.162684 0.945965
6 0.240985 0.476523 0.044667 0.056762 0.927607
0 0.183733 0.453869 0.073812 0.268165 0.912814
6 0.210150 0.469189 0.028417 0.039972 0.903543
6 0.111022 0.483600 0.023938 0.025380 0.827920
0 0.132590 0.480515 0.017902 0.038883 0.805487
0 0.080519 0.481009 0.007758 0.032528 0.772296
6 0.152914 0.471410 0.016126 0.023610 0.593440
8 0.124037 0.368224 0.039903 0.173046 0.358234
6 0.132649 0.479451 0.018173 0.038333 0.218234
8 0.195656 0.166935 0.092470 0.308549 0.180869
0 0.075025 0.480542 0.007429 0.024647 0.000701
0 0.301708 0.469334 0.006410 0.021147 0.000679
6 0.146194 0.672834 0.292387 0.586278 0.000303
8 0.003072 0.117677 0.006144 0.235353 0.000263
8 0.319219 0.247628 0.121800 0.479488 0.000220
4 0.150134 0.393250 0.012485 0.012632 0.000197
4 0.139941 0.000000 0.057215 0.000000 0.000196
0 0.299395 0.470679 0.007487 0.019590 0.000173
4 0.153135 0.472275 0.015696 0.023688 0.000169
4 0.150168 0.000000 0.063846 0.000000 0.000166
6 0.557292 0.615256 0.046607 0.099964 0.000154
5 0.152676 0.471827 0.015393 0.024368 0.000147
5 0.111023 0.484091 0.023512 0.026379 0.000135
2 0.557292 0.615256 0.046607 0.099964 0.000123
6 0.152842 0.481282 0.017831 0.042488 0.000117
8 0.003545 0.164954 0.007090 0.308470 0.000116
8 0.240975 0.476663 0.044895 0.056536 0.000114
8 0.218604 0.004549 0.045175 0.009098 0.000107
6 0.988801 0.001080 0.022399 0.002160 0.000105
11 0.532021 0.449383 0.118589 0.119003 0.000104
8 0.005689 0.111964 0.011378 0.223927 0.000101
