0 0.185021 0.540587 0.075774 0.291929 0.961941
0 0.439234 0.516065 0.079433 0.232230 0.958706
0 0.043304 0.555273 0.085790 0.314198 0.953320
0 0.594804 0.484963 0.061016 0.278126 0.948739
0 0.228379 0.551158 0.046507 0.147387 0.932445
0 0.066330 0.582854 0.012496 0.045906 0.854976
8 0.126101 0.401007 0.029682 0.043745 0.518623
5 0.228077 0.590594 0.051076 0.087587 0.320074
5 0.121130 0.557147 0.017398 0.023439 0.042791
5 0.066328 0.583980 0.012423 0.045547 0.031380
8 0.471653 0.360027 0.092286 0.532272 0.017083
3 0.228220 0.589605 0.051060 0.090098 0.010216
8 0.126959 0.503299 0.030244 0.247782 0.006564
8 0.493450 0.299468 0.045282 0.419121 0.000845
3 0.232012 0.597702 0.044773 0.073341 0.000797
0 0.227893 0.589122 0.050599 0.091244 0.000648
5 0.065097 0.586394 0.016305 0.044702 0.000516
5 0.207935 0.569206 0.093077 0.200889 0.000415
5 0.060261 0.543032 0.012496 0.017313 0.000375
5 0.228275 0.554089 0.047588 0.154554 0.000352
0 0.265438 0.377724 0.014962 0.050638 0.000342
5 0.042297 0.650002 0.084329 0.135433 0.000319
5 0.125687 0.499368 0.027676 0.240727 0.000194
9 0.000147 0.714174 0.000295 0.097198 0.000178
3 0.775726 0.650407 0.018906 0.081936 0.000175
0 0.207935 0.569206 0.093077 0.200889 0.000168
0 0.995941 0.531179 0.008117 0.839981 0.000162
5 0.000000 0.649054 0.000000 0.203341 0.000160
5 0.000206 0.522825 0.000411 0.081409 0.000139
5 0.023867 0.649702 0.047734 0.138043 0.000134
3 0.043100 0.555970 0.085588 0.315405 0.000128
3 0.756597 0.650095 0.027346 0.084345 0.000127
6 0.207935 0.569206 0.093077 0.200889 0.000122
4 0.991219 0.002095 0.017562 0.004190 0.000119
6 0.043100 0.555970 0.085588 0.315405 0.000114
5 0.000155 0.611056 0.000311 0.101956 0.000112
5 0.000149 0.537579 0.000298 0.087093 0.000103
6 0.000000 0.440181 0.000000 0.092262 0.000101
9 0.000000 0.440181 0.000000 0.092262 0.000101
