2 0.301062 0.443621 0.172139 0.253629 0.962429
4 0.150106 0.116561 0.014134 0.044302 0.000427
9 0.000000 0.503441 0.000000 0.072750 0.000406
9 0.000005 0.528703 0.000009 0.090053 0.000341
9 0.000000 0.489381 0.000000 0.075210 0.000281
9 0.000009 0.548921 0.000018 0.100697 0.000196
9 0.000000 0.475228 0.000000 0.080290 0.000175
3 0.000000 0.500476 0.000000 0.190202 0.000172
7 0.522695 0.205817 0.018301 0.048208 0.000155
7 0.521502 0.199493 0.019869 0.061673 0.000138
9 0.000000 0.423747 0.000000 0.107040 0.000137
9 0.000000 0.447828 0.000000 0.107543 0.000126
3 0.012875 0.529235 0.025751 0.183508 0.000120
