2 0.558499 0.584918 0.168367 0.242363 0.958755
2 0.399966 0.582980 0.119711 0.225477 0.948461
2 0.967862 0.409749 0.049974 0.167169 0.948402
2 0.830710 0.319889 0.032084 0.049367 0.008144
2 0.046081 0.271840 0.052973 0.081187 0.002888
2 0.362614 0.569355 0.045610 0.182372 0.000970
2 0.999909 0.801679 0.000181 0.118609 0.000838
2 0.992397 0.758516 0.015096 0.150113 0.000604
2 0.997433 0.826312 0.005135 0.082103 0.000414
4 0.153888 0.772116 0.022566 0.068232 0.000347
0 0.967918 0.409678 0.050182 0.167097 0.000311
2 0.999799 0.823412 0.000402 0.101894 0.000279
2 0.996954 0.783118 0.006092 0.086083 0.000264
2 0.993483 0.770703 0.013035 0.153068 0.000252
2 0.997418 0.802783 0.005163 0.054232 0.000219
2 0.998301 0.749429 0.003397 0.212980 0.000163
2 0.981581 0.733596 0.036837 0.175809 0.000111
2 0.991944 0.740394 0.016112 0.158473 0.000110
