2 0.321077 0.635241 0.136825 0.261635 0.955254
2 0.076544 0.658339 0.079757 0.136933 0.936706
0 0.223351 0.216923 0.011444 0.065677 0.000600
0 0.295295 0.183527 0.016494 0.063066 0.000238
4 0.596152 0.152361 0.288346 0.304722 0.000168
0 0.000000 0.626121 0.000000 0.271669 0.000159
7 0.302982 0.223092 0.007633 0.024864 0.000151
2 0.562117 0.587446 0.072642 0.077847 0.000145
0 0.000000 0.569294 0.000000 0.237215 0.000141
2 0.010556 0.354356 0.021111 0.231747 0.000141
2 0.000000 0.590213 0.000000 0.242365 0.000138
2 0.866361 0.460770 0.183934 0.674529 0.000130
0 0.310874 0.170521 0.009264 0.025475 0.000119
7 0.325706 0.170214 0.011030 0.026015 0.000111
2 0.011983 0.395373 0.023966 0.204330 0.000111
6 0.262329 0.247558 0.069105 0.077741 0.000106
2 0.000000 0.546809 0.000000 0.255829 0.000102
