0 0.715991 0.593021 0.143622 0.720384 0.964655
3 0.061825 0.766607 0.123651 0.431892 0.964511
3 0.354134 0.729335 0.060392 0.136888 0.960463
6 0.677234 0.757658 0.023334 0.036321 0.020361
8 0.385644 0.106711 0.104444 0.050633 0.008636
8 0.439888 0.214342 0.079594 0.035465 0.007553
8 0.670165 0.090524 0.096634 0.051992 0.003710
8 0.662041 0.204986 0.075119 0.031728 0.002446
4 0.573441 0.331321 0.031570 0.160761 0.000309
4 0.547423 0.354387 0.083546 0.204714 0.000131
9 0.000000 0.575352 0.000000 0.074008 0.000120
3 0.000000 0.794819 0.000000 0.365073 0.000119
6 0.649639 0.755672 0.041443 0.040017 0.000115
6 0.668857 0.757075 0.028529 0.040554 0.000107
9 0.000000 0.555332 0.000000 0.059582 0.000105
