4 0.787506 0.202230 0.037581 0.025432 0.908450
4 0.501882 0.214930 0.027682 0.024363 0.297490
0 0.035299 0.240309 0.041704 0.291598 0.054831
4 0.108182 0.212085 0.016748 0.016641 0.006995
4 0.290818 0.218860 0.020654 0.017861 0.003390
2 0.036386 0.239942 0.046049 0.290340 0.003151
2 0.273573 0.607045 0.031559 0.101946 0.001377
8 0.668366 0.588156 0.019437 0.044269 0.000280
2 0.668366 0.588156 0.019437 0.044269 0.000205
9 0.668366 0.588156 0.019437 0.044269 0.000177
8 0.036838 0.239873 0.044093 0.290985 0.000173
4 0.190387 0.288842 0.029944 0.119912 0.000168
