0 0.106629 0.540769 0.066435 0.203015 0.925216
5 0.129328 0.592491 0.129275 0.170842 0.836195
2 0.996488 0.437938 0.007015 0.047656 0.039126
8 0.179505 0.342741 0.050761 0.467263 0.017994
8 0.169137 0.365613 0.074375 0.510477 0.005784
5 0.996488 0.437938 0.007015 0.047656 0.003768
0 0.997530 0.437320 0.004939 0.050420 0.003736
4 0.996488 0.437938 0.007015 0.047656 0.002271
6 0.113593 0.566691 0.146705 0.188518 0.001509
3 0.996523 0.438359 0.006706 0.048665 0.001481
6 0.997530 0.437320 0.004939 0.050420 0.001228
3 0.997530 0.437320 0.004939 0.050420 0.001050
5 0.997530 0.437320 0.004939 0.050420 0.000985
6 0.169137 0.365613 0.074375 0.510477 0.000937
8 0.996488 0.437938 0.007015 0.047656 0.000923
9 0.996488 0.437938 0.007015 0.047656 0.000832
2 0.997530 0.437320 0.004939 0.050420 0.000808
0 0.996466 0.438176 0.007068 0.047524 0.000807
9 0.000030 0.579706 0.000061 0.067709 0.000793
5 0.068802 0.507196 0.010567 0.022565 0.000714
8 0.997530 0.437320 0.004939 0.050420 0.000665
0 0.996487 0.436204 0.007026 0.082784 0.000563
9 0.000047 0.556173 0.000094 0.044942 0.000547
6 0.996488 0.437938 0.007015 0.047656 0.000524
9 0.997530 0.437320 0.004939 0.050420 0.000498
9 0.000000 0.541461 0.000000 0.048377 0.000432
9 0.000040 0.594253 0.000080 0.079260 0.000418
2 0.999780 0.435400 0.000439 0.050759 0.000403
8 0.004009 0.098242 0.008019 0.196483 0.000320
5 0.999780 0.435400 0.000439 0.050759 0.000247
1 0.997530 0.437320 0.004939 0.050420 0.000219
4 0.997530 0.437320 0.004939 0.050420 0.000216
6 0.093086 0.549576 0.168512 0.190526 0.000202
11 0.997530 0.437320 0.004939 0.050420 0.000193
6 0.133162 0.546105 0.138787 0.231231 0.000189
1 0.996488 0.437938 0.007015 0.047656 0.000186
6 0.999780 0.435400 0.000439 0.050759 0.000183
8 0.003735 0.032855 0.007470 0.065710 0.000174
9 0.000072 0.525375 0.000145 0.050282 0.000172
0 0.729840 0.562122 0.507994 0.770061 0.000151
3 0.999780 0.435400 0.000439 0.050759 0.000147
9 0.999785 0.448498 0.000430 0.073221 0.000130
11 0.129328 0.592491 0.129275 0.170842 0.000128
0 0.169137 0.365613 0.074375 0.510477 0.000113
6 0.129722 0.591142 0.130218 0.173102 0.000111
10 0.996466 0.438176 0.007068 0.047524 0.000106
6 0.111283 0.529184 0.164754 0.213244 0.000106
2 0.999785 0.448498 0.000430 0.073221 0.000104
8 0.026117 0.154963 0.046034 0.309925 0.000102
