4 0.685857 0.368758 0.084305 0.144226 0.949774
6 0.248041 0.776078 0.248010 0.126933 0.938373
6 0.570366 0.794445 0.209738 0.153995 0.936954
0 0.801758 0.811641 0.031591 0.159266 0.935576
8 0.431286 0.668882 0.024234 0.290717 0.923823
0 0.846711 0.820575 0.025092 0.161346 0.922604
5 0.675871 0.937597 0.163827 0.124807 0.911421
5 0.952882 0.946362 0.092420 0.107276 0.873054
5 0.264602 0.942701 0.270624 0.114598 0.636669
5 0.121707 0.958340 0.243414 0.083320 0.401399
5 0.523733 0.929716 0.078094 0.140568 0.075907
4 0.859766 0.657055 0.018819 0.024109 0.063025
5 0.187170 0.959908 0.111537 0.080184 0.032992
5 0.579143 0.922421 0.204083 0.155158 0.021321
5 0.308682 0.942291 0.177309 0.115418 0.019201
6 0.993263 0.781620 0.013351 0.030738 0.014935
2 0.766802 0.975566 0.057061 0.048868 0.011682
5 0.444331 0.930313 0.239095 0.139374 0.010138
4 0.431216 0.669183 0.024411 0.291252 0.008703
5 0.392701 0.934201 0.342701 0.131598 0.007477
5 0.340329 0.942913 0.114336 0.114175 0.004409
5 0.563064 0.930285 0.154319 0.139430 0.002997
5 0.160096 0.959446 0.167430 0.081107 0.002097
6 0.991327 0.785513 0.017346 0.036139 0.001515
5 0.493832 0.929498 0.137867 0.141003 0.001116
6 0.578308 0.718131 0.028023 0.019123 0.000874
6 1.000000 0.778788 0.000000 0.043200 0.000825
9 0.999859 0.958960 0.000281 0.082080 0.000506
5 0.627626 0.934910 0.251092 0.130180 0.000467
5 0.511868 0.914562 0.130693 0.170876 0.000394
6 0.990716 0.879639 0.018569 0.238309 0.000373
6 0.992316 0.814966 0.015369 0.095866 0.000256
5 0.767922 0.937054 0.352831 0.125893 0.000248
9 0.987593 0.998333 0.024813 0.003334 0.000236
8 0.143993 0.177066 0.038367 0.054483 0.000234
5 0.121589 0.959128 0.166509 0.081744 0.000221
3 0.431430 0.669014 0.025201 0.290376 0.000215
6 0.976024 0.923387 0.047660 0.130148 0.000214
2 0.265362 0.942900 0.272234 0.114201 0.000210
5 0.977784 0.882783 0.043829 0.234434 0.000207
5 0.867864 0.932054 0.261868 0.135893 0.000206
5 0.768318 0.975512 0.058646 0.048976 0.000202
5 0.045893 0.958246 0.091785 0.083507 0.000200
6 0.510483 0.718407 0.071859 0.035551 0.000190
5 0.121902 0.900212 0.243803 0.199576 0.000186
6 0.991714 0.793892 0.016170 0.054031 0.000175
8 0.349005 0.000000 0.032130 0.000000 0.000174
6 0.994022 0.775003 0.011509 0.040118 0.000170
5 0.033723 0.951772 0.067445 0.096455 0.000165
8 0.004839 0.511220 0.009679 0.905382 0.000164
11 0.265362 0.942900 0.272234 0.114201 0.000162
6 0.999915 0.821764 0.000170 0.115630 0.000162
0 0.680725 0.937836 0.173897 0.124327 0.000157
5 0.748313 0.993972 0.092768 0.012057 0.000146
6 0.992979 0.771150 0.014043 0.049378 0.000139
5 0.986555 0.893324 0.026371 0.213352 0.000133
9 0.999098 0.981485 0.001805 0.037030 0.000132
6 0.988409 0.781380 0.022347 0.039448 0.000129
8 0.342913 0.000000 0.034444 0.000000 0.000128
8 0.004011 0.552752 0.008022 0.688404 0.000126
5 0.109146 0.970778 0.218292 0.058445 0.000125
8 0.990716 0.879639 0.018569 0.238309 0.000120
6 1.000000 0.766606 0.000000 0.061390 0.000119
8 1.000000 0.142710 0.000000 0.113610 0.000116
5 0.817240 0.960480 0.156386 0.079041 0.000114
5 0.473502 0.941893 0.187889 0.116214 0.000114
5 0.778628 0.975352 0.081362 0.049296 0.000113
6 0.986555 0.893324 0.026371 0.213352 0.000110
6 0.999859 0.958960 0.000281 0.082080 0.000109
8 0.378199 0.000000 0.030129 0.000000 0.000108
8 0.002705 0.125454 0.005409 0.235751 0.000108
9 0.431216 0.669183 0.024411 0.291252 0.000108
6 0.999576 0.926273 0.000847 0.139894 0.000105
5 0.570530 0.794388 0.209113 0.152595 0.000104
5 0.961152 0.888311 0.076705 0.223378 0.000103
8 1.000000 0.164870 0.000000 0.114787 0.000103
11 0.679256 0.936934 0.171335 0.126132 0.000102
