1 0.741052 0.396999 0.078899 0.132809 0.958240
2 0.092760 0.710950 0.024987 0.039418 0.904549
2 0.784819 0.396850 0.022668 0.050740 0.891136
2 0.285252 0.624076 0.026176 0.038458 0.884022
2 0.177863 0.664873 0.034398 0.050656 0.878970
2 0.870454 0.398746 0.023377 0.033558 0.800729
2 0.636357 0.473678 0.025494 0.048936 0.610761
2 0.486591 0.538106 0.018259 0.037834 0.022911
0 0.714662 0.390567 0.024043 0.046968 0.002163
2 0.996426 0.338671 0.007148 0.043135 0.002070
2 0.165792 0.647953 0.009378 0.017358 0.001336
2 0.999460 0.338011 0.001079 0.050171 0.001258
8 0.996968 0.340084 0.006064 0.047180 0.000407
8 0.195537 1.000000 0.067849 0.000000 0.000270
2 1.000000 0.328345 0.000000 0.072678 0.000264
2 0.754889 0.866377 0.102815 0.168218 0.000248
8 0.997114 0.334888 0.005773 0.041975 0.000151
0 0.784779 0.397039 0.022428 0.050370 0.000119
4 0.177998 0.664493 0.034317 0.051220 0.000117
0 0.140698 0.097824 0.013904 0.046798 0.000110
4 0.000203 0.984928 0.000407 0.030144 0.000109
3 0.741274 0.396948 0.078618 0.132811 0.000107
8 0.208139 1.000000 0.066409 0.000000 0.000104
4 0.996968 0.340084 0.006064 0.047180 0.000104
8 0.161381 1.000000 0.069148 0.000000 0.000102
2 0.698453 0.866317 0.096478 0.173670 0.000101
3 0.784819 0.396850 0.022668 0.050740 0.000100
