0 0.345073 0.518559 0.408506 0.962044 0.960115
6 0.272675 0.681323 0.050834 0.048596 0.872663
6 0.309109 0.680560 0.034200 0.042066 0.857095
6 0.468841 0.675681 0.042300 0.041678 0.824945
8 0.657501 0.073430 0.117659 0.082036 0.692126
6 0.509594 0.672957 0.050881 0.043186 0.617494
8 0.027303 0.136734 0.054532 0.064489 0.574606
8 0.592526 0.164154 0.092094 0.054933 0.525432
8 0.208429 0.042051 0.120582 0.082225 0.414485
8 0.238252 0.143698 0.085842 0.060522 0.358197
6 0.012830 0.695160 0.025659 0.041964 0.005159
0 0.998263 0.690597 0.003473 0.253551 0.001011
3 0.000000 0.625637 0.000000 0.223501 0.000712
3 0.012410 0.627491 0.024820 0.208815 0.000544
0 0.992023 0.641622 0.015955 0.357358 0.000533
2 0.012830 0.695160 0.025659 0.041964 0.000494
6 0.238162 0.143978 0.085590 0.060302 0.000461
3 0.012830 0.695160 0.025659 0.041964 0.000455
0 0.992384 0.707809 0.015232 0.206709 0.000430
8 0.028152 0.000532 0.055510 0.001064 0.000321
0 0.993744 0.666963 0.012513 0.293995 0.000294
9 0.000000 0.667506 0.000000 0.074111 0.000265
0 1.000000 0.700033 0.000000 0.232212 0.000239
8 0.304535 1.000000 0.045980 0.000000 0.000238
9 0.000169 0.684480 0.000338 0.056353 0.000233
6 0.361466 1.000000 0.060101 0.000000 0.000211
9 0.000000 0.653612 0.000000 0.080272 0.000208
0 0.996770 0.641991 0.006460 0.346244 0.000198
1 0.708542 0.264066 0.065635 0.015485 0.000181
9 0.001206 0.694017 0.002411 0.049570 0.000151
8 0.000242 0.125548 0.000484 0.101846 0.000149
8 0.035340 0.000000 0.060929 0.000000 0.000145
6 0.344806 0.515384 0.409445 0.954978 0.000139
0 0.989289 0.740382 0.021422 0.141224 0.000134
9 0.000000 0.631977 0.000000 0.077286 0.000133
8 0.313764 0.998085 0.052271 0.003830 0.000131
9 0.999835 0.737258 0.000330 0.123148 0.000128
0 0.998092 0.733160 0.003816 0.231294 0.000122
3 0.000000 0.667471 0.000000 0.227069 0.000122
0 0.089934 0.249677 0.026685 0.097988 0.000114
8 0.147260 0.000000 0.054526 0.000000 0.000107
3 0.019406 0.634486 0.038811 0.181846 0.000106
0 0.625262 0.588872 0.029726 0.137479 0.000106
8 0.915475 0.473121 0.062177 0.755497 0.000104
