2 0.805993 0.889067 0.087600 0.217513 0.945186
2 0.287836 0.597721 0.039144 0.073964 0.939881
2 0.480890 0.646487 0.030997 0.088788 0.930687
4 0.859186 0.573783 0.019616 0.062597 0.001549
8 0.362420 0.998343 0.081273 0.003315 0.000226
4 0.540448 0.438089 0.009744 0.022996 0.000211
2 0.877416 0.889088 0.231038 0.221823 0.000179
8 0.342701 0.998190 0.093210 0.003620 0.000164
10 0.643950 0.000000 0.042633 0.000000 0.000141
8 0.459166 0.998244 0.080449 0.003512 0.000112
4 0.000059 0.987950 0.000118 0.024100 0.000106
