0 0.894377 0.425047 0.024817 0.090861 0.922919
0 0.629359 0.479496 0.057357 0.307166 0.916162
0 0.284554 0.467927 0.025453 0.113167 0.915731
9 0.156221 0.480178 0.032992 0.046643 0.891077
7 0.562601 0.543995 0.007077 0.011653 0.081038
9 0.910671 0.428113 0.016077 0.032380 0.016398
3 0.756034 0.440141 0.031145 0.031438 0.012451
6 0.156350 0.480169 0.033036 0.046318 0.003193
4 0.156093 0.480215 0.032781 0.046066 0.001372
6 0.352395 0.438782 0.043505 0.022292 0.000960
3 0.156465 0.480186 0.033281 0.047127 0.000859
0 0.904391 0.407398 0.008486 0.053828 0.000779
2 0.399452 1.000000 0.042544 0.000000 0.000664
0 0.999977 0.428036 0.000045 0.073112 0.000603
8 0.999912 0.304901 0.000176 0.120598 0.000597
2 0.391882 1.000000 0.039356 0.000000 0.000560
2 0.411332 1.000000 0.040228 0.000000 0.000518
0 1.000000 0.440039 0.000000 0.110696 0.000516
2 0.562387 0.543933 0.007055 0.012204 0.000411
0 0.997690 0.398348 0.004620 0.031684 0.000379
8 1.000000 0.269728 0.000000 0.053014 0.000372
9 0.756201 0.440928 0.030945 0.029827 0.000286
2 0.423144 1.000000 0.035104 0.000000 0.000269
8 1.000000 0.260841 0.000000 0.045755 0.000245
2 0.229996 1.000000 0.033306 0.000000 0.000241
0 0.795621 0.697572 0.032362 0.097212 0.000230
2 0.380317 1.000000 0.039853 0.000000 0.000223
0 0.999874 0.415758 0.000253 0.070003 0.000218
2 0.568186 1.000000 0.035622 0.000000 0.000210
2 0.218091 1.000000 0.033541 0.000000 0.000201
2 0.580503 1.000000 0.033292 0.000000 0.000197
2 0.530903 1.000000 0.037189 0.000000 0.000196
2 0.561797 1.000000 0.035755 0.000000 0.000182
2 0.242580 1.000000 0.036394 0.000000 0.000181
2 0.586738 1.000000 0.032637 0.000000 0.000178
8 0.997756 0.264631 0.004487 0.035732 0.000176
2 0.542530 1.000000 0.036848 0.000000 0.000167
2 0.249808 1.000000 0.036362 0.000000 0.000160
8 1.000000 0.245727 0.000000 0.062122 0.000157
8 1.000000 0.290961 0.000000 0.125625 0.000155
0 0.000000 0.470942 0.000000 0.270903 0.000154
2 0.211522 1.000000 0.034540 0.000000 0.000150
0 0.997543 0.382601 0.004913 0.035594 0.000149
2 0.593246 1.000000 0.031336 0.000000 0.000147
2 0.894445 0.425289 0.024858 0.090953 0.000146
2 0.555406 1.000000 0.036596 0.000000 0.000145
0 0.997618 0.391000 0.004765 0.031736 0.000144
2 0.650018 1.000000 0.035019 0.000000 0.000143
8 1.000000 0.173134 0.000000 0.064568 0.000142
0 0.997812 0.406543 0.004375 0.030802 0.000141
0 0.999865 0.335212 0.000270 0.165043 0.000139
8 1.000000 0.160952 0.000000 0.068955 0.000137
8 1.000000 0.113273 0.000000 0.123129 0.000136
2 0.736938 1.000000 0.035592 0.000000 0.000134
6 0.182112 0.089950 0.029141 0.049084 0.000131
2 0.517585 1.000000 0.035316 0.000000 0.000121
8 1.000000 0.274300 0.000000 0.112183 0.000120
2 0.430799 1.000000 0.032362 0.000000 0.000120
2 0.073894 1.000000 0.040650 0.000000 0.000117
2 0.599217 1.000000 0.029917 0.000000 0.000116
2 0.661332 1.000000 0.036493 0.000000 0.000112
2 0.638499 1.000000 0.033022 0.000000 0.000111
2 0.261554 1.000000 0.035990 0.000000 0.000106
0 0.985283 0.391286 0.007739 0.022152 0.000105
2 0.499677 1.000000 0.032838 0.000000 0.000104
2 0.631759 1.000000 0.032352 0.000000 0.000103
0 0.990136 0.999722 0.019727 0.000556 0.000103
2 0.037143 1.000000 0.037622 0.000000 0.000102
2 0.367088 1.000000 0.037832 0.000000 0.000102
2 0.349452 1.000000 0.034613 0.000000 0.000100
