6 0.753771 0.571111 0.119324 0.239855 0.954806
0 0.046488 0.398944 0.041220 0.153210 0.943118
0 0.078660 0.403548 0.036062 0.133523 0.940662
8 0.715424 0.079085 0.024772 0.068224 0.926350
0 0.012915 0.397571 0.025703 0.139938 0.918428
8 0.125046 0.172925 0.012573 0.035555 0.016669
0 0.117853 0.399068 0.034312 0.090885 0.016226
6 0.836409 0.774671 0.064743 0.068213 0.001534
8 0.753963 0.570308 0.119533 0.239197 0.000921
3 0.753963 0.570308 0.119533 0.239197 0.000724
8 0.049015 0.127230 0.014309 0.040664 0.000478
0 0.753963 0.570308 0.119533 0.239197 0.000425
5 0.753963 0.570308 0.119533 0.239197 0.000257
11 0.753963 0.570308 0.119533 0.239197 0.000242
2 0.950425 0.439848 0.046494 0.087027 0.000213
4 0.753963 0.570308 0.119533 0.239197 0.000160
0 0.008316 0.393849 0.016631 0.138719 0.000157
0 0.000000 0.396328 0.000000 0.138771 0.000154
8 0.733205 0.000000 0.042727 0.000000 0.000144
1 0.753963 0.570308 0.119533 0.239197 0.000135
9 0.001211 0.393682 0.002421 0.102760 0.000120
8 0.741531 0.000000 0.047127 0.000000 0.000119
4 0.000275 0.978911 0.000549 0.042178 0.000118
2 0.435940 1.000000 0.051569 0.000000 0.000112
