0 0.386829 0.518569 0.402391 0.961621 0.949173
6 0.272438 0.683462 0.051286 0.051538 0.906009
8 0.592417 0.165176 0.093121 0.057922 0.881546
6 0.469338 0.674757 0.043517 0.039588 0.879062
6 0.508984 0.674606 0.048360 0.045953 0.875736
8 0.238343 0.144131 0.085497 0.059980 0.873555
6 0.310084 0.680456 0.034866 0.042358 0.871125
8 0.027711 0.137408 0.055421 0.064662 0.871047
8 0.208912 0.042392 0.118945 0.080610 0.867016
8 0.658038 0.073376 0.116807 0.075048 0.713764
6 0.012576 0.695103 0.025023 0.041684 0.117656
2 0.012588 0.694850 0.025176 0.041513 0.000659
3 0.000000 0.623078 0.000000 0.234360 0.000544
0 0.993470 0.704210 0.013060 0.213769 0.000489
0 0.992926 0.648081 0.014148 0.344769 0.000464
6 0.362830 1.000000 0.062919 0.000000 0.000394
0 0.998250 0.695564 0.003500 0.252817 0.000393
8 0.000252 0.126646 0.000504 0.107505 0.000389
8 0.029305 0.001293 0.057845 0.002585 0.000337
3 0.011652 0.628647 0.023305 0.212469 0.000332
8 0.314072 0.997898 0.058353 0.004204 0.000316
3 0.012588 0.694850 0.025176 0.041513 0.000307
8 0.304759 1.000000 0.045609 0.000000 0.000245
8 0.037370 0.000190 0.066409 0.000381 0.000221
6 0.238263 0.144091 0.085720 0.059990 0.000202
9 0.000000 0.668440 0.000000 0.068904 0.000199
9 0.000000 0.655108 0.000000 0.074939 0.000178
0 1.000000 0.700797 0.000000 0.235253 0.000176
9 0.000159 0.685509 0.000317 0.052668 0.000167
0 0.994032 0.526193 0.011936 0.825156 0.000152
0 0.990397 0.723073 0.019206 0.178012 0.000148
0 0.996854 0.659575 0.006291 0.314477 0.000137
1 0.238263 0.144091 0.085720 0.059990 0.000116
8 0.647729 0.008362 0.083531 0.016724 0.000115
9 0.999833 0.741561 0.000335 0.124337 0.000114
3 0.000000 0.674076 0.000000 0.223789 0.000114
0 0.173411 0.473095 0.028332 0.220975 0.000111
3 0.200279 0.796885 0.032696 0.123095 0.000106
0 0.697122 0.233064 0.035388 0.057029 0.000102
8 0.000256 0.146452 0.000512 0.104194 0.000101
8 0.001891 0.150377 0.003782 0.142157 0.000100
