3 0.264174 0.615150 0.092497 0.175340 0.964948
3 0.830974 0.531844 0.158005 0.391766 0.954357
3 0.020190 0.648509 0.040282 0.258496 0.907702
8 0.121945 0.025128 0.031834 0.037319 0.029953
3 0.000000 0.660726 0.000000 0.256560 0.003189
3 0.000000 0.717177 0.000000 0.270059 0.000462
4 0.336575 0.996596 0.116618 0.006808 0.000414
3 0.019628 0.713560 0.039256 0.127233 0.000359
9 0.000000 0.554047 0.000000 0.073559 0.000279
0 0.640311 0.322634 0.310168 0.645269 0.000243
4 0.983341 0.999916 0.033319 0.000168 0.000234
3 0.000000 0.550472 0.000000 0.263295 0.000224
9 0.000000 0.682745 0.000000 0.149466 0.000203
9 0.000000 0.655196 0.000000 0.100921 0.000171
9 0.000000 0.572034 0.000000 0.111275 0.000168
9 0.000000 0.712823 0.000000 0.118798 0.000168
3 0.929573 0.708292 0.140854 0.569670 0.000155
3 0.066569 0.637017 0.133138 0.308449 0.000146
0 0.000000 0.635919 0.000000 0.284688 0.000139
9 0.000000 0.541118 0.000000 0.051174 0.000136
3 0.158327 0.712074 0.044642 0.112344 0.000130
9 0.999900 0.565006 0.000199 0.159146 0.000126
9 0.000000 0.732760 0.000000 0.095792 0.000123
3 0.000000 0.682745 0.000000 0.149466 0.000112
4 0.122068 0.025689 0.031915 0.036603 0.000108
3 0.000000 0.712823 0.000000 0.118798 0.000108
6 0.950119 0.193878 0.056813 0.080467 0.000107
9 0.000000 0.622107 0.000000 0.159234 0.000106
10 0.122068 0.025689 0.031915 0.036603 0.000104
