0 0.506210 0.434499 0.074353 0.311091 0.953699
3 0.170002 0.485623 0.046943 0.034732 0.895728
9 0.403927 0.435914 0.028629 0.041240 0.705727
7 0.789131 0.450172 0.007303 0.012006 0.066350
0 0.377488 0.403807 0.007923 0.032037 0.011345
6 0.447938 0.399175 0.068094 0.035364 0.010022
4 0.144383 0.441167 0.017250 0.029171 0.004455
6 0.584681 0.367706 0.049356 0.023118 0.001405
4 0.479246 0.348661 0.008092 0.015873 0.000718
0 0.399078 0.406674 0.009750 0.017673 0.000598
0 0.375860 0.404892 0.008821 0.035116 0.000514
6 0.342075 0.417189 0.048129 0.021897 0.000446
0 0.378546 0.406228 0.008268 0.032618 0.000422
7 0.791354 0.447431 0.010764 0.017485 0.000307
6 0.447716 0.412394 0.072364 0.061959 0.000280
2 0.461685 1.000000 0.034920 0.000000 0.000242
2 0.518971 0.832289 0.057024 0.099601 0.000238
8 1.000000 0.160806 0.000000 0.151379 0.000230
9 0.407275 0.433146 0.021251 0.041462 0.000200
2 0.468018 1.000000 0.034982 0.000000 0.000195
2 0.450722 1.000000 0.036217 0.000000 0.000195
2 0.719430 1.000000 0.032015 0.000000 0.000192
2 0.725420 1.000000 0.033368 0.000000 0.000191
0 0.378516 0.411683 0.009119 0.036484 0.000190
2 0.511375 1.000000 0.035367 0.000000 0.000179
2 0.504170 1.000000 0.036118 0.000000 0.000177
2 0.518937 1.000000 0.033337 0.000000 0.000175
2 0.443519 1.000000 0.034146 0.000000 0.000166
2 0.755117 1.000000 0.036324 0.000000 0.000165
2 0.354560 1.000000 0.040607 0.000000 0.000161
9 0.144785 0.442663 0.015748 0.030577 0.000159
4 0.403893 0.436110 0.029000 0.042925 0.000158
2 0.436546 1.000000 0.031487 0.000000 0.000156
2 0.525460 1.000000 0.031725 0.000000 0.000153
2 0.493270 1.000000 0.035421 0.000000 0.000151
2 0.713559 1.000000 0.030326 0.000000 0.000151
2 0.762023 1.000000 0.036707 0.000000 0.000147
2 0.767558 0.867855 0.024638 0.042031 0.000146
2 0.531375 1.000000 0.031983 0.000000 0.000138
2 0.430579 1.000000 0.032274 0.000000 0.000135
2 0.474599 1.000000 0.033349 0.000000 0.000134
0 0.990079 0.999810 0.019841 0.000381 0.000133
2 0.768383 1.000000 0.035853 0.000000 0.000132
2 0.737159 1.000000 0.036656 0.000000 0.000132
2 0.537819 1.000000 0.031626 0.000000 0.000127
2 0.650989 1.000000 0.031150 0.000000 0.000126
0 0.400247 0.410863 0.013049 0.016586 0.000123
2 0.481872 1.000000 0.033575 0.000000 0.000121
6 0.403893 0.436110 0.029000 0.042925 0.000121
0 0.000000 0.500303 0.000000 0.269586 0.000116
2 0.668649 1.000000 0.032323 0.000000 0.000115
2 0.706870 1.000000 0.029919 0.000000 0.000114
2 0.657082 1.000000 0.032197 0.000000 0.000112
2 0.645113 1.000000 0.028976 0.000000 0.000112
2 0.778216 0.866378 0.012591 0.038322 0.000109
2 0.543744 1.000000 0.031209 0.000000 0.000108
2 0.325510 0.132425 0.038973 0.097274 0.000104
2 0.780620 1.000000 0.035465 0.000000 0.000101
